#################################################################
# Digitisation parameter for STS
# For geometry file sts_standard.geo
# 2 pixel stations, 6 strip stations, scheme GSI
#
# Format:
# StationNr global_rot nSectors
# sect iType x0        y0       angle    lx       ly      dx       dy     stereo
#################################################################
[CbmStsDigiPar]
1   0         4
  1     1   10.900     7.650        0   24.40    12.70   0.0050   0.0050       0
  2     1   12.200    -6.350       90   15.30    21.80   0.0050   0.0050       0
  3     1  -10.900    -7.650      180   24.40    12.70   0.0050   0.0050       0
  4     1  -12.200     6.350      270   15.30    21.80   0.0050   0.0050       0
2   0         4
  1     1   12.750     8.950        0   28.50    14.80   0.0050   0.0050       0
  2     1   14.250    -7.400       90   17.90    25.50   0.0050   0.0050       0
  3     1  -12.750    -8.950      180   28.50    14.80   0.0050   0.0050       0
  4     1  -14.250     7.400      270   17.90    25.50   0.0050   0.0050       0
3   0        96
  1     3    3.900     1.000        0    4.20     2.00   0.0060   0.0000      15
  2     3    3.000     4.000        0    6.00     4.00   0.0060   0.0000      15
  3     3    3.000    10.000        0    6.00     8.00   0.0060   0.0000      15
  4     3    3.000    18.000        0    6.00     8.00   0.0060   0.0000      15
  5     3    9.000     1.000        0    6.00     2.00   0.0060   0.0000      15
  6     3    9.000     4.000        0    6.00     4.00   0.0060   0.0000      15
  7     3    9.000    10.000        0    6.00     8.00   0.0060   0.0000      15
  8     3    9.000    18.000        0    6.00     8.00   0.0060   0.0000      15
  9     3   15.000     1.000        0    6.00     2.00   0.0060   0.0000      15
 10     3   15.000     4.000        0    6.00     4.00   0.0060   0.0000      15
 11     3   15.000    10.000        0    6.00     8.00   0.0060   0.0000      15
 12     3   15.000    18.000        0    6.00     8.00   0.0060   0.0000      15
 13     3   21.000     1.000        0    6.00     2.00   0.0060   0.0000      15
 14     3   21.000     4.000        0    6.00     4.00   0.0060   0.0000      15
 15     3   21.000    10.000        0    6.00     8.00   0.0060   0.0000      15
 16     3   21.000    18.000        0    6.00     8.00   0.0060   0.0000      15
 17     3   27.000     1.000        0    6.00     2.00   0.0060   0.0000      15
 18     3   27.000     4.000        0    6.00     4.00   0.0060   0.0000      15
 19     3   27.000    10.000        0    6.00     8.00   0.0060   0.0000      15
 20     3   27.000    18.000        0    6.00     8.00   0.0060   0.0000      15
 21     3   33.000     1.000        0    6.00     2.00   0.0060   0.0000      15
 22     3   33.000     4.000        0    6.00     4.00   0.0060   0.0000      15
 23     3   33.000    10.000        0    6.00     8.00   0.0060   0.0000      15
 24     3   33.000    18.000        0    6.00     8.00   0.0060   0.0000      15
 25     3   -3.900     1.000        0    4.20     2.00   0.0060   0.0000      15
 26     3   -3.000     4.000        0    6.00     4.00   0.0060   0.0000      15
 27     3   -3.000    10.000        0    6.00     8.00   0.0060   0.0000      15
 28     3   -3.000    18.000        0    6.00     8.00   0.0060   0.0000      15
 29     3   -9.000     1.000        0    6.00     2.00   0.0060   0.0000      15
 30     3   -9.000     4.000        0    6.00     4.00   0.0060   0.0000      15
 31     3   -9.000    10.000        0    6.00     8.00   0.0060   0.0000      15
 32     3   -9.000    18.000        0    6.00     8.00   0.0060   0.0000      15
 33     3  -15.000     1.000        0    6.00     2.00   0.0060   0.0000      15
 34     3  -15.000     4.000        0    6.00     4.00   0.0060   0.0000      15
 35     3  -15.000    10.000        0    6.00     8.00   0.0060   0.0000      15
 36     3  -15.000    18.000        0    6.00     8.00   0.0060   0.0000      15
 37     3  -21.000     1.000        0    6.00     2.00   0.0060   0.0000      15
 38     3  -21.000     4.000        0    6.00     4.00   0.0060   0.0000      15
 39     3  -21.000    10.000        0    6.00     8.00   0.0060   0.0000      15
 40     3  -21.000    18.000        0    6.00     8.00   0.0060   0.0000      15
 41     3  -27.000     1.000        0    6.00     2.00   0.0060   0.0000      15
 42     3  -27.000     4.000        0    6.00     4.00   0.0060   0.0000      15
 43     3  -27.000    10.000        0    6.00     8.00   0.0060   0.0000      15
 44     3  -27.000    18.000        0    6.00     8.00   0.0060   0.0000      15
 45     3  -33.000     1.000        0    6.00     2.00   0.0060   0.0000      15
 46     3  -33.000     4.000        0    6.00     4.00   0.0060   0.0000      15
 47     3  -33.000    10.000        0    6.00     8.00   0.0060   0.0000      15
 48     3  -33.000    18.000        0    6.00     8.00   0.0060   0.0000      15
 49     3    3.900    -1.000      180    4.20     2.00   0.0060   0.0000      15
 50     3    3.000    -4.000      180    6.00     4.00   0.0060   0.0000      15
 51     3    3.000   -10.000      180    6.00     8.00   0.0060   0.0000      15
 52     3    3.000   -18.000      180    6.00     8.00   0.0060   0.0000      15
 53     3    9.000    -1.000      180    6.00     2.00   0.0060   0.0000      15
 54     3    9.000    -4.000      180    6.00     4.00   0.0060   0.0000      15
 55     3    9.000   -10.000      180    6.00     8.00   0.0060   0.0000      15
 56     3    9.000   -18.000      180    6.00     8.00   0.0060   0.0000      15
 57     3   15.000    -1.000      180    6.00     2.00   0.0060   0.0000      15
 58     3   15.000    -4.000      180    6.00     4.00   0.0060   0.0000      15
 59     3   15.000   -10.000      180    6.00     8.00   0.0060   0.0000      15
 60     3   15.000   -18.000      180    6.00     8.00   0.0060   0.0000      15
 61     3   21.000    -1.000      180    6.00     2.00   0.0060   0.0000      15
 62     3   21.000    -4.000      180    6.00     4.00   0.0060   0.0000      15
 63     3   21.000   -10.000      180    6.00     8.00   0.0060   0.0000      15
 64     3   21.000   -18.000      180    6.00     8.00   0.0060   0.0000      15
 65     3   27.000    -1.000      180    6.00     2.00   0.0060   0.0000      15
 66     3   27.000    -4.000      180    6.00     4.00   0.0060   0.0000      15
 67     3   27.000   -10.000      180    6.00     8.00   0.0060   0.0000      15
 68     3   27.000   -18.000      180    6.00     8.00   0.0060   0.0000      15
 69     3   33.000    -1.000      180    6.00     2.00   0.0060   0.0000      15
 70     3   33.000    -4.000      180    6.00     4.00   0.0060   0.0000      15
 71     3   33.000   -10.000      180    6.00     8.00   0.0060   0.0000      15
 72     3   33.000   -18.000      180    6.00     8.00   0.0060   0.0000      15
 73     3   -3.900    -1.000      180    4.20     2.00   0.0060   0.0000      15
 74     3   -3.000    -4.000      180    6.00     4.00   0.0060   0.0000      15
 75     3   -3.000   -10.000      180    6.00     8.00   0.0060   0.0000      15
 76     3   -3.000   -18.000      180    6.00     8.00   0.0060   0.0000      15
 77     3   -9.000    -1.000      180    6.00     2.00   0.0060   0.0000      15
 78     3   -9.000    -4.000      180    6.00     4.00   0.0060   0.0000      15
 79     3   -9.000   -10.000      180    6.00     8.00   0.0060   0.0000      15
 80     3   -9.000   -18.000      180    6.00     8.00   0.0060   0.0000      15
 81     3  -15.000    -1.000      180    6.00     2.00   0.0060   0.0000      15
 82     3  -15.000    -4.000      180    6.00     4.00   0.0060   0.0000      15
 83     3  -15.000   -10.000      180    6.00     8.00   0.0060   0.0000      15
 84     3  -15.000   -18.000      180    6.00     8.00   0.0060   0.0000      15
 85     3  -21.000    -1.000      180    6.00     2.00   0.0060   0.0000      15
 86     3  -21.000    -4.000      180    6.00     4.00   0.0060   0.0000      15
 87     3  -21.000   -10.000      180    6.00     8.00   0.0060   0.0000      15
 88     3  -21.000   -18.000      180    6.00     8.00   0.0060   0.0000      15
 89     3  -27.000    -1.000      180    6.00     2.00   0.0060   0.0000      15
 90     3  -27.000    -4.000      180    6.00     4.00   0.0060   0.0000      15
 91     3  -27.000   -10.000      180    6.00     8.00   0.0060   0.0000      15
 92     3  -27.000   -18.000      180    6.00     8.00   0.0060   0.0000      15
 93     3  -33.000    -1.000      180    6.00     2.00   0.0060   0.0000      15
 94     3  -33.000    -4.000      180    6.00     4.00   0.0060   0.0000      15
 95     3  -33.000   -10.000      180    6.00     8.00   0.0060   0.0000      15
 96     3  -33.000   -18.000      180    6.00     8.00   0.0060   0.0000      15
4   0       112
  1     3    4.100     1.000        0    3.80     2.00   0.0060   0.0000      15
  2     3    3.000     4.000        0    6.00     4.00   0.0060   0.0000      15
  3     3    3.000    10.000        0    6.00     8.00   0.0060   0.0000      15
  4     3    3.000    20.000        0    6.00    12.00   0.0060   0.0000      15
  5     3    9.000     1.000        0    6.00     2.00   0.0060   0.0000      15
  6     3    9.000     4.000        0    6.00     4.00   0.0060   0.0000      15
  7     3    9.000    10.000        0    6.00     8.00   0.0060   0.0000      15
  8     3    9.000    20.000        0    6.00    12.00   0.0060   0.0000      15
  9     3   15.000     1.000        0    6.00     2.00   0.0060   0.0000      15
 10     3   15.000     4.000        0    6.00     4.00   0.0060   0.0000      15
 11     3   15.000    10.000        0    6.00     8.00   0.0060   0.0000      15
 12     3   15.000    20.000        0    6.00    12.00   0.0060   0.0000      15
 13     3   21.000     1.000        0    6.00     2.00   0.0060   0.0000      15
 14     3   21.000     4.000        0    6.00     4.00   0.0060   0.0000      15
 15     3   21.000    10.000        0    6.00     8.00   0.0060   0.0000      15
 16     3   21.000    20.000        0    6.00    12.00   0.0060   0.0000      15
 17     3   27.000     1.000        0    6.00     2.00   0.0060   0.0000      15
 18     3   27.000     4.000        0    6.00     4.00   0.0060   0.0000      15
 19     3   27.000    10.000        0    6.00     8.00   0.0060   0.0000      15
 20     3   27.000    20.000        0    6.00    12.00   0.0060   0.0000      15
 21     3   33.000     1.000        0    6.00     2.00   0.0060   0.0000      15
 22     3   33.000     4.000        0    6.00     4.00   0.0060   0.0000      15
 23     3   33.000    10.000        0    6.00     8.00   0.0060   0.0000      15
 24     3   33.000    20.000        0    6.00    12.00   0.0060   0.0000      15
 25     3   39.000     1.000        0    6.00     2.00   0.0060   0.0000      15
 26     3   39.000     4.000        0    6.00     4.00   0.0060   0.0000      15
 27     3   39.000    10.000        0    6.00     8.00   0.0060   0.0000      15
 28     3   39.000    20.000        0    6.00    12.00   0.0060   0.0000      15
 29     3   -4.100     1.000        0    3.80     2.00   0.0060   0.0000      15
 30     3   -3.000     4.000        0    6.00     4.00   0.0060   0.0000      15
 31     3   -3.000    10.000        0    6.00     8.00   0.0060   0.0000      15
 32     3   -3.000    20.000        0    6.00    12.00   0.0060   0.0000      15
 33     3   -9.000     1.000        0    6.00     2.00   0.0060   0.0000      15
 34     3   -9.000     4.000        0    6.00     4.00   0.0060   0.0000      15
 35     3   -9.000    10.000        0    6.00     8.00   0.0060   0.0000      15
 36     3   -9.000    20.000        0    6.00    12.00   0.0060   0.0000      15
 37     3  -15.000     1.000        0    6.00     2.00   0.0060   0.0000      15
 38     3  -15.000     4.000        0    6.00     4.00   0.0060   0.0000      15
 39     3  -15.000    10.000        0    6.00     8.00   0.0060   0.0000      15
 40     3  -15.000    20.000        0    6.00    12.00   0.0060   0.0000      15
 41     3  -21.000     1.000        0    6.00     2.00   0.0060   0.0000      15
 42     3  -21.000     4.000        0    6.00     4.00   0.0060   0.0000      15
 43     3  -21.000    10.000        0    6.00     8.00   0.0060   0.0000      15
 44     3  -21.000    20.000        0    6.00    12.00   0.0060   0.0000      15
 45     3  -27.000     1.000        0    6.00     2.00   0.0060   0.0000      15
 46     3  -27.000     4.000        0    6.00     4.00   0.0060   0.0000      15
 47     3  -27.000    10.000        0    6.00     8.00   0.0060   0.0000      15
 48     3  -27.000    20.000        0    6.00    12.00   0.0060   0.0000      15
 49     3  -33.000     1.000        0    6.00     2.00   0.0060   0.0000      15
 50     3  -33.000     4.000        0    6.00     4.00   0.0060   0.0000      15
 51     3  -33.000    10.000        0    6.00     8.00   0.0060   0.0000      15
 52     3  -33.000    20.000        0    6.00    12.00   0.0060   0.0000      15
 53     3  -39.000     1.000        0    6.00     2.00   0.0060   0.0000      15
 54     3  -39.000     4.000        0    6.00     4.00   0.0060   0.0000      15
 55     3  -39.000    10.000        0    6.00     8.00   0.0060   0.0000      15
 56     3  -39.000    20.000        0    6.00    12.00   0.0060   0.0000      15
 57     3    4.100    -1.000      180    3.80     2.00   0.0060   0.0000      15
 58     3    3.000    -4.000      180    6.00     4.00   0.0060   0.0000      15
 59     3    3.000   -10.000      180    6.00     8.00   0.0060   0.0000      15
 60     3    3.000   -20.000      180    6.00    12.00   0.0060   0.0000      15
 61     3    9.000    -1.000      180    6.00     2.00   0.0060   0.0000      15
 62     3    9.000    -4.000      180    6.00     4.00   0.0060   0.0000      15
 63     3    9.000   -10.000      180    6.00     8.00   0.0060   0.0000      15
 64     3    9.000   -20.000      180    6.00    12.00   0.0060   0.0000      15
 65     3   15.000    -1.000      180    6.00     2.00   0.0060   0.0000      15
 66     3   15.000    -4.000      180    6.00     4.00   0.0060   0.0000      15
 67     3   15.000   -10.000      180    6.00     8.00   0.0060   0.0000      15
 68     3   15.000   -20.000      180    6.00    12.00   0.0060   0.0000      15
 69     3   21.000    -1.000      180    6.00     2.00   0.0060   0.0000      15
 70     3   21.000    -4.000      180    6.00     4.00   0.0060   0.0000      15
 71     3   21.000   -10.000      180    6.00     8.00   0.0060   0.0000      15
 72     3   21.000   -20.000      180    6.00    12.00   0.0060   0.0000      15
 73     3   27.000    -1.000      180    6.00     2.00   0.0060   0.0000      15
 74     3   27.000    -4.000      180    6.00     4.00   0.0060   0.0000      15
 75     3   27.000   -10.000      180    6.00     8.00   0.0060   0.0000      15
 76     3   27.000   -20.000      180    6.00    12.00   0.0060   0.0000      15
 77     3   33.000    -1.000      180    6.00     2.00   0.0060   0.0000      15
 78     3   33.000    -4.000      180    6.00     4.00   0.0060   0.0000      15
 79     3   33.000   -10.000      180    6.00     8.00   0.0060   0.0000      15
 80     3   33.000   -20.000      180    6.00    12.00   0.0060   0.0000      15
 81     3   39.000    -1.000      180    6.00     2.00   0.0060   0.0000      15
 82     3   39.000    -4.000      180    6.00     4.00   0.0060   0.0000      15
 83     3   39.000   -10.000      180    6.00     8.00   0.0060   0.0000      15
 84     3   39.000   -20.000      180    6.00    12.00   0.0060   0.0000      15
 85     3   -4.100    -1.000      180    3.80     2.00   0.0060   0.0000      15
 86     3   -3.000    -4.000      180    6.00     4.00   0.0060   0.0000      15
 87     3   -3.000   -10.000      180    6.00     8.00   0.0060   0.0000      15
 88     3   -3.000   -20.000      180    6.00    12.00   0.0060   0.0000      15
 89     3   -9.000    -1.000      180    6.00     2.00   0.0060   0.0000      15
 90     3   -9.000    -4.000      180    6.00     4.00   0.0060   0.0000      15
 91     3   -9.000   -10.000      180    6.00     8.00   0.0060   0.0000      15
 92     3   -9.000   -20.000      180    6.00    12.00   0.0060   0.0000      15
 93     3  -15.000    -1.000      180    6.00     2.00   0.0060   0.0000      15
 94     3  -15.000    -4.000      180    6.00     4.00   0.0060   0.0000      15
 95     3  -15.000   -10.000      180    6.00     8.00   0.0060   0.0000      15
 96     3  -15.000   -20.000      180    6.00    12.00   0.0060   0.0000      15
 97     3  -21.000    -1.000      180    6.00     2.00   0.0060   0.0000      15
 98     3  -21.000    -4.000      180    6.00     4.00   0.0060   0.0000      15
 99     3  -21.000   -10.000      180    6.00     8.00   0.0060   0.0000      15
100     3  -21.000   -20.000      180    6.00    12.00   0.0060   0.0000      15
101     3  -27.000    -1.000      180    6.00     2.00   0.0060   0.0000      15
102     3  -27.000    -4.000      180    6.00     4.00   0.0060   0.0000      15
103     3  -27.000   -10.000      180    6.00     8.00   0.0060   0.0000      15
104     3  -27.000   -20.000      180    6.00    12.00   0.0060   0.0000      15
105     3  -33.000    -1.000      180    6.00     2.00   0.0060   0.0000      15
106     3  -33.000    -4.000      180    6.00     4.00   0.0060   0.0000      15
107     3  -33.000   -10.000      180    6.00     8.00   0.0060   0.0000      15
108     3  -33.000   -20.000      180    6.00    12.00   0.0060   0.0000      15
109     3  -39.000    -1.000      180    6.00     2.00   0.0060   0.0000      15
110     3  -39.000    -4.000      180    6.00     4.00   0.0060   0.0000      15
111     3  -39.000   -10.000      180    6.00     8.00   0.0060   0.0000      15
112     3  -39.000   -20.000      180    6.00    12.00   0.0060   0.0000      15
5   0       160
  1     3    4.350     1.000        0    3.30     2.00   0.0060   0.0000      15
  2     3    3.000     3.000        0    6.00     2.00   0.0060   0.0000      15
  3     3    3.000     6.000        0    6.00     4.00   0.0060   0.0000      15
  4     3    3.000    12.000        0    6.00     8.00   0.0060   0.0000      15
  5     3    3.000    22.000        0    6.00    12.00   0.0060   0.0000      15
  6     3    9.000     1.000        0    6.00     2.00   0.0060   0.0000      15
  7     3    9.000     3.000        0    6.00     2.00   0.0060   0.0000      15
  8     3    9.000     6.000        0    6.00     4.00   0.0060   0.0000      15
  9     3    9.000    12.000        0    6.00     8.00   0.0060   0.0000      15
 10     3    9.000    22.000        0    6.00    12.00   0.0060   0.0000      15
 11     3   15.000     1.000        0    6.00     2.00   0.0060   0.0000      15
 12     3   15.000     3.000        0    6.00     2.00   0.0060   0.0000      15
 13     3   15.000     6.000        0    6.00     4.00   0.0060   0.0000      15
 14     3   15.000    12.000        0    6.00     8.00   0.0060   0.0000      15
 15     3   15.000    22.000        0    6.00    12.00   0.0060   0.0000      15
 16     3   21.000     1.000        0    6.00     2.00   0.0060   0.0000      15
 17     3   21.000     3.000        0    6.00     2.00   0.0060   0.0000      15
 18     3   21.000     6.000        0    6.00     4.00   0.0060   0.0000      15
 19     3   21.000    12.000        0    6.00     8.00   0.0060   0.0000      15
 20     3   21.000    22.000        0    6.00    12.00   0.0060   0.0000      15
 21     3   27.000     1.000        0    6.00     2.00   0.0060   0.0000      15
 22     3   27.000     3.000        0    6.00     2.00   0.0060   0.0000      15
 23     3   27.000     6.000        0    6.00     4.00   0.0060   0.0000      15
 24     3   27.000    12.000        0    6.00     8.00   0.0060   0.0000      15
 25     3   27.000    22.000        0    6.00    12.00   0.0060   0.0000      15
 26     3   33.000     1.000        0    6.00     2.00   0.0060   0.0000      15
 27     3   33.000     3.000        0    6.00     2.00   0.0060   0.0000      15
 28     3   33.000     6.000        0    6.00     4.00   0.0060   0.0000      15
 29     3   33.000    12.000        0    6.00     8.00   0.0060   0.0000      15
 30     3   33.000    22.000        0    6.00    12.00   0.0060   0.0000      15
 31     3   39.000     1.000        0    6.00     2.00   0.0060   0.0000      15
 32     3   39.000     3.000        0    6.00     2.00   0.0060   0.0000      15
 33     3   39.000     6.000        0    6.00     4.00   0.0060   0.0000      15
 34     3   39.000    12.000        0    6.00     8.00   0.0060   0.0000      15
 35     3   39.000    22.000        0    6.00    12.00   0.0060   0.0000      15
 36     3   45.000     1.000        0    6.00     2.00   0.0060   0.0000      15
 37     3   45.000     3.000        0    6.00     2.00   0.0060   0.0000      15
 38     3   45.000     6.000        0    6.00     4.00   0.0060   0.0000      15
 39     3   45.000    12.000        0    6.00     8.00   0.0060   0.0000      15
 40     3   45.000    22.000        0    6.00    12.00   0.0060   0.0000      15
 41     3   -4.350     1.000        0    3.30     2.00   0.0060   0.0000      15
 42     3   -3.000     3.000        0    6.00     2.00   0.0060   0.0000      15
 43     3   -3.000     6.000        0    6.00     4.00   0.0060   0.0000      15
 44     3   -3.000    12.000        0    6.00     8.00   0.0060   0.0000      15
 45     3   -3.000    22.000        0    6.00    12.00   0.0060   0.0000      15
 46     3   -9.000     1.000        0    6.00     2.00   0.0060   0.0000      15
 47     3   -9.000     3.000        0    6.00     2.00   0.0060   0.0000      15
 48     3   -9.000     6.000        0    6.00     4.00   0.0060   0.0000      15
 49     3   -9.000    12.000        0    6.00     8.00   0.0060   0.0000      15
 50     3   -9.000    22.000        0    6.00    12.00   0.0060   0.0000      15
 51     3  -15.000     1.000        0    6.00     2.00   0.0060   0.0000      15
 52     3  -15.000     3.000        0    6.00     2.00   0.0060   0.0000      15
 53     3  -15.000     6.000        0    6.00     4.00   0.0060   0.0000      15
 54     3  -15.000    12.000        0    6.00     8.00   0.0060   0.0000      15
 55     3  -15.000    22.000        0    6.00    12.00   0.0060   0.0000      15
 56     3  -21.000     1.000        0    6.00     2.00   0.0060   0.0000      15
 57     3  -21.000     3.000        0    6.00     2.00   0.0060   0.0000      15
 58     3  -21.000     6.000        0    6.00     4.00   0.0060   0.0000      15
 59     3  -21.000    12.000        0    6.00     8.00   0.0060   0.0000      15
 60     3  -21.000    22.000        0    6.00    12.00   0.0060   0.0000      15
 61     3  -27.000     1.000        0    6.00     2.00   0.0060   0.0000      15
 62     3  -27.000     3.000        0    6.00     2.00   0.0060   0.0000      15
 63     3  -27.000     6.000        0    6.00     4.00   0.0060   0.0000      15
 64     3  -27.000    12.000        0    6.00     8.00   0.0060   0.0000      15
 65     3  -27.000    22.000        0    6.00    12.00   0.0060   0.0000      15
 66     3  -33.000     1.000        0    6.00     2.00   0.0060   0.0000      15
 67     3  -33.000     3.000        0    6.00     2.00   0.0060   0.0000      15
 68     3  -33.000     6.000        0    6.00     4.00   0.0060   0.0000      15
 69     3  -33.000    12.000        0    6.00     8.00   0.0060   0.0000      15
 70     3  -33.000    22.000        0    6.00    12.00   0.0060   0.0000      15
 71     3  -39.000     1.000        0    6.00     2.00   0.0060   0.0000      15
 72     3  -39.000     3.000        0    6.00     2.00   0.0060   0.0000      15
 73     3  -39.000     6.000        0    6.00     4.00   0.0060   0.0000      15
 74     3  -39.000    12.000        0    6.00     8.00   0.0060   0.0000      15
 75     3  -39.000    22.000        0    6.00    12.00   0.0060   0.0000      15
 76     3  -45.000     1.000        0    6.00     2.00   0.0060   0.0000      15
 77     3  -45.000     3.000        0    6.00     2.00   0.0060   0.0000      15
 78     3  -45.000     6.000        0    6.00     4.00   0.0060   0.0000      15
 79     3  -45.000    12.000        0    6.00     8.00   0.0060   0.0000      15
 80     3  -45.000    22.000        0    6.00    12.00   0.0060   0.0000      15
 81     3    4.350    -1.000      180    3.30     2.00   0.0060   0.0000      15
 82     3    3.000    -3.000      180    6.00     2.00   0.0060   0.0000      15
 83     3    3.000    -6.000      180    6.00     4.00   0.0060   0.0000      15
 84     3    3.000   -12.000      180    6.00     8.00   0.0060   0.0000      15
 85     3    3.000   -22.000      180    6.00    12.00   0.0060   0.0000      15
 86     3    9.000    -1.000      180    6.00     2.00   0.0060   0.0000      15
 87     3    9.000    -3.000      180    6.00     2.00   0.0060   0.0000      15
 88     3    9.000    -6.000      180    6.00     4.00   0.0060   0.0000      15
 89     3    9.000   -12.000      180    6.00     8.00   0.0060   0.0000      15
 90     3    9.000   -22.000      180    6.00    12.00   0.0060   0.0000      15
 91     3   15.000    -1.000      180    6.00     2.00   0.0060   0.0000      15
 92     3   15.000    -3.000      180    6.00     2.00   0.0060   0.0000      15
 93     3   15.000    -6.000      180    6.00     4.00   0.0060   0.0000      15
 94     3   15.000   -12.000      180    6.00     8.00   0.0060   0.0000      15
 95     3   15.000   -22.000      180    6.00    12.00   0.0060   0.0000      15
 96     3   21.000    -1.000      180    6.00     2.00   0.0060   0.0000      15
 97     3   21.000    -3.000      180    6.00     2.00   0.0060   0.0000      15
 98     3   21.000    -6.000      180    6.00     4.00   0.0060   0.0000      15
 99     3   21.000   -12.000      180    6.00     8.00   0.0060   0.0000      15
100     3   21.000   -22.000      180    6.00    12.00   0.0060   0.0000      15
101     3   27.000    -1.000      180    6.00     2.00   0.0060   0.0000      15
102     3   27.000    -3.000      180    6.00     2.00   0.0060   0.0000      15
103     3   27.000    -6.000      180    6.00     4.00   0.0060   0.0000      15
104     3   27.000   -12.000      180    6.00     8.00   0.0060   0.0000      15
105     3   27.000   -22.000      180    6.00    12.00   0.0060   0.0000      15
106     3   33.000    -1.000      180    6.00     2.00   0.0060   0.0000      15
107     3   33.000    -3.000      180    6.00     2.00   0.0060   0.0000      15
108     3   33.000    -6.000      180    6.00     4.00   0.0060   0.0000      15
109     3   33.000   -12.000      180    6.00     8.00   0.0060   0.0000      15
110     3   33.000   -22.000      180    6.00    12.00   0.0060   0.0000      15
111     3   39.000    -1.000      180    6.00     2.00   0.0060   0.0000      15
112     3   39.000    -3.000      180    6.00     2.00   0.0060   0.0000      15
113     3   39.000    -6.000      180    6.00     4.00   0.0060   0.0000      15
114     3   39.000   -12.000      180    6.00     8.00   0.0060   0.0000      15
115     3   39.000   -22.000      180    6.00    12.00   0.0060   0.0000      15
116     3   45.000    -1.000      180    6.00     2.00   0.0060   0.0000      15
117     3   45.000    -3.000      180    6.00     2.00   0.0060   0.0000      15
118     3   45.000    -6.000      180    6.00     4.00   0.0060   0.0000      15
119     3   45.000   -12.000      180    6.00     8.00   0.0060   0.0000      15
120     3   45.000   -22.000      180    6.00    12.00   0.0060   0.0000      15
121     3   -4.350    -1.000      180    3.30     2.00   0.0060   0.0000      15
122     3   -3.000    -3.000      180    6.00     2.00   0.0060   0.0000      15
123     3   -3.000    -6.000      180    6.00     4.00   0.0060   0.0000      15
124     3   -3.000   -12.000      180    6.00     8.00   0.0060   0.0000      15
125     3   -3.000   -22.000      180    6.00    12.00   0.0060   0.0000      15
126     3   -9.000    -1.000      180    6.00     2.00   0.0060   0.0000      15
127     3   -9.000    -3.000      180    6.00     2.00   0.0060   0.0000      15
128     3   -9.000    -6.000      180    6.00     4.00   0.0060   0.0000      15
129     3   -9.000   -12.000      180    6.00     8.00   0.0060   0.0000      15
130     3   -9.000   -22.000      180    6.00    12.00   0.0060   0.0000      15
131     3  -15.000    -1.000      180    6.00     2.00   0.0060   0.0000      15
132     3  -15.000    -3.000      180    6.00     2.00   0.0060   0.0000      15
133     3  -15.000    -6.000      180    6.00     4.00   0.0060   0.0000      15
134     3  -15.000   -12.000      180    6.00     8.00   0.0060   0.0000      15
135     3  -15.000   -22.000      180    6.00    12.00   0.0060   0.0000      15
136     3  -21.000    -1.000      180    6.00     2.00   0.0060   0.0000      15
137     3  -21.000    -3.000      180    6.00     2.00   0.0060   0.0000      15
138     3  -21.000    -6.000      180    6.00     4.00   0.0060   0.0000      15
139     3  -21.000   -12.000      180    6.00     8.00   0.0060   0.0000      15
140     3  -21.000   -22.000      180    6.00    12.00   0.0060   0.0000      15
141     3  -27.000    -1.000      180    6.00     2.00   0.0060   0.0000      15
142     3  -27.000    -3.000      180    6.00     2.00   0.0060   0.0000      15
143     3  -27.000    -6.000      180    6.00     4.00   0.0060   0.0000      15
144     3  -27.000   -12.000      180    6.00     8.00   0.0060   0.0000      15
145     3  -27.000   -22.000      180    6.00    12.00   0.0060   0.0000      15
146     3  -33.000    -1.000      180    6.00     2.00   0.0060   0.0000      15
147     3  -33.000    -3.000      180    6.00     2.00   0.0060   0.0000      15
148     3  -33.000    -6.000      180    6.00     4.00   0.0060   0.0000      15
149     3  -33.000   -12.000      180    6.00     8.00   0.0060   0.0000      15
150     3  -33.000   -22.000      180    6.00    12.00   0.0060   0.0000      15
151     3  -39.000    -1.000      180    6.00     2.00   0.0060   0.0000      15
152     3  -39.000    -3.000      180    6.00     2.00   0.0060   0.0000      15
153     3  -39.000    -6.000      180    6.00     4.00   0.0060   0.0000      15
154     3  -39.000   -12.000      180    6.00     8.00   0.0060   0.0000      15
155     3  -39.000   -22.000      180    6.00    12.00   0.0060   0.0000      15
156     3  -45.000    -1.000      180    6.00     2.00   0.0060   0.0000      15
157     3  -45.000    -3.000      180    6.00     2.00   0.0060   0.0000      15
158     3  -45.000    -6.000      180    6.00     4.00   0.0060   0.0000      15
159     3  -45.000   -12.000      180    6.00     8.00   0.0060   0.0000      15
160     3  -45.000   -22.000      180    6.00    12.00   0.0060   0.0000      15
6   0       170
  1     3    0.000     4.300        0    6.00     2.00   0.0060   0.0000      15
  2     3    0.000     7.300        0    6.00     4.00   0.0060   0.0000      15
  3     3    0.000    13.300        0    6.00     8.00   0.0060   0.0000      15
  4     3    0.000    23.300        0    6.00    12.00   0.0060   0.0000      15
  5     3    0.000    35.300        0    6.00    12.00   0.0060   0.0000      15
  6     3    6.150     1.000        0    5.70     2.00   0.0060   0.0000      15
  7     3    6.000     4.000        0    6.00     4.00   0.0060   0.0000      15
  8     3    6.000    10.000        0    6.00     8.00   0.0060   0.0000      15
  9     3    6.000    20.000        0    6.00    12.00   0.0060   0.0000      15
 10     3    6.000    32.000        0    6.00    12.00   0.0060   0.0000      15
 11     3   12.000     1.000        0    6.00     2.00   0.0060   0.0000      15
 12     3   12.000     4.000        0    6.00     4.00   0.0060   0.0000      15
 13     3   12.000    10.000        0    6.00     8.00   0.0060   0.0000      15
 14     3   12.000    20.000        0    6.00    12.00   0.0060   0.0000      15
 15     3   12.000    32.000        0    6.00    12.00   0.0060   0.0000      15
 16     3   18.000     1.000        0    6.00     2.00   0.0060   0.0000      15
 17     3   18.000     4.000        0    6.00     4.00   0.0060   0.0000      15
 18     3   18.000    10.000        0    6.00     8.00   0.0060   0.0000      15
 19     3   18.000    20.000        0    6.00    12.00   0.0060   0.0000      15
 20     3   18.000    32.000        0    6.00    12.00   0.0060   0.0000      15
 21     3   24.000     1.000        0    6.00     2.00   0.0060   0.0000      15
 22     3   24.000     4.000        0    6.00     4.00   0.0060   0.0000      15
 23     3   24.000    10.000        0    6.00     8.00   0.0060   0.0000      15
 24     3   24.000    20.000        0    6.00    12.00   0.0060   0.0000      15
 25     3   24.000    32.000        0    6.00    12.00   0.0060   0.0000      15
 26     3   30.000     1.000        0    6.00     2.00   0.0060   0.0000      15
 27     3   30.000     4.000        0    6.00     4.00   0.0060   0.0000      15
 28     3   30.000    10.000        0    6.00     8.00   0.0060   0.0000      15
 29     3   30.000    20.000        0    6.00    12.00   0.0060   0.0000      15
 30     3   30.000    32.000        0    6.00    12.00   0.0060   0.0000      15
 31     3   36.000     1.000        0    6.00     2.00   0.0060   0.0000      15
 32     3   36.000     4.000        0    6.00     4.00   0.0060   0.0000      15
 33     3   36.000    10.000        0    6.00     8.00   0.0060   0.0000      15
 34     3   36.000    20.000        0    6.00    12.00   0.0060   0.0000      15
 35     3   36.000    32.000        0    6.00    12.00   0.0060   0.0000      15
 36     3   42.000     1.000        0    6.00     2.00   0.0060   0.0000      15
 37     3   42.000     4.000        0    6.00     4.00   0.0060   0.0000      15
 38     3   42.000    10.000        0    6.00     8.00   0.0060   0.0000      15
 39     3   42.000    20.000        0    6.00    12.00   0.0060   0.0000      15
 40     3   42.000    32.000        0    6.00    12.00   0.0060   0.0000      15
 41     3   48.000     1.000        0    6.00     2.00   0.0060   0.0000      15
 42     3   48.000     4.000        0    6.00     4.00   0.0060   0.0000      15
 43     3   48.000    10.000        0    6.00     8.00   0.0060   0.0000      15
 44     3   48.000    20.000        0    6.00    12.00   0.0060   0.0000      15
 45     3   48.000    32.000        0    6.00    12.00   0.0060   0.0000      15
 46     3   -6.150     1.000        0    5.70     2.00   0.0060   0.0000      15
 47     3   -6.000     4.000        0    6.00     4.00   0.0060   0.0000      15
 48     3   -6.000    10.000        0    6.00     8.00   0.0060   0.0000      15
 49     3   -6.000    20.000        0    6.00    12.00   0.0060   0.0000      15
 50     3   -6.000    32.000        0    6.00    12.00   0.0060   0.0000      15
 51     3  -12.000     1.000        0    6.00     2.00   0.0060   0.0000      15
 52     3  -12.000     4.000        0    6.00     4.00   0.0060   0.0000      15
 53     3  -12.000    10.000        0    6.00     8.00   0.0060   0.0000      15
 54     3  -12.000    20.000        0    6.00    12.00   0.0060   0.0000      15
 55     3  -12.000    32.000        0    6.00    12.00   0.0060   0.0000      15
 56     3  -18.000     1.000        0    6.00     2.00   0.0060   0.0000      15
 57     3  -18.000     4.000        0    6.00     4.00   0.0060   0.0000      15
 58     3  -18.000    10.000        0    6.00     8.00   0.0060   0.0000      15
 59     3  -18.000    20.000        0    6.00    12.00   0.0060   0.0000      15
 60     3  -18.000    32.000        0    6.00    12.00   0.0060   0.0000      15
 61     3  -24.000     1.000        0    6.00     2.00   0.0060   0.0000      15
 62     3  -24.000     4.000        0    6.00     4.00   0.0060   0.0000      15
 63     3  -24.000    10.000        0    6.00     8.00   0.0060   0.0000      15
 64     3  -24.000    20.000        0    6.00    12.00   0.0060   0.0000      15
 65     3  -24.000    32.000        0    6.00    12.00   0.0060   0.0000      15
 66     3  -30.000     1.000        0    6.00     2.00   0.0060   0.0000      15
 67     3  -30.000     4.000        0    6.00     4.00   0.0060   0.0000      15
 68     3  -30.000    10.000        0    6.00     8.00   0.0060   0.0000      15
 69     3  -30.000    20.000        0    6.00    12.00   0.0060   0.0000      15
 70     3  -30.000    32.000        0    6.00    12.00   0.0060   0.0000      15
 71     3  -36.000     1.000        0    6.00     2.00   0.0060   0.0000      15
 72     3  -36.000     4.000        0    6.00     4.00   0.0060   0.0000      15
 73     3  -36.000    10.000        0    6.00     8.00   0.0060   0.0000      15
 74     3  -36.000    20.000        0    6.00    12.00   0.0060   0.0000      15
 75     3  -36.000    32.000        0    6.00    12.00   0.0060   0.0000      15
 76     3  -42.000     1.000        0    6.00     2.00   0.0060   0.0000      15
 77     3  -42.000     4.000        0    6.00     4.00   0.0060   0.0000      15
 78     3  -42.000    10.000        0    6.00     8.00   0.0060   0.0000      15
 79     3  -42.000    20.000        0    6.00    12.00   0.0060   0.0000      15
 80     3  -42.000    32.000        0    6.00    12.00   0.0060   0.0000      15
 81     3  -48.000     1.000        0    6.00     2.00   0.0060   0.0000      15
 82     3  -48.000     4.000        0    6.00     4.00   0.0060   0.0000      15
 83     3  -48.000    10.000        0    6.00     8.00   0.0060   0.0000      15
 84     3  -48.000    20.000        0    6.00    12.00   0.0060   0.0000      15
 85     3  -48.000    32.000        0    6.00    12.00   0.0060   0.0000      15
 86     3    0.000    -4.300      180    6.00     2.00   0.0060   0.0000      15
 87     3    0.000    -7.300      180    6.00     4.00   0.0060   0.0000      15
 88     3    0.000   -13.300      180    6.00     8.00   0.0060   0.0000      15
 89     3    0.000   -23.300      180    6.00    12.00   0.0060   0.0000      15
 90     3    0.000   -35.300      180    6.00    12.00   0.0060   0.0000      15
 91     3    6.150    -1.000      180    5.70     2.00   0.0060   0.0000      15
 92     3    6.000    -4.000      180    6.00     4.00   0.0060   0.0000      15
 93     3    6.000   -10.000      180    6.00     8.00   0.0060   0.0000      15
 94     3    6.000   -20.000      180    6.00    12.00   0.0060   0.0000      15
 95     3    6.000   -32.000      180    6.00    12.00   0.0060   0.0000      15
 96     3   12.000    -1.000      180    6.00     2.00   0.0060   0.0000      15
 97     3   12.000    -4.000      180    6.00     4.00   0.0060   0.0000      15
 98     3   12.000   -10.000      180    6.00     8.00   0.0060   0.0000      15
 99     3   12.000   -20.000      180    6.00    12.00   0.0060   0.0000      15
100     3   12.000   -32.000      180    6.00    12.00   0.0060   0.0000      15
101     3   18.000    -1.000      180    6.00     2.00   0.0060   0.0000      15
102     3   18.000    -4.000      180    6.00     4.00   0.0060   0.0000      15
103     3   18.000   -10.000      180    6.00     8.00   0.0060   0.0000      15
104     3   18.000   -20.000      180    6.00    12.00   0.0060   0.0000      15
105     3   18.000   -32.000      180    6.00    12.00   0.0060   0.0000      15
106     3   24.000    -1.000      180    6.00     2.00   0.0060   0.0000      15
107     3   24.000    -4.000      180    6.00     4.00   0.0060   0.0000      15
108     3   24.000   -10.000      180    6.00     8.00   0.0060   0.0000      15
109     3   24.000   -20.000      180    6.00    12.00   0.0060   0.0000      15
110     3   24.000   -32.000      180    6.00    12.00   0.0060   0.0000      15
111     3   30.000    -1.000      180    6.00     2.00   0.0060   0.0000      15
112     3   30.000    -4.000      180    6.00     4.00   0.0060   0.0000      15
113     3   30.000   -10.000      180    6.00     8.00   0.0060   0.0000      15
114     3   30.000   -20.000      180    6.00    12.00   0.0060   0.0000      15
115     3   30.000   -32.000      180    6.00    12.00   0.0060   0.0000      15
116     3   36.000    -1.000      180    6.00     2.00   0.0060   0.0000      15
117     3   36.000    -4.000      180    6.00     4.00   0.0060   0.0000      15
118     3   36.000   -10.000      180    6.00     8.00   0.0060   0.0000      15
119     3   36.000   -20.000      180    6.00    12.00   0.0060   0.0000      15
120     3   36.000   -32.000      180    6.00    12.00   0.0060   0.0000      15
121     3   42.000    -1.000      180    6.00     2.00   0.0060   0.0000      15
122     3   42.000    -4.000      180    6.00     4.00   0.0060   0.0000      15
123     3   42.000   -10.000      180    6.00     8.00   0.0060   0.0000      15
124     3   42.000   -20.000      180    6.00    12.00   0.0060   0.0000      15
125     3   42.000   -32.000      180    6.00    12.00   0.0060   0.0000      15
126     3   48.000    -1.000      180    6.00     2.00   0.0060   0.0000      15
127     3   48.000    -4.000      180    6.00     4.00   0.0060   0.0000      15
128     3   48.000   -10.000      180    6.00     8.00   0.0060   0.0000      15
129     3   48.000   -20.000      180    6.00    12.00   0.0060   0.0000      15
130     3   48.000   -32.000      180    6.00    12.00   0.0060   0.0000      15
131     3   -6.150    -1.000      180    5.70     2.00   0.0060   0.0000      15
132     3   -6.000    -4.000      180    6.00     4.00   0.0060   0.0000      15
133     3   -6.000   -10.000      180    6.00     8.00   0.0060   0.0000      15
134     3   -6.000   -20.000      180    6.00    12.00   0.0060   0.0000      15
135     3   -6.000   -32.000      180    6.00    12.00   0.0060   0.0000      15
136     3  -12.000    -1.000      180    6.00     2.00   0.0060   0.0000      15
137     3  -12.000    -4.000      180    6.00     4.00   0.0060   0.0000      15
138     3  -12.000   -10.000      180    6.00     8.00   0.0060   0.0000      15
139     3  -12.000   -20.000      180    6.00    12.00   0.0060   0.0000      15
140     3  -12.000   -32.000      180    6.00    12.00   0.0060   0.0000      15
141     3  -18.000    -1.000      180    6.00     2.00   0.0060   0.0000      15
142     3  -18.000    -4.000      180    6.00     4.00   0.0060   0.0000      15
143     3  -18.000   -10.000      180    6.00     8.00   0.0060   0.0000      15
144     3  -18.000   -20.000      180    6.00    12.00   0.0060   0.0000      15
145     3  -18.000   -32.000      180    6.00    12.00   0.0060   0.0000      15
146     3  -24.000    -1.000      180    6.00     2.00   0.0060   0.0000      15
147     3  -24.000    -4.000      180    6.00     4.00   0.0060   0.0000      15
148     3  -24.000   -10.000      180    6.00     8.00   0.0060   0.0000      15
149     3  -24.000   -20.000      180    6.00    12.00   0.0060   0.0000      15
150     3  -24.000   -32.000      180    6.00    12.00   0.0060   0.0000      15
151     3  -30.000    -1.000      180    6.00     2.00   0.0060   0.0000      15
152     3  -30.000    -4.000      180    6.00     4.00   0.0060   0.0000      15
153     3  -30.000   -10.000      180    6.00     8.00   0.0060   0.0000      15
154     3  -30.000   -20.000      180    6.00    12.00   0.0060   0.0000      15
155     3  -30.000   -32.000      180    6.00    12.00   0.0060   0.0000      15
156     3  -36.000    -1.000      180    6.00     2.00   0.0060   0.0000      15
157     3  -36.000    -4.000      180    6.00     4.00   0.0060   0.0000      15
158     3  -36.000   -10.000      180    6.00     8.00   0.0060   0.0000      15
159     3  -36.000   -20.000      180    6.00    12.00   0.0060   0.0000      15
160     3  -36.000   -32.000      180    6.00    12.00   0.0060   0.0000      15
161     3  -42.000    -1.000      180    6.00     2.00   0.0060   0.0000      15
162     3  -42.000    -4.000      180    6.00     4.00   0.0060   0.0000      15
163     3  -42.000   -10.000      180    6.00     8.00   0.0060   0.0000      15
164     3  -42.000   -20.000      180    6.00    12.00   0.0060   0.0000      15
165     3  -42.000   -32.000      180    6.00    12.00   0.0060   0.0000      15
166     3  -48.000    -1.000      180    6.00     2.00   0.0060   0.0000      15
167     3  -48.000    -4.000      180    6.00     4.00   0.0060   0.0000      15
168     3  -48.000   -10.000      180    6.00     8.00   0.0060   0.0000      15
169     3  -48.000   -20.000      180    6.00    12.00   0.0060   0.0000      15
170     3  -48.000   -32.000      180    6.00    12.00   0.0060   0.0000      15
7   0       180
  1     3    0.000     5.200        0    6.00     2.00   0.0060   0.0000      15
  2     3    0.000     8.200        0    6.00     4.00   0.0060   0.0000      15
  3     3    0.000    12.200        0    6.00     4.00   0.0060   0.0000      15
  4     3    0.000    18.200        0    6.00     8.00   0.0060   0.0000      15
  5     3    0.000    28.200        0    6.00    12.00   0.0060   0.0000      15
  6     3    0.000    42.200        0    6.00    16.00   0.0060   0.0000      15
  7     3    6.600     1.000        0    4.80     2.00   0.0060   0.0000      15
  8     3    6.000     4.000        0    6.00     4.00   0.0060   0.0000      15
  9     3    6.000     8.000        0    6.00     4.00   0.0060   0.0000      15
 10     3    6.000    14.000        0    6.00     8.00   0.0060   0.0000      15
 11     3    6.000    24.000        0    6.00    12.00   0.0060   0.0000      15
 12     3    6.000    38.000        0    6.00    16.00   0.0060   0.0000      15
 13     3   12.000     1.000        0    6.00     2.00   0.0060   0.0000      15
 14     3   12.000     4.000        0    6.00     4.00   0.0060   0.0000      15
 15     3   12.000     8.000        0    6.00     4.00   0.0060   0.0000      15
 16     3   12.000    14.000        0    6.00     8.00   0.0060   0.0000      15
 17     3   12.000    24.000        0    6.00    12.00   0.0060   0.0000      15
 18     3   12.000    38.000        0    6.00    16.00   0.0060   0.0000      15
 19     3   18.000     1.000        0    6.00     2.00   0.0060   0.0000      15
 20     3   18.000     4.000        0    6.00     4.00   0.0060   0.0000      15
 21     3   18.000     8.000        0    6.00     4.00   0.0060   0.0000      15
 22     3   18.000    14.000        0    6.00     8.00   0.0060   0.0000      15
 23     3   18.000    24.000        0    6.00    12.00   0.0060   0.0000      15
 24     3   18.000    38.000        0    6.00    16.00   0.0060   0.0000      15
 25     3   24.000     1.000        0    6.00     2.00   0.0060   0.0000      15
 26     3   24.000     4.000        0    6.00     4.00   0.0060   0.0000      15
 27     3   24.000     8.000        0    6.00     4.00   0.0060   0.0000      15
 28     3   24.000    14.000        0    6.00     8.00   0.0060   0.0000      15
 29     3   24.000    24.000        0    6.00    12.00   0.0060   0.0000      15
 30     3   24.000    38.000        0    6.00    16.00   0.0060   0.0000      15
 31     3   30.000     1.000        0    6.00     2.00   0.0060   0.0000      15
 32     3   30.000     4.000        0    6.00     4.00   0.0060   0.0000      15
 33     3   30.000     8.000        0    6.00     4.00   0.0060   0.0000      15
 34     3   30.000    14.000        0    6.00     8.00   0.0060   0.0000      15
 35     3   30.000    24.000        0    6.00    12.00   0.0060   0.0000      15
 36     3   30.000    38.000        0    6.00    16.00   0.0060   0.0000      15
 37     3   36.000     1.000        0    6.00     2.00   0.0060   0.0000      15
 38     3   36.000     4.000        0    6.00     4.00   0.0060   0.0000      15
 39     3   36.000     8.000        0    6.00     4.00   0.0060   0.0000      15
 40     3   36.000    14.000        0    6.00     8.00   0.0060   0.0000      15
 41     3   36.000    24.000        0    6.00    12.00   0.0060   0.0000      15
 42     3   36.000    38.000        0    6.00    16.00   0.0060   0.0000      15
 43     3   42.000     1.000        0    6.00     2.00   0.0060   0.0000      15
 44     3   42.000     4.000        0    6.00     4.00   0.0060   0.0000      15
 45     3   42.000     8.000        0    6.00     4.00   0.0060   0.0000      15
 46     3   42.000    14.000        0    6.00     8.00   0.0060   0.0000      15
 47     3   42.000    24.000        0    6.00    12.00   0.0060   0.0000      15
 48     3   42.000    38.000        0    6.00    16.00   0.0060   0.0000      15
 49     3   -6.600     1.000        0    4.80     2.00   0.0060   0.0000      15
 50     3   -6.000     4.000        0    6.00     4.00   0.0060   0.0000      15
 51     3   -6.000     8.000        0    6.00     4.00   0.0060   0.0000      15
 52     3   -6.000    14.000        0    6.00     8.00   0.0060   0.0000      15
 53     3   -6.000    24.000        0    6.00    12.00   0.0060   0.0000      15
 54     3   -6.000    38.000        0    6.00    16.00   0.0060   0.0000      15
 55     3  -12.000     1.000        0    6.00     2.00   0.0060   0.0000      15
 56     3  -12.000     4.000        0    6.00     4.00   0.0060   0.0000      15
 57     3  -12.000     8.000        0    6.00     4.00   0.0060   0.0000      15
 58     3  -12.000    14.000        0    6.00     8.00   0.0060   0.0000      15
 59     3  -12.000    24.000        0    6.00    12.00   0.0060   0.0000      15
 60     3  -12.000    38.000        0    6.00    16.00   0.0060   0.0000      15
 61     3  -18.000     1.000        0    6.00     2.00   0.0060   0.0000      15
 62     3  -18.000     4.000        0    6.00     4.00   0.0060   0.0000      15
 63     3  -18.000     8.000        0    6.00     4.00   0.0060   0.0000      15
 64     3  -18.000    14.000        0    6.00     8.00   0.0060   0.0000      15
 65     3  -18.000    24.000        0    6.00    12.00   0.0060   0.0000      15
 66     3  -18.000    38.000        0    6.00    16.00   0.0060   0.0000      15
 67     3  -24.000     1.000        0    6.00     2.00   0.0060   0.0000      15
 68     3  -24.000     4.000        0    6.00     4.00   0.0060   0.0000      15
 69     3  -24.000     8.000        0    6.00     4.00   0.0060   0.0000      15
 70     3  -24.000    14.000        0    6.00     8.00   0.0060   0.0000      15
 71     3  -24.000    24.000        0    6.00    12.00   0.0060   0.0000      15
 72     3  -24.000    38.000        0    6.00    16.00   0.0060   0.0000      15
 73     3  -30.000     1.000        0    6.00     2.00   0.0060   0.0000      15
 74     3  -30.000     4.000        0    6.00     4.00   0.0060   0.0000      15
 75     3  -30.000     8.000        0    6.00     4.00   0.0060   0.0000      15
 76     3  -30.000    14.000        0    6.00     8.00   0.0060   0.0000      15
 77     3  -30.000    24.000        0    6.00    12.00   0.0060   0.0000      15
 78     3  -30.000    38.000        0    6.00    16.00   0.0060   0.0000      15
 79     3  -36.000     1.000        0    6.00     2.00   0.0060   0.0000      15
 80     3  -36.000     4.000        0    6.00     4.00   0.0060   0.0000      15
 81     3  -36.000     8.000        0    6.00     4.00   0.0060   0.0000      15
 82     3  -36.000    14.000        0    6.00     8.00   0.0060   0.0000      15
 83     3  -36.000    24.000        0    6.00    12.00   0.0060   0.0000      15
 84     3  -36.000    38.000        0    6.00    16.00   0.0060   0.0000      15
 85     3  -42.000     1.000        0    6.00     2.00   0.0060   0.0000      15
 86     3  -42.000     4.000        0    6.00     4.00   0.0060   0.0000      15
 87     3  -42.000     8.000        0    6.00     4.00   0.0060   0.0000      15
 88     3  -42.000    14.000        0    6.00     8.00   0.0060   0.0000      15
 89     3  -42.000    24.000        0    6.00    12.00   0.0060   0.0000      15
 90     3  -42.000    38.000        0    6.00    16.00   0.0060   0.0000      15
 91     3    0.000    -5.200      180    6.00     2.00   0.0060   0.0000      15
 92     3    0.000    -8.200      180    6.00     4.00   0.0060   0.0000      15
 93     3    0.000   -12.200      180    6.00     4.00   0.0060   0.0000      15
 94     3    0.000   -18.200      180    6.00     8.00   0.0060   0.0000      15
 95     3    0.000   -28.200      180    6.00    12.00   0.0060   0.0000      15
 96     3    0.000   -42.200      180    6.00    16.00   0.0060   0.0000      15
 97     3    6.600    -1.000      180    4.80     2.00   0.0060   0.0000      15
 98     3    6.000    -4.000      180    6.00     4.00   0.0060   0.0000      15
 99     3    6.000    -8.000      180    6.00     4.00   0.0060   0.0000      15
100     3    6.000   -14.000      180    6.00     8.00   0.0060   0.0000      15
101     3    6.000   -24.000      180    6.00    12.00   0.0060   0.0000      15
102     3    6.000   -38.000      180    6.00    16.00   0.0060   0.0000      15
103     3   12.000    -1.000      180    6.00     2.00   0.0060   0.0000      15
104     3   12.000    -4.000      180    6.00     4.00   0.0060   0.0000      15
105     3   12.000    -8.000      180    6.00     4.00   0.0060   0.0000      15
106     3   12.000   -14.000      180    6.00     8.00   0.0060   0.0000      15
107     3   12.000   -24.000      180    6.00    12.00   0.0060   0.0000      15
108     3   12.000   -38.000      180    6.00    16.00   0.0060   0.0000      15
109     3   18.000    -1.000      180    6.00     2.00   0.0060   0.0000      15
110     3   18.000    -4.000      180    6.00     4.00   0.0060   0.0000      15
111     3   18.000    -8.000      180    6.00     4.00   0.0060   0.0000      15
112     3   18.000   -14.000      180    6.00     8.00   0.0060   0.0000      15
113     3   18.000   -24.000      180    6.00    12.00   0.0060   0.0000      15
114     3   18.000   -38.000      180    6.00    16.00   0.0060   0.0000      15
115     3   24.000    -1.000      180    6.00     2.00   0.0060   0.0000      15
116     3   24.000    -4.000      180    6.00     4.00   0.0060   0.0000      15
117     3   24.000    -8.000      180    6.00     4.00   0.0060   0.0000      15
118     3   24.000   -14.000      180    6.00     8.00   0.0060   0.0000      15
119     3   24.000   -24.000      180    6.00    12.00   0.0060   0.0000      15
120     3   24.000   -38.000      180    6.00    16.00   0.0060   0.0000      15
121     3   30.000    -1.000      180    6.00     2.00   0.0060   0.0000      15
122     3   30.000    -4.000      180    6.00     4.00   0.0060   0.0000      15
123     3   30.000    -8.000      180    6.00     4.00   0.0060   0.0000      15
124     3   30.000   -14.000      180    6.00     8.00   0.0060   0.0000      15
125     3   30.000   -24.000      180    6.00    12.00   0.0060   0.0000      15
126     3   30.000   -38.000      180    6.00    16.00   0.0060   0.0000      15
127     3   36.000    -1.000      180    6.00     2.00   0.0060   0.0000      15
128     3   36.000    -4.000      180    6.00     4.00   0.0060   0.0000      15
129     3   36.000    -8.000      180    6.00     4.00   0.0060   0.0000      15
130     3   36.000   -14.000      180    6.00     8.00   0.0060   0.0000      15
131     3   36.000   -24.000      180    6.00    12.00   0.0060   0.0000      15
132     3   36.000   -38.000      180    6.00    16.00   0.0060   0.0000      15
133     3   42.000    -1.000      180    6.00     2.00   0.0060   0.0000      15
134     3   42.000    -4.000      180    6.00     4.00   0.0060   0.0000      15
135     3   42.000    -8.000      180    6.00     4.00   0.0060   0.0000      15
136     3   42.000   -14.000      180    6.00     8.00   0.0060   0.0000      15
137     3   42.000   -24.000      180    6.00    12.00   0.0060   0.0000      15
138     3   42.000   -38.000      180    6.00    16.00   0.0060   0.0000      15
139     3   -6.600    -1.000      180    4.80     2.00   0.0060   0.0000      15
140     3   -6.000    -4.000      180    6.00     4.00   0.0060   0.0000      15
141     3   -6.000    -8.000      180    6.00     4.00   0.0060   0.0000      15
142     3   -6.000   -14.000      180    6.00     8.00   0.0060   0.0000      15
143     3   -6.000   -24.000      180    6.00    12.00   0.0060   0.0000      15
144     3   -6.000   -38.000      180    6.00    16.00   0.0060   0.0000      15
145     3  -12.000    -1.000      180    6.00     2.00   0.0060   0.0000      15
146     3  -12.000    -4.000      180    6.00     4.00   0.0060   0.0000      15
147     3  -12.000    -8.000      180    6.00     4.00   0.0060   0.0000      15
148     3  -12.000   -14.000      180    6.00     8.00   0.0060   0.0000      15
149     3  -12.000   -24.000      180    6.00    12.00   0.0060   0.0000      15
150     3  -12.000   -38.000      180    6.00    16.00   0.0060   0.0000      15
151     3  -18.000    -1.000      180    6.00     2.00   0.0060   0.0000      15
152     3  -18.000    -4.000      180    6.00     4.00   0.0060   0.0000      15
153     3  -18.000    -8.000      180    6.00     4.00   0.0060   0.0000      15
154     3  -18.000   -14.000      180    6.00     8.00   0.0060   0.0000      15
155     3  -18.000   -24.000      180    6.00    12.00   0.0060   0.0000      15
156     3  -18.000   -38.000      180    6.00    16.00   0.0060   0.0000      15
157     3  -24.000    -1.000      180    6.00     2.00   0.0060   0.0000      15
158     3  -24.000    -4.000      180    6.00     4.00   0.0060   0.0000      15
159     3  -24.000    -8.000      180    6.00     4.00   0.0060   0.0000      15
160     3  -24.000   -14.000      180    6.00     8.00   0.0060   0.0000      15
161     3  -24.000   -24.000      180    6.00    12.00   0.0060   0.0000      15
162     3  -24.000   -38.000      180    6.00    16.00   0.0060   0.0000      15
163     3  -30.000    -1.000      180    6.00     2.00   0.0060   0.0000      15
164     3  -30.000    -4.000      180    6.00     4.00   0.0060   0.0000      15
165     3  -30.000    -8.000      180    6.00     4.00   0.0060   0.0000      15
166     3  -30.000   -14.000      180    6.00     8.00   0.0060   0.0000      15
167     3  -30.000   -24.000      180    6.00    12.00   0.0060   0.0000      15
168     3  -30.000   -38.000      180    6.00    16.00   0.0060   0.0000      15
169     3  -36.000    -1.000      180    6.00     2.00   0.0060   0.0000      15
170     3  -36.000    -4.000      180    6.00     4.00   0.0060   0.0000      15
171     3  -36.000    -8.000      180    6.00     4.00   0.0060   0.0000      15
172     3  -36.000   -14.000      180    6.00     8.00   0.0060   0.0000      15
173     3  -36.000   -24.000      180    6.00    12.00   0.0060   0.0000      15
174     3  -36.000   -38.000      180    6.00    16.00   0.0060   0.0000      15
175     3  -42.000    -1.000      180    6.00     2.00   0.0060   0.0000      15
176     3  -42.000    -4.000      180    6.00     4.00   0.0060   0.0000      15
177     3  -42.000    -8.000      180    6.00     4.00   0.0060   0.0000      15
178     3  -42.000   -14.000      180    6.00     8.00   0.0060   0.0000      15
179     3  -42.000   -24.000      180    6.00    12.00   0.0060   0.0000      15
180     3  -42.000   -38.000      180    6.00    16.00   0.0060   0.0000      15
8   0       204
  1     3    0.000     5.400        0    6.00     2.00   0.0060   0.0000      15
  2     3    0.000     8.400        0    6.00     4.00   0.0060   0.0000      15
  3     3    0.000    14.400        0    6.00     8.00   0.0060   0.0000      15
  4     3    0.000    22.400        0    6.00     8.00   0.0060   0.0000      15
  5     3    0.000    32.400        0    6.00    12.00   0.0060   0.0000      15
  6     3    0.000    46.400        0    6.00    16.00   0.0060   0.0000      15
  7     3    6.700     1.000        0    4.60     2.00   0.0060   0.0000      15
  8     3    6.000     4.000        0    6.00     4.00   0.0060   0.0000      15
  9     3    6.000    10.000        0    6.00     8.00   0.0060   0.0000      15
 10     3    6.000    18.000        0    6.00     8.00   0.0060   0.0000      15
 11     3    6.000    28.000        0    6.00    12.00   0.0060   0.0000      15
 12     3    6.000    42.000        0    6.00    16.00   0.0060   0.0000      15
 13     3   12.000     1.000        0    6.00     2.00   0.0060   0.0000      15
 14     3   12.000     4.000        0    6.00     4.00   0.0060   0.0000      15
 15     3   12.000    10.000        0    6.00     8.00   0.0060   0.0000      15
 16     3   12.000    18.000        0    6.00     8.00   0.0060   0.0000      15
 17     3   12.000    28.000        0    6.00    12.00   0.0060   0.0000      15
 18     3   12.000    42.000        0    6.00    16.00   0.0060   0.0000      15
 19     3   18.000     1.000        0    6.00     2.00   0.0060   0.0000      15
 20     3   18.000     4.000        0    6.00     4.00   0.0060   0.0000      15
 21     3   18.000    10.000        0    6.00     8.00   0.0060   0.0000      15
 22     3   18.000    18.000        0    6.00     8.00   0.0060   0.0000      15
 23     3   18.000    28.000        0    6.00    12.00   0.0060   0.0000      15
 24     3   18.000    42.000        0    6.00    16.00   0.0060   0.0000      15
 25     3   24.000     1.000        0    6.00     2.00   0.0060   0.0000      15
 26     3   24.000     4.000        0    6.00     4.00   0.0060   0.0000      15
 27     3   24.000    10.000        0    6.00     8.00   0.0060   0.0000      15
 28     3   24.000    18.000        0    6.00     8.00   0.0060   0.0000      15
 29     3   24.000    28.000        0    6.00    12.00   0.0060   0.0000      15
 30     3   24.000    42.000        0    6.00    16.00   0.0060   0.0000      15
 31     3   30.000     1.000        0    6.00     2.00   0.0060   0.0000      15
 32     3   30.000     4.000        0    6.00     4.00   0.0060   0.0000      15
 33     3   30.000    10.000        0    6.00     8.00   0.0060   0.0000      15
 34     3   30.000    18.000        0    6.00     8.00   0.0060   0.0000      15
 35     3   30.000    28.000        0    6.00    12.00   0.0060   0.0000      15
 36     3   30.000    42.000        0    6.00    16.00   0.0060   0.0000      15
 37     3   36.000     1.000        0    6.00     2.00   0.0060   0.0000      15
 38     3   36.000     4.000        0    6.00     4.00   0.0060   0.0000      15
 39     3   36.000    10.000        0    6.00     8.00   0.0060   0.0000      15
 40     3   36.000    18.000        0    6.00     8.00   0.0060   0.0000      15
 41     3   36.000    28.000        0    6.00    12.00   0.0060   0.0000      15
 42     3   36.000    42.000        0    6.00    16.00   0.0060   0.0000      15
 43     3   42.000     1.000        0    6.00     2.00   0.0060   0.0000      15
 44     3   42.000     4.000        0    6.00     4.00   0.0060   0.0000      15
 45     3   42.000    10.000        0    6.00     8.00   0.0060   0.0000      15
 46     3   42.000    18.000        0    6.00     8.00   0.0060   0.0000      15
 47     3   42.000    28.000        0    6.00    12.00   0.0060   0.0000      15
 48     3   42.000    42.000        0    6.00    16.00   0.0060   0.0000      15
 49     3   48.000     1.000        0    6.00     2.00   0.0060   0.0000      15
 50     3   48.000     4.000        0    6.00     4.00   0.0060   0.0000      15
 51     3   48.000    10.000        0    6.00     8.00   0.0060   0.0000      15
 52     3   48.000    18.000        0    6.00     8.00   0.0060   0.0000      15
 53     3   48.000    28.000        0    6.00    12.00   0.0060   0.0000      15
 54     3   48.000    42.000        0    6.00    16.00   0.0060   0.0000      15
 55     3   -6.700     1.000        0    4.60     2.00   0.0060   0.0000      15
 56     3   -6.000     4.000        0    6.00     4.00   0.0060   0.0000      15
 57     3   -6.000    10.000        0    6.00     8.00   0.0060   0.0000      15
 58     3   -6.000    18.000        0    6.00     8.00   0.0060   0.0000      15
 59     3   -6.000    28.000        0    6.00    12.00   0.0060   0.0000      15
 60     3   -6.000    42.000        0    6.00    16.00   0.0060   0.0000      15
 61     3  -12.000     1.000        0    6.00     2.00   0.0060   0.0000      15
 62     3  -12.000     4.000        0    6.00     4.00   0.0060   0.0000      15
 63     3  -12.000    10.000        0    6.00     8.00   0.0060   0.0000      15
 64     3  -12.000    18.000        0    6.00     8.00   0.0060   0.0000      15
 65     3  -12.000    28.000        0    6.00    12.00   0.0060   0.0000      15
 66     3  -12.000    42.000        0    6.00    16.00   0.0060   0.0000      15
 67     3  -18.000     1.000        0    6.00     2.00   0.0060   0.0000      15
 68     3  -18.000     4.000        0    6.00     4.00   0.0060   0.0000      15
 69     3  -18.000    10.000        0    6.00     8.00   0.0060   0.0000      15
 70     3  -18.000    18.000        0    6.00     8.00   0.0060   0.0000      15
 71     3  -18.000    28.000        0    6.00    12.00   0.0060   0.0000      15
 72     3  -18.000    42.000        0    6.00    16.00   0.0060   0.0000      15
 73     3  -24.000     1.000        0    6.00     2.00   0.0060   0.0000      15
 74     3  -24.000     4.000        0    6.00     4.00   0.0060   0.0000      15
 75     3  -24.000    10.000        0    6.00     8.00   0.0060   0.0000      15
 76     3  -24.000    18.000        0    6.00     8.00   0.0060   0.0000      15
 77     3  -24.000    28.000        0    6.00    12.00   0.0060   0.0000      15
 78     3  -24.000    42.000        0    6.00    16.00   0.0060   0.0000      15
 79     3  -30.000     1.000        0    6.00     2.00   0.0060   0.0000      15
 80     3  -30.000     4.000        0    6.00     4.00   0.0060   0.0000      15
 81     3  -30.000    10.000        0    6.00     8.00   0.0060   0.0000      15
 82     3  -30.000    18.000        0    6.00     8.00   0.0060   0.0000      15
 83     3  -30.000    28.000        0    6.00    12.00   0.0060   0.0000      15
 84     3  -30.000    42.000        0    6.00    16.00   0.0060   0.0000      15
 85     3  -36.000     1.000        0    6.00     2.00   0.0060   0.0000      15
 86     3  -36.000     4.000        0    6.00     4.00   0.0060   0.0000      15
 87     3  -36.000    10.000        0    6.00     8.00   0.0060   0.0000      15
 88     3  -36.000    18.000        0    6.00     8.00   0.0060   0.0000      15
 89     3  -36.000    28.000        0    6.00    12.00   0.0060   0.0000      15
 90     3  -36.000    42.000        0    6.00    16.00   0.0060   0.0000      15
 91     3  -42.000     1.000        0    6.00     2.00   0.0060   0.0000      15
 92     3  -42.000     4.000        0    6.00     4.00   0.0060   0.0000      15
 93     3  -42.000    10.000        0    6.00     8.00   0.0060   0.0000      15
 94     3  -42.000    18.000        0    6.00     8.00   0.0060   0.0000      15
 95     3  -42.000    28.000        0    6.00    12.00   0.0060   0.0000      15
 96     3  -42.000    42.000        0    6.00    16.00   0.0060   0.0000      15
 97     3  -48.000     1.000        0    6.00     2.00   0.0060   0.0000      15
 98     3  -48.000     4.000        0    6.00     4.00   0.0060   0.0000      15
 99     3  -48.000    10.000        0    6.00     8.00   0.0060   0.0000      15
100     3  -48.000    18.000        0    6.00     8.00   0.0060   0.0000      15
101     3  -48.000    28.000        0    6.00    12.00   0.0060   0.0000      15
102     3  -48.000    42.000        0    6.00    16.00   0.0060   0.0000      15
103     3    0.000    -5.400      180    6.00     2.00   0.0060   0.0000      15
104     3    0.000    -8.400      180    6.00     4.00   0.0060   0.0000      15
105     3    0.000   -14.400      180    6.00     8.00   0.0060   0.0000      15
106     3    0.000   -22.400      180    6.00     8.00   0.0060   0.0000      15
107     3    0.000   -32.400      180    6.00    12.00   0.0060   0.0000      15
108     3    0.000   -46.400      180    6.00    16.00   0.0060   0.0000      15
109     3    6.700    -1.000      180    4.60     2.00   0.0060   0.0000      15
110     3    6.000    -4.000      180    6.00     4.00   0.0060   0.0000      15
111     3    6.000   -10.000      180    6.00     8.00   0.0060   0.0000      15
112     3    6.000   -18.000      180    6.00     8.00   0.0060   0.0000      15
113     3    6.000   -28.000      180    6.00    12.00   0.0060   0.0000      15
114     3    6.000   -42.000      180    6.00    16.00   0.0060   0.0000      15
115     3   12.000    -1.000      180    6.00     2.00   0.0060   0.0000      15
116     3   12.000    -4.000      180    6.00     4.00   0.0060   0.0000      15
117     3   12.000   -10.000      180    6.00     8.00   0.0060   0.0000      15
118     3   12.000   -18.000      180    6.00     8.00   0.0060   0.0000      15
119     3   12.000   -28.000      180    6.00    12.00   0.0060   0.0000      15
120     3   12.000   -42.000      180    6.00    16.00   0.0060   0.0000      15
121     3   18.000    -1.000      180    6.00     2.00   0.0060   0.0000      15
122     3   18.000    -4.000      180    6.00     4.00   0.0060   0.0000      15
123     3   18.000   -10.000      180    6.00     8.00   0.0060   0.0000      15
124     3   18.000   -18.000      180    6.00     8.00   0.0060   0.0000      15
125     3   18.000   -28.000      180    6.00    12.00   0.0060   0.0000      15
126     3   18.000   -42.000      180    6.00    16.00   0.0060   0.0000      15
127     3   24.000    -1.000      180    6.00     2.00   0.0060   0.0000      15
128     3   24.000    -4.000      180    6.00     4.00   0.0060   0.0000      15
129     3   24.000   -10.000      180    6.00     8.00   0.0060   0.0000      15
130     3   24.000   -18.000      180    6.00     8.00   0.0060   0.0000      15
131     3   24.000   -28.000      180    6.00    12.00   0.0060   0.0000      15
132     3   24.000   -42.000      180    6.00    16.00   0.0060   0.0000      15
133     3   30.000    -1.000      180    6.00     2.00   0.0060   0.0000      15
134     3   30.000    -4.000      180    6.00     4.00   0.0060   0.0000      15
135     3   30.000   -10.000      180    6.00     8.00   0.0060   0.0000      15
136     3   30.000   -18.000      180    6.00     8.00   0.0060   0.0000      15
137     3   30.000   -28.000      180    6.00    12.00   0.0060   0.0000      15
138     3   30.000   -42.000      180    6.00    16.00   0.0060   0.0000      15
139     3   36.000    -1.000      180    6.00     2.00   0.0060   0.0000      15
140     3   36.000    -4.000      180    6.00     4.00   0.0060   0.0000      15
141     3   36.000   -10.000      180    6.00     8.00   0.0060   0.0000      15
142     3   36.000   -18.000      180    6.00     8.00   0.0060   0.0000      15
143     3   36.000   -28.000      180    6.00    12.00   0.0060   0.0000      15
144     3   36.000   -42.000      180    6.00    16.00   0.0060   0.0000      15
145     3   42.000    -1.000      180    6.00     2.00   0.0060   0.0000      15
146     3   42.000    -4.000      180    6.00     4.00   0.0060   0.0000      15
147     3   42.000   -10.000      180    6.00     8.00   0.0060   0.0000      15
148     3   42.000   -18.000      180    6.00     8.00   0.0060   0.0000      15
149     3   42.000   -28.000      180    6.00    12.00   0.0060   0.0000      15
150     3   42.000   -42.000      180    6.00    16.00   0.0060   0.0000      15
151     3   48.000    -1.000      180    6.00     2.00   0.0060   0.0000      15
152     3   48.000    -4.000      180    6.00     4.00   0.0060   0.0000      15
153     3   48.000   -10.000      180    6.00     8.00   0.0060   0.0000      15
154     3   48.000   -18.000      180    6.00     8.00   0.0060   0.0000      15
155     3   48.000   -28.000      180    6.00    12.00   0.0060   0.0000      15
156     3   48.000   -42.000      180    6.00    16.00   0.0060   0.0000      15
157     3   -6.700    -1.000      180    4.60     2.00   0.0060   0.0000      15
158     3   -6.000    -4.000      180    6.00     4.00   0.0060   0.0000      15
159     3   -6.000   -10.000      180    6.00     8.00   0.0060   0.0000      15
160     3   -6.000   -18.000      180    6.00     8.00   0.0060   0.0000      15
161     3   -6.000   -28.000      180    6.00    12.00   0.0060   0.0000      15
162     3   -6.000   -42.000      180    6.00    16.00   0.0060   0.0000      15
163     3  -12.000    -1.000      180    6.00     2.00   0.0060   0.0000      15
164     3  -12.000    -4.000      180    6.00     4.00   0.0060   0.0000      15
165     3  -12.000   -10.000      180    6.00     8.00   0.0060   0.0000      15
166     3  -12.000   -18.000      180    6.00     8.00   0.0060   0.0000      15
167     3  -12.000   -28.000      180    6.00    12.00   0.0060   0.0000      15
168     3  -12.000   -42.000      180    6.00    16.00   0.0060   0.0000      15
169     3  -18.000    -1.000      180    6.00     2.00   0.0060   0.0000      15
170     3  -18.000    -4.000      180    6.00     4.00   0.0060   0.0000      15
171     3  -18.000   -10.000      180    6.00     8.00   0.0060   0.0000      15
172     3  -18.000   -18.000      180    6.00     8.00   0.0060   0.0000      15
173     3  -18.000   -28.000      180    6.00    12.00   0.0060   0.0000      15
174     3  -18.000   -42.000      180    6.00    16.00   0.0060   0.0000      15
175     3  -24.000    -1.000      180    6.00     2.00   0.0060   0.0000      15
176     3  -24.000    -4.000      180    6.00     4.00   0.0060   0.0000      15
177     3  -24.000   -10.000      180    6.00     8.00   0.0060   0.0000      15
178     3  -24.000   -18.000      180    6.00     8.00   0.0060   0.0000      15
179     3  -24.000   -28.000      180    6.00    12.00   0.0060   0.0000      15
180     3  -24.000   -42.000      180    6.00    16.00   0.0060   0.0000      15
181     3  -30.000    -1.000      180    6.00     2.00   0.0060   0.0000      15
182     3  -30.000    -4.000      180    6.00     4.00   0.0060   0.0000      15
183     3  -30.000   -10.000      180    6.00     8.00   0.0060   0.0000      15
184     3  -30.000   -18.000      180    6.00     8.00   0.0060   0.0000      15
185     3  -30.000   -28.000      180    6.00    12.00   0.0060   0.0000      15
186     3  -30.000   -42.000      180    6.00    16.00   0.0060   0.0000      15
187     3  -36.000    -1.000      180    6.00     2.00   0.0060   0.0000      15
188     3  -36.000    -4.000      180    6.00     4.00   0.0060   0.0000      15
189     3  -36.000   -10.000      180    6.00     8.00   0.0060   0.0000      15
190     3  -36.000   -18.000      180    6.00     8.00   0.0060   0.0000      15
191     3  -36.000   -28.000      180    6.00    12.00   0.0060   0.0000      15
192     3  -36.000   -42.000      180    6.00    16.00   0.0060   0.0000      15
193     3  -42.000    -1.000      180    6.00     2.00   0.0060   0.0000      15
194     3  -42.000    -4.000      180    6.00     4.00   0.0060   0.0000      15
195     3  -42.000   -10.000      180    6.00     8.00   0.0060   0.0000      15
196     3  -42.000   -18.000      180    6.00     8.00   0.0060   0.0000      15
197     3  -42.000   -28.000      180    6.00    12.00   0.0060   0.0000      15
198     3  -42.000   -42.000      180    6.00    16.00   0.0060   0.0000      15
199     3  -48.000    -1.000      180    6.00     2.00   0.0060   0.0000      15
200     3  -48.000    -4.000      180    6.00     4.00   0.0060   0.0000      15
201     3  -48.000   -10.000      180    6.00     8.00   0.0060   0.0000      15
202     3  -48.000   -18.000      180    6.00     8.00   0.0060   0.0000      15
203     3  -48.000   -28.000      180    6.00    12.00   0.0060   0.0000      15
204     3  -48.000   -42.000      180    6.00    16.00   0.0060   0.0000      15
