#################################################################
# Digitisation parameter for STS
# For geometry file sts_standard_full.geo
# 2 pixel stations, 6 strip stations, scheme GSI
#
# Format:
# StationNr global_rot nSectors
# sect iType x0        y0       angle    lx       ly      dx       dy     stereo
#################################################################
[CbmStsDigiPar]
1   0         4
  1     1   10.950     7.700        0   24.40    12.70   0.0050   0.0050       0
  2     1   12.250    -6.400       90   15.30    21.80   0.0050   0.0050       0
  3     1  -10.950    -7.700      180   24.40    12.70   0.0050   0.0050       0
  4     1  -12.250     6.400      270   15.30    21.80   0.0050   0.0050       0
2   0         4
  1     1   12.800     9.000        0   28.50    14.80   0.0050   0.0050       0
  2     1   14.300    -7.450       90   17.90    25.50   0.0050   0.0050       0
  3     1  -12.800    -9.000      180   28.50    14.80   0.0050   0.0050       0
  4     1  -14.300     7.450      270   17.90    25.50   0.0050   0.0050       0
3   0        96
  1     3    3.925     1.050        0    4.25     2.00   0.0060   0.0000      15
  2     3    3.050     4.150        0    6.00     4.00   0.0060   0.0000      15
  3     3    3.050    10.250        0    6.00     8.00   0.0060   0.0000      15
  4     3    3.050    18.350        0    6.00     8.00   0.0060   0.0000      15
  5     3    9.150     1.050        0    6.00     2.00   0.0060   0.0000      15
  6     3    9.150     4.150        0    6.00     4.00   0.0060   0.0000      15
  7     3    9.150    10.250        0    6.00     8.00   0.0060   0.0000      15
  8     3    9.150    18.350        0    6.00     8.00   0.0060   0.0000      15
  9     3   15.250     1.050        0    6.00     2.00   0.0060   0.0000      15
 10     3   15.250     4.150        0    6.00     4.00   0.0060   0.0000      15
 11     3   15.250    10.250        0    6.00     8.00   0.0060   0.0000      15
 12     3   15.250    18.350        0    6.00     8.00   0.0060   0.0000      15
 13     3   21.350     1.050        0    6.00     2.00   0.0060   0.0000      15
 14     3   21.350     4.150        0    6.00     4.00   0.0060   0.0000      15
 15     3   21.350    10.250        0    6.00     8.00   0.0060   0.0000      15
 16     3   21.350    18.350        0    6.00     8.00   0.0060   0.0000      15
 17     3   27.450     1.050        0    6.00     2.00   0.0060   0.0000      15
 18     3   27.450     4.150        0    6.00     4.00   0.0060   0.0000      15
 19     3   27.450    10.250        0    6.00     8.00   0.0060   0.0000      15
 20     3   27.450    18.350        0    6.00     8.00   0.0060   0.0000      15
 21     3   33.550     1.050        0    6.00     2.00   0.0060   0.0000      15
 22     3   33.550     4.150        0    6.00     4.00   0.0060   0.0000      15
 23     3   33.550    10.250        0    6.00     8.00   0.0060   0.0000      15
 24     3   33.550    18.350        0    6.00     8.00   0.0060   0.0000      15
 25     3   -3.925     1.050        0    4.25     2.00   0.0060   0.0000      15
 26     3   -3.050     4.150        0    6.00     4.00   0.0060   0.0000      15
 27     3   -3.050    10.250        0    6.00     8.00   0.0060   0.0000      15
 28     3   -3.050    18.350        0    6.00     8.00   0.0060   0.0000      15
 29     3   -9.150     1.050        0    6.00     2.00   0.0060   0.0000      15
 30     3   -9.150     4.150        0    6.00     4.00   0.0060   0.0000      15
 31     3   -9.150    10.250        0    6.00     8.00   0.0060   0.0000      15
 32     3   -9.150    18.350        0    6.00     8.00   0.0060   0.0000      15
 33     3  -15.250     1.050        0    6.00     2.00   0.0060   0.0000      15
 34     3  -15.250     4.150        0    6.00     4.00   0.0060   0.0000      15
 35     3  -15.250    10.250        0    6.00     8.00   0.0060   0.0000      15
 36     3  -15.250    18.350        0    6.00     8.00   0.0060   0.0000      15
 37     3  -21.350     1.050        0    6.00     2.00   0.0060   0.0000      15
 38     3  -21.350     4.150        0    6.00     4.00   0.0060   0.0000      15
 39     3  -21.350    10.250        0    6.00     8.00   0.0060   0.0000      15
 40     3  -21.350    18.350        0    6.00     8.00   0.0060   0.0000      15
 41     3  -27.450     1.050        0    6.00     2.00   0.0060   0.0000      15
 42     3  -27.450     4.150        0    6.00     4.00   0.0060   0.0000      15
 43     3  -27.450    10.250        0    6.00     8.00   0.0060   0.0000      15
 44     3  -27.450    18.350        0    6.00     8.00   0.0060   0.0000      15
 45     3  -33.550     1.050        0    6.00     2.00   0.0060   0.0000      15
 46     3  -33.550     4.150        0    6.00     4.00   0.0060   0.0000      15
 47     3  -33.550    10.250        0    6.00     8.00   0.0060   0.0000      15
 48     3  -33.550    18.350        0    6.00     8.00   0.0060   0.0000      15
 49     3    3.925    -1.050      180    4.25     2.00   0.0060   0.0000      15
 50     3    3.050    -4.150      180    6.00     4.00   0.0060   0.0000      15
 51     3    3.050   -10.250      180    6.00     8.00   0.0060   0.0000      15
 52     3    3.050   -18.350      180    6.00     8.00   0.0060   0.0000      15
 53     3    9.150    -1.050      180    6.00     2.00   0.0060   0.0000      15
 54     3    9.150    -4.150      180    6.00     4.00   0.0060   0.0000      15
 55     3    9.150   -10.250      180    6.00     8.00   0.0060   0.0000      15
 56     3    9.150   -18.350      180    6.00     8.00   0.0060   0.0000      15
 57     3   15.250    -1.050      180    6.00     2.00   0.0060   0.0000      15
 58     3   15.250    -4.150      180    6.00     4.00   0.0060   0.0000      15
 59     3   15.250   -10.250      180    6.00     8.00   0.0060   0.0000      15
 60     3   15.250   -18.350      180    6.00     8.00   0.0060   0.0000      15
 61     3   21.350    -1.050      180    6.00     2.00   0.0060   0.0000      15
 62     3   21.350    -4.150      180    6.00     4.00   0.0060   0.0000      15
 63     3   21.350   -10.250      180    6.00     8.00   0.0060   0.0000      15
 64     3   21.350   -18.350      180    6.00     8.00   0.0060   0.0000      15
 65     3   27.450    -1.050      180    6.00     2.00   0.0060   0.0000      15
 66     3   27.450    -4.150      180    6.00     4.00   0.0060   0.0000      15
 67     3   27.450   -10.250      180    6.00     8.00   0.0060   0.0000      15
 68     3   27.450   -18.350      180    6.00     8.00   0.0060   0.0000      15
 69     3   33.550    -1.050      180    6.00     2.00   0.0060   0.0000      15
 70     3   33.550    -4.150      180    6.00     4.00   0.0060   0.0000      15
 71     3   33.550   -10.250      180    6.00     8.00   0.0060   0.0000      15
 72     3   33.550   -18.350      180    6.00     8.00   0.0060   0.0000      15
 73     3   -3.925    -1.050      180    4.25     2.00   0.0060   0.0000      15
 74     3   -3.050    -4.150      180    6.00     4.00   0.0060   0.0000      15
 75     3   -3.050   -10.250      180    6.00     8.00   0.0060   0.0000      15
 76     3   -3.050   -18.350      180    6.00     8.00   0.0060   0.0000      15
 77     3   -9.150    -1.050      180    6.00     2.00   0.0060   0.0000      15
 78     3   -9.150    -4.150      180    6.00     4.00   0.0060   0.0000      15
 79     3   -9.150   -10.250      180    6.00     8.00   0.0060   0.0000      15
 80     3   -9.150   -18.350      180    6.00     8.00   0.0060   0.0000      15
 81     3  -15.250    -1.050      180    6.00     2.00   0.0060   0.0000      15
 82     3  -15.250    -4.150      180    6.00     4.00   0.0060   0.0000      15
 83     3  -15.250   -10.250      180    6.00     8.00   0.0060   0.0000      15
 84     3  -15.250   -18.350      180    6.00     8.00   0.0060   0.0000      15
 85     3  -21.350    -1.050      180    6.00     2.00   0.0060   0.0000      15
 86     3  -21.350    -4.150      180    6.00     4.00   0.0060   0.0000      15
 87     3  -21.350   -10.250      180    6.00     8.00   0.0060   0.0000      15
 88     3  -21.350   -18.350      180    6.00     8.00   0.0060   0.0000      15
 89     3  -27.450    -1.050      180    6.00     2.00   0.0060   0.0000      15
 90     3  -27.450    -4.150      180    6.00     4.00   0.0060   0.0000      15
 91     3  -27.450   -10.250      180    6.00     8.00   0.0060   0.0000      15
 92     3  -27.450   -18.350      180    6.00     8.00   0.0060   0.0000      15
 93     3  -33.550    -1.050      180    6.00     2.00   0.0060   0.0000      15
 94     3  -33.550    -4.150      180    6.00     4.00   0.0060   0.0000      15
 95     3  -33.550   -10.250      180    6.00     8.00   0.0060   0.0000      15
 96     3  -33.550   -18.350      180    6.00     8.00   0.0060   0.0000      15
4   0       112
  1     3    4.125     1.050        0    3.85     2.00   0.0060   0.0000      15
  2     3    3.050     4.150        0    6.00     4.00   0.0060   0.0000      15
  3     3    3.050    10.250        0    6.00     8.00   0.0060   0.0000      15
  4     3    3.050    20.350        0    6.00    12.00   0.0060   0.0000      15
  5     3    9.150     1.050        0    6.00     2.00   0.0060   0.0000      15
  6     3    9.150     4.150        0    6.00     4.00   0.0060   0.0000      15
  7     3    9.150    10.250        0    6.00     8.00   0.0060   0.0000      15
  8     3    9.150    20.350        0    6.00    12.00   0.0060   0.0000      15
  9     3   15.250     1.050        0    6.00     2.00   0.0060   0.0000      15
 10     3   15.250     4.150        0    6.00     4.00   0.0060   0.0000      15
 11     3   15.250    10.250        0    6.00     8.00   0.0060   0.0000      15
 12     3   15.250    20.350        0    6.00    12.00   0.0060   0.0000      15
 13     3   21.350     1.050        0    6.00     2.00   0.0060   0.0000      15
 14     3   21.350     4.150        0    6.00     4.00   0.0060   0.0000      15
 15     3   21.350    10.250        0    6.00     8.00   0.0060   0.0000      15
 16     3   21.350    20.350        0    6.00    12.00   0.0060   0.0000      15
 17     3   27.450     1.050        0    6.00     2.00   0.0060   0.0000      15
 18     3   27.450     4.150        0    6.00     4.00   0.0060   0.0000      15
 19     3   27.450    10.250        0    6.00     8.00   0.0060   0.0000      15
 20     3   27.450    20.350        0    6.00    12.00   0.0060   0.0000      15
 21     3   33.550     1.050        0    6.00     2.00   0.0060   0.0000      15
 22     3   33.550     4.150        0    6.00     4.00   0.0060   0.0000      15
 23     3   33.550    10.250        0    6.00     8.00   0.0060   0.0000      15
 24     3   33.550    20.350        0    6.00    12.00   0.0060   0.0000      15
 25     3   39.650     1.050        0    6.00     2.00   0.0060   0.0000      15
 26     3   39.650     4.150        0    6.00     4.00   0.0060   0.0000      15
 27     3   39.650    10.250        0    6.00     8.00   0.0060   0.0000      15
 28     3   39.650    20.350        0    6.00    12.00   0.0060   0.0000      15
 29     3   -4.125     1.050        0    3.85     2.00   0.0060   0.0000      15
 30     3   -3.050     4.150        0    6.00     4.00   0.0060   0.0000      15
 31     3   -3.050    10.250        0    6.00     8.00   0.0060   0.0000      15
 32     3   -3.050    20.350        0    6.00    12.00   0.0060   0.0000      15
 33     3   -9.150     1.050        0    6.00     2.00   0.0060   0.0000      15
 34     3   -9.150     4.150        0    6.00     4.00   0.0060   0.0000      15
 35     3   -9.150    10.250        0    6.00     8.00   0.0060   0.0000      15
 36     3   -9.150    20.350        0    6.00    12.00   0.0060   0.0000      15
 37     3  -15.250     1.050        0    6.00     2.00   0.0060   0.0000      15
 38     3  -15.250     4.150        0    6.00     4.00   0.0060   0.0000      15
 39     3  -15.250    10.250        0    6.00     8.00   0.0060   0.0000      15
 40     3  -15.250    20.350        0    6.00    12.00   0.0060   0.0000      15
 41     3  -21.350     1.050        0    6.00     2.00   0.0060   0.0000      15
 42     3  -21.350     4.150        0    6.00     4.00   0.0060   0.0000      15
 43     3  -21.350    10.250        0    6.00     8.00   0.0060   0.0000      15
 44     3  -21.350    20.350        0    6.00    12.00   0.0060   0.0000      15
 45     3  -27.450     1.050        0    6.00     2.00   0.0060   0.0000      15
 46     3  -27.450     4.150        0    6.00     4.00   0.0060   0.0000      15
 47     3  -27.450    10.250        0    6.00     8.00   0.0060   0.0000      15
 48     3  -27.450    20.350        0    6.00    12.00   0.0060   0.0000      15
 49     3  -33.550     1.050        0    6.00     2.00   0.0060   0.0000      15
 50     3  -33.550     4.150        0    6.00     4.00   0.0060   0.0000      15
 51     3  -33.550    10.250        0    6.00     8.00   0.0060   0.0000      15
 52     3  -33.550    20.350        0    6.00    12.00   0.0060   0.0000      15
 53     3  -39.650     1.050        0    6.00     2.00   0.0060   0.0000      15
 54     3  -39.650     4.150        0    6.00     4.00   0.0060   0.0000      15
 55     3  -39.650    10.250        0    6.00     8.00   0.0060   0.0000      15
 56     3  -39.650    20.350        0    6.00    12.00   0.0060   0.0000      15
 57     3    4.125    -1.050      180    3.85     2.00   0.0060   0.0000      15
 58     3    3.050    -4.150      180    6.00     4.00   0.0060   0.0000      15
 59     3    3.050   -10.250      180    6.00     8.00   0.0060   0.0000      15
 60     3    3.050   -20.350      180    6.00    12.00   0.0060   0.0000      15
 61     3    9.150    -1.050      180    6.00     2.00   0.0060   0.0000      15
 62     3    9.150    -4.150      180    6.00     4.00   0.0060   0.0000      15
 63     3    9.150   -10.250      180    6.00     8.00   0.0060   0.0000      15
 64     3    9.150   -20.350      180    6.00    12.00   0.0060   0.0000      15
 65     3   15.250    -1.050      180    6.00     2.00   0.0060   0.0000      15
 66     3   15.250    -4.150      180    6.00     4.00   0.0060   0.0000      15
 67     3   15.250   -10.250      180    6.00     8.00   0.0060   0.0000      15
 68     3   15.250   -20.350      180    6.00    12.00   0.0060   0.0000      15
 69     3   21.350    -1.050      180    6.00     2.00   0.0060   0.0000      15
 70     3   21.350    -4.150      180    6.00     4.00   0.0060   0.0000      15
 71     3   21.350   -10.250      180    6.00     8.00   0.0060   0.0000      15
 72     3   21.350   -20.350      180    6.00    12.00   0.0060   0.0000      15
 73     3   27.450    -1.050      180    6.00     2.00   0.0060   0.0000      15
 74     3   27.450    -4.150      180    6.00     4.00   0.0060   0.0000      15
 75     3   27.450   -10.250      180    6.00     8.00   0.0060   0.0000      15
 76     3   27.450   -20.350      180    6.00    12.00   0.0060   0.0000      15
 77     3   33.550    -1.050      180    6.00     2.00   0.0060   0.0000      15
 78     3   33.550    -4.150      180    6.00     4.00   0.0060   0.0000      15
 79     3   33.550   -10.250      180    6.00     8.00   0.0060   0.0000      15
 80     3   33.550   -20.350      180    6.00    12.00   0.0060   0.0000      15
 81     3   39.650    -1.050      180    6.00     2.00   0.0060   0.0000      15
 82     3   39.650    -4.150      180    6.00     4.00   0.0060   0.0000      15
 83     3   39.650   -10.250      180    6.00     8.00   0.0060   0.0000      15
 84     3   39.650   -20.350      180    6.00    12.00   0.0060   0.0000      15
 85     3   -4.125    -1.050      180    3.85     2.00   0.0060   0.0000      15
 86     3   -3.050    -4.150      180    6.00     4.00   0.0060   0.0000      15
 87     3   -3.050   -10.250      180    6.00     8.00   0.0060   0.0000      15
 88     3   -3.050   -20.350      180    6.00    12.00   0.0060   0.0000      15
 89     3   -9.150    -1.050      180    6.00     2.00   0.0060   0.0000      15
 90     3   -9.150    -4.150      180    6.00     4.00   0.0060   0.0000      15
 91     3   -9.150   -10.250      180    6.00     8.00   0.0060   0.0000      15
 92     3   -9.150   -20.350      180    6.00    12.00   0.0060   0.0000      15
 93     3  -15.250    -1.050      180    6.00     2.00   0.0060   0.0000      15
 94     3  -15.250    -4.150      180    6.00     4.00   0.0060   0.0000      15
 95     3  -15.250   -10.250      180    6.00     8.00   0.0060   0.0000      15
 96     3  -15.250   -20.350      180    6.00    12.00   0.0060   0.0000      15
 97     3  -21.350    -1.050      180    6.00     2.00   0.0060   0.0000      15
 98     3  -21.350    -4.150      180    6.00     4.00   0.0060   0.0000      15
 99     3  -21.350   -10.250      180    6.00     8.00   0.0060   0.0000      15
100     3  -21.350   -20.350      180    6.00    12.00   0.0060   0.0000      15
101     3  -27.450    -1.050      180    6.00     2.00   0.0060   0.0000      15
102     3  -27.450    -4.150      180    6.00     4.00   0.0060   0.0000      15
103     3  -27.450   -10.250      180    6.00     8.00   0.0060   0.0000      15
104     3  -27.450   -20.350      180    6.00    12.00   0.0060   0.0000      15
105     3  -33.550    -1.050      180    6.00     2.00   0.0060   0.0000      15
106     3  -33.550    -4.150      180    6.00     4.00   0.0060   0.0000      15
107     3  -33.550   -10.250      180    6.00     8.00   0.0060   0.0000      15
108     3  -33.550   -20.350      180    6.00    12.00   0.0060   0.0000      15
109     3  -39.650    -1.050      180    6.00     2.00   0.0060   0.0000      15
110     3  -39.650    -4.150      180    6.00     4.00   0.0060   0.0000      15
111     3  -39.650   -10.250      180    6.00     8.00   0.0060   0.0000      15
112     3  -39.650   -20.350      180    6.00    12.00   0.0060   0.0000      15
5   0       160
  1     3    4.375     1.050        0    3.35     2.00   0.0060   0.0000      15
  2     3    3.050     3.150        0    6.00     2.00   0.0060   0.0000      15
  3     3    3.050     6.250        0    6.00     4.00   0.0060   0.0000      15
  4     3    3.050    12.350        0    6.00     8.00   0.0060   0.0000      15
  5     3    3.050    22.450        0    6.00    12.00   0.0060   0.0000      15
  6     3    9.150     1.050        0    6.00     2.00   0.0060   0.0000      15
  7     3    9.150     3.150        0    6.00     2.00   0.0060   0.0000      15
  8     3    9.150     6.250        0    6.00     4.00   0.0060   0.0000      15
  9     3    9.150    12.350        0    6.00     8.00   0.0060   0.0000      15
 10     3    9.150    22.450        0    6.00    12.00   0.0060   0.0000      15
 11     3   15.250     1.050        0    6.00     2.00   0.0060   0.0000      15
 12     3   15.250     3.150        0    6.00     2.00   0.0060   0.0000      15
 13     3   15.250     6.250        0    6.00     4.00   0.0060   0.0000      15
 14     3   15.250    12.350        0    6.00     8.00   0.0060   0.0000      15
 15     3   15.250    22.450        0    6.00    12.00   0.0060   0.0000      15
 16     3   21.350     1.050        0    6.00     2.00   0.0060   0.0000      15
 17     3   21.350     3.150        0    6.00     2.00   0.0060   0.0000      15
 18     3   21.350     6.250        0    6.00     4.00   0.0060   0.0000      15
 19     3   21.350    12.350        0    6.00     8.00   0.0060   0.0000      15
 20     3   21.350    22.450        0    6.00    12.00   0.0060   0.0000      15
 21     3   27.450     1.050        0    6.00     2.00   0.0060   0.0000      15
 22     3   27.450     3.150        0    6.00     2.00   0.0060   0.0000      15
 23     3   27.450     6.250        0    6.00     4.00   0.0060   0.0000      15
 24     3   27.450    12.350        0    6.00     8.00   0.0060   0.0000      15
 25     3   27.450    22.450        0    6.00    12.00   0.0060   0.0000      15
 26     3   33.550     1.050        0    6.00     2.00   0.0060   0.0000      15
 27     3   33.550     3.150        0    6.00     2.00   0.0060   0.0000      15
 28     3   33.550     6.250        0    6.00     4.00   0.0060   0.0000      15
 29     3   33.550    12.350        0    6.00     8.00   0.0060   0.0000      15
 30     3   33.550    22.450        0    6.00    12.00   0.0060   0.0000      15
 31     3   39.650     1.050        0    6.00     2.00   0.0060   0.0000      15
 32     3   39.650     3.150        0    6.00     2.00   0.0060   0.0000      15
 33     3   39.650     6.250        0    6.00     4.00   0.0060   0.0000      15
 34     3   39.650    12.350        0    6.00     8.00   0.0060   0.0000      15
 35     3   39.650    22.450        0    6.00    12.00   0.0060   0.0000      15
 36     3   45.750     1.050        0    6.00     2.00   0.0060   0.0000      15
 37     3   45.750     3.150        0    6.00     2.00   0.0060   0.0000      15
 38     3   45.750     6.250        0    6.00     4.00   0.0060   0.0000      15
 39     3   45.750    12.350        0    6.00     8.00   0.0060   0.0000      15
 40     3   45.750    22.450        0    6.00    12.00   0.0060   0.0000      15
 41     3   -4.375     1.050        0    3.35     2.00   0.0060   0.0000      15
 42     3   -3.050     3.150        0    6.00     2.00   0.0060   0.0000      15
 43     3   -3.050     6.250        0    6.00     4.00   0.0060   0.0000      15
 44     3   -3.050    12.350        0    6.00     8.00   0.0060   0.0000      15
 45     3   -3.050    22.450        0    6.00    12.00   0.0060   0.0000      15
 46     3   -9.150     1.050        0    6.00     2.00   0.0060   0.0000      15
 47     3   -9.150     3.150        0    6.00     2.00   0.0060   0.0000      15
 48     3   -9.150     6.250        0    6.00     4.00   0.0060   0.0000      15
 49     3   -9.150    12.350        0    6.00     8.00   0.0060   0.0000      15
 50     3   -9.150    22.450        0    6.00    12.00   0.0060   0.0000      15
 51     3  -15.250     1.050        0    6.00     2.00   0.0060   0.0000      15
 52     3  -15.250     3.150        0    6.00     2.00   0.0060   0.0000      15
 53     3  -15.250     6.250        0    6.00     4.00   0.0060   0.0000      15
 54     3  -15.250    12.350        0    6.00     8.00   0.0060   0.0000      15
 55     3  -15.250    22.450        0    6.00    12.00   0.0060   0.0000      15
 56     3  -21.350     1.050        0    6.00     2.00   0.0060   0.0000      15
 57     3  -21.350     3.150        0    6.00     2.00   0.0060   0.0000      15
 58     3  -21.350     6.250        0    6.00     4.00   0.0060   0.0000      15
 59     3  -21.350    12.350        0    6.00     8.00   0.0060   0.0000      15
 60     3  -21.350    22.450        0    6.00    12.00   0.0060   0.0000      15
 61     3  -27.450     1.050        0    6.00     2.00   0.0060   0.0000      15
 62     3  -27.450     3.150        0    6.00     2.00   0.0060   0.0000      15
 63     3  -27.450     6.250        0    6.00     4.00   0.0060   0.0000      15
 64     3  -27.450    12.350        0    6.00     8.00   0.0060   0.0000      15
 65     3  -27.450    22.450        0    6.00    12.00   0.0060   0.0000      15
 66     3  -33.550     1.050        0    6.00     2.00   0.0060   0.0000      15
 67     3  -33.550     3.150        0    6.00     2.00   0.0060   0.0000      15
 68     3  -33.550     6.250        0    6.00     4.00   0.0060   0.0000      15
 69     3  -33.550    12.350        0    6.00     8.00   0.0060   0.0000      15
 70     3  -33.550    22.450        0    6.00    12.00   0.0060   0.0000      15
 71     3  -39.650     1.050        0    6.00     2.00   0.0060   0.0000      15
 72     3  -39.650     3.150        0    6.00     2.00   0.0060   0.0000      15
 73     3  -39.650     6.250        0    6.00     4.00   0.0060   0.0000      15
 74     3  -39.650    12.350        0    6.00     8.00   0.0060   0.0000      15
 75     3  -39.650    22.450        0    6.00    12.00   0.0060   0.0000      15
 76     3  -45.750     1.050        0    6.00     2.00   0.0060   0.0000      15
 77     3  -45.750     3.150        0    6.00     2.00   0.0060   0.0000      15
 78     3  -45.750     6.250        0    6.00     4.00   0.0060   0.0000      15
 79     3  -45.750    12.350        0    6.00     8.00   0.0060   0.0000      15
 80     3  -45.750    22.450        0    6.00    12.00   0.0060   0.0000      15
 81     3    4.375    -1.050      180    3.35     2.00   0.0060   0.0000      15
 82     3    3.050    -3.150      180    6.00     2.00   0.0060   0.0000      15
 83     3    3.050    -6.250      180    6.00     4.00   0.0060   0.0000      15
 84     3    3.050   -12.350      180    6.00     8.00   0.0060   0.0000      15
 85     3    3.050   -22.450      180    6.00    12.00   0.0060   0.0000      15
 86     3    9.150    -1.050      180    6.00     2.00   0.0060   0.0000      15
 87     3    9.150    -3.150      180    6.00     2.00   0.0060   0.0000      15
 88     3    9.150    -6.250      180    6.00     4.00   0.0060   0.0000      15
 89     3    9.150   -12.350      180    6.00     8.00   0.0060   0.0000      15
 90     3    9.150   -22.450      180    6.00    12.00   0.0060   0.0000      15
 91     3   15.250    -1.050      180    6.00     2.00   0.0060   0.0000      15
 92     3   15.250    -3.150      180    6.00     2.00   0.0060   0.0000      15
 93     3   15.250    -6.250      180    6.00     4.00   0.0060   0.0000      15
 94     3   15.250   -12.350      180    6.00     8.00   0.0060   0.0000      15
 95     3   15.250   -22.450      180    6.00    12.00   0.0060   0.0000      15
 96     3   21.350    -1.050      180    6.00     2.00   0.0060   0.0000      15
 97     3   21.350    -3.150      180    6.00     2.00   0.0060   0.0000      15
 98     3   21.350    -6.250      180    6.00     4.00   0.0060   0.0000      15
 99     3   21.350   -12.350      180    6.00     8.00   0.0060   0.0000      15
100     3   21.350   -22.450      180    6.00    12.00   0.0060   0.0000      15
101     3   27.450    -1.050      180    6.00     2.00   0.0060   0.0000      15
102     3   27.450    -3.150      180    6.00     2.00   0.0060   0.0000      15
103     3   27.450    -6.250      180    6.00     4.00   0.0060   0.0000      15
104     3   27.450   -12.350      180    6.00     8.00   0.0060   0.0000      15
105     3   27.450   -22.450      180    6.00    12.00   0.0060   0.0000      15
106     3   33.550    -1.050      180    6.00     2.00   0.0060   0.0000      15
107     3   33.550    -3.150      180    6.00     2.00   0.0060   0.0000      15
108     3   33.550    -6.250      180    6.00     4.00   0.0060   0.0000      15
109     3   33.550   -12.350      180    6.00     8.00   0.0060   0.0000      15
110     3   33.550   -22.450      180    6.00    12.00   0.0060   0.0000      15
111     3   39.650    -1.050      180    6.00     2.00   0.0060   0.0000      15
112     3   39.650    -3.150      180    6.00     2.00   0.0060   0.0000      15
113     3   39.650    -6.250      180    6.00     4.00   0.0060   0.0000      15
114     3   39.650   -12.350      180    6.00     8.00   0.0060   0.0000      15
115     3   39.650   -22.450      180    6.00    12.00   0.0060   0.0000      15
116     3   45.750    -1.050      180    6.00     2.00   0.0060   0.0000      15
117     3   45.750    -3.150      180    6.00     2.00   0.0060   0.0000      15
118     3   45.750    -6.250      180    6.00     4.00   0.0060   0.0000      15
119     3   45.750   -12.350      180    6.00     8.00   0.0060   0.0000      15
120     3   45.750   -22.450      180    6.00    12.00   0.0060   0.0000      15
121     3   -4.375    -1.050      180    3.35     2.00   0.0060   0.0000      15
122     3   -3.050    -3.150      180    6.00     2.00   0.0060   0.0000      15
123     3   -3.050    -6.250      180    6.00     4.00   0.0060   0.0000      15
124     3   -3.050   -12.350      180    6.00     8.00   0.0060   0.0000      15
125     3   -3.050   -22.450      180    6.00    12.00   0.0060   0.0000      15
126     3   -9.150    -1.050      180    6.00     2.00   0.0060   0.0000      15
127     3   -9.150    -3.150      180    6.00     2.00   0.0060   0.0000      15
128     3   -9.150    -6.250      180    6.00     4.00   0.0060   0.0000      15
129     3   -9.150   -12.350      180    6.00     8.00   0.0060   0.0000      15
130     3   -9.150   -22.450      180    6.00    12.00   0.0060   0.0000      15
131     3  -15.250    -1.050      180    6.00     2.00   0.0060   0.0000      15
132     3  -15.250    -3.150      180    6.00     2.00   0.0060   0.0000      15
133     3  -15.250    -6.250      180    6.00     4.00   0.0060   0.0000      15
134     3  -15.250   -12.350      180    6.00     8.00   0.0060   0.0000      15
135     3  -15.250   -22.450      180    6.00    12.00   0.0060   0.0000      15
136     3  -21.350    -1.050      180    6.00     2.00   0.0060   0.0000      15
137     3  -21.350    -3.150      180    6.00     2.00   0.0060   0.0000      15
138     3  -21.350    -6.250      180    6.00     4.00   0.0060   0.0000      15
139     3  -21.350   -12.350      180    6.00     8.00   0.0060   0.0000      15
140     3  -21.350   -22.450      180    6.00    12.00   0.0060   0.0000      15
141     3  -27.450    -1.050      180    6.00     2.00   0.0060   0.0000      15
142     3  -27.450    -3.150      180    6.00     2.00   0.0060   0.0000      15
143     3  -27.450    -6.250      180    6.00     4.00   0.0060   0.0000      15
144     3  -27.450   -12.350      180    6.00     8.00   0.0060   0.0000      15
145     3  -27.450   -22.450      180    6.00    12.00   0.0060   0.0000      15
146     3  -33.550    -1.050      180    6.00     2.00   0.0060   0.0000      15
147     3  -33.550    -3.150      180    6.00     2.00   0.0060   0.0000      15
148     3  -33.550    -6.250      180    6.00     4.00   0.0060   0.0000      15
149     3  -33.550   -12.350      180    6.00     8.00   0.0060   0.0000      15
150     3  -33.550   -22.450      180    6.00    12.00   0.0060   0.0000      15
151     3  -39.650    -1.050      180    6.00     2.00   0.0060   0.0000      15
152     3  -39.650    -3.150      180    6.00     2.00   0.0060   0.0000      15
153     3  -39.650    -6.250      180    6.00     4.00   0.0060   0.0000      15
154     3  -39.650   -12.350      180    6.00     8.00   0.0060   0.0000      15
155     3  -39.650   -22.450      180    6.00    12.00   0.0060   0.0000      15
156     3  -45.750    -1.050      180    6.00     2.00   0.0060   0.0000      15
157     3  -45.750    -3.150      180    6.00     2.00   0.0060   0.0000      15
158     3  -45.750    -6.250      180    6.00     4.00   0.0060   0.0000      15
159     3  -45.750   -12.350      180    6.00     8.00   0.0060   0.0000      15
160     3  -45.750   -22.450      180    6.00    12.00   0.0060   0.0000      15
6   0       170
  1     3    0.000     4.400        0    6.00     2.00   0.0060   0.0000      15
  2     3    0.000     7.500        0    6.00     4.00   0.0060   0.0000      15
  3     3    0.000    13.600        0    6.00     8.00   0.0060   0.0000      15
  4     3    0.000    23.700        0    6.00    12.00   0.0060   0.0000      15
  5     3    0.000    35.800        0    6.00    12.00   0.0060   0.0000      15
  6     3    6.200     1.050        0    5.80     2.00   0.0060   0.0000      15
  7     3    6.100     4.150        0    6.00     4.00   0.0060   0.0000      15
  8     3    6.100    10.250        0    6.00     8.00   0.0060   0.0000      15
  9     3    6.100    20.350        0    6.00    12.00   0.0060   0.0000      15
 10     3    6.100    32.450        0    6.00    12.00   0.0060   0.0000      15
 11     3   12.200     1.050        0    6.00     2.00   0.0060   0.0000      15
 12     3   12.200     4.150        0    6.00     4.00   0.0060   0.0000      15
 13     3   12.200    10.250        0    6.00     8.00   0.0060   0.0000      15
 14     3   12.200    20.350        0    6.00    12.00   0.0060   0.0000      15
 15     3   12.200    32.450        0    6.00    12.00   0.0060   0.0000      15
 16     3   18.300     1.050        0    6.00     2.00   0.0060   0.0000      15
 17     3   18.300     4.150        0    6.00     4.00   0.0060   0.0000      15
 18     3   18.300    10.250        0    6.00     8.00   0.0060   0.0000      15
 19     3   18.300    20.350        0    6.00    12.00   0.0060   0.0000      15
 20     3   18.300    32.450        0    6.00    12.00   0.0060   0.0000      15
 21     3   24.400     1.050        0    6.00     2.00   0.0060   0.0000      15
 22     3   24.400     4.150        0    6.00     4.00   0.0060   0.0000      15
 23     3   24.400    10.250        0    6.00     8.00   0.0060   0.0000      15
 24     3   24.400    20.350        0    6.00    12.00   0.0060   0.0000      15
 25     3   24.400    32.450        0    6.00    12.00   0.0060   0.0000      15
 26     3   30.500     1.050        0    6.00     2.00   0.0060   0.0000      15
 27     3   30.500     4.150        0    6.00     4.00   0.0060   0.0000      15
 28     3   30.500    10.250        0    6.00     8.00   0.0060   0.0000      15
 29     3   30.500    20.350        0    6.00    12.00   0.0060   0.0000      15
 30     3   30.500    32.450        0    6.00    12.00   0.0060   0.0000      15
 31     3   36.600     1.050        0    6.00     2.00   0.0060   0.0000      15
 32     3   36.600     4.150        0    6.00     4.00   0.0060   0.0000      15
 33     3   36.600    10.250        0    6.00     8.00   0.0060   0.0000      15
 34     3   36.600    20.350        0    6.00    12.00   0.0060   0.0000      15
 35     3   36.600    32.450        0    6.00    12.00   0.0060   0.0000      15
 36     3   42.700     1.050        0    6.00     2.00   0.0060   0.0000      15
 37     3   42.700     4.150        0    6.00     4.00   0.0060   0.0000      15
 38     3   42.700    10.250        0    6.00     8.00   0.0060   0.0000      15
 39     3   42.700    20.350        0    6.00    12.00   0.0060   0.0000      15
 40     3   42.700    32.450        0    6.00    12.00   0.0060   0.0000      15
 41     3   48.800     1.050        0    6.00     2.00   0.0060   0.0000      15
 42     3   48.800     4.150        0    6.00     4.00   0.0060   0.0000      15
 43     3   48.800    10.250        0    6.00     8.00   0.0060   0.0000      15
 44     3   48.800    20.350        0    6.00    12.00   0.0060   0.0000      15
 45     3   48.800    32.450        0    6.00    12.00   0.0060   0.0000      15
 46     3   -6.200     1.050        0    5.80     2.00   0.0060   0.0000      15
 47     3   -6.100     4.150        0    6.00     4.00   0.0060   0.0000      15
 48     3   -6.100    10.250        0    6.00     8.00   0.0060   0.0000      15
 49     3   -6.100    20.350        0    6.00    12.00   0.0060   0.0000      15
 50     3   -6.100    32.450        0    6.00    12.00   0.0060   0.0000      15
 51     3  -12.200     1.050        0    6.00     2.00   0.0060   0.0000      15
 52     3  -12.200     4.150        0    6.00     4.00   0.0060   0.0000      15
 53     3  -12.200    10.250        0    6.00     8.00   0.0060   0.0000      15
 54     3  -12.200    20.350        0    6.00    12.00   0.0060   0.0000      15
 55     3  -12.200    32.450        0    6.00    12.00   0.0060   0.0000      15
 56     3  -18.300     1.050        0    6.00     2.00   0.0060   0.0000      15
 57     3  -18.300     4.150        0    6.00     4.00   0.0060   0.0000      15
 58     3  -18.300    10.250        0    6.00     8.00   0.0060   0.0000      15
 59     3  -18.300    20.350        0    6.00    12.00   0.0060   0.0000      15
 60     3  -18.300    32.450        0    6.00    12.00   0.0060   0.0000      15
 61     3  -24.400     1.050        0    6.00     2.00   0.0060   0.0000      15
 62     3  -24.400     4.150        0    6.00     4.00   0.0060   0.0000      15
 63     3  -24.400    10.250        0    6.00     8.00   0.0060   0.0000      15
 64     3  -24.400    20.350        0    6.00    12.00   0.0060   0.0000      15
 65     3  -24.400    32.450        0    6.00    12.00   0.0060   0.0000      15
 66     3  -30.500     1.050        0    6.00     2.00   0.0060   0.0000      15
 67     3  -30.500     4.150        0    6.00     4.00   0.0060   0.0000      15
 68     3  -30.500    10.250        0    6.00     8.00   0.0060   0.0000      15
 69     3  -30.500    20.350        0    6.00    12.00   0.0060   0.0000      15
 70     3  -30.500    32.450        0    6.00    12.00   0.0060   0.0000      15
 71     3  -36.600     1.050        0    6.00     2.00   0.0060   0.0000      15
 72     3  -36.600     4.150        0    6.00     4.00   0.0060   0.0000      15
 73     3  -36.600    10.250        0    6.00     8.00   0.0060   0.0000      15
 74     3  -36.600    20.350        0    6.00    12.00   0.0060   0.0000      15
 75     3  -36.600    32.450        0    6.00    12.00   0.0060   0.0000      15
 76     3  -42.700     1.050        0    6.00     2.00   0.0060   0.0000      15
 77     3  -42.700     4.150        0    6.00     4.00   0.0060   0.0000      15
 78     3  -42.700    10.250        0    6.00     8.00   0.0060   0.0000      15
 79     3  -42.700    20.350        0    6.00    12.00   0.0060   0.0000      15
 80     3  -42.700    32.450        0    6.00    12.00   0.0060   0.0000      15
 81     3  -48.800     1.050        0    6.00     2.00   0.0060   0.0000      15
 82     3  -48.800     4.150        0    6.00     4.00   0.0060   0.0000      15
 83     3  -48.800    10.250        0    6.00     8.00   0.0060   0.0000      15
 84     3  -48.800    20.350        0    6.00    12.00   0.0060   0.0000      15
 85     3  -48.800    32.450        0    6.00    12.00   0.0060   0.0000      15
 86     3    0.000    -4.400      180    6.00     2.00   0.0060   0.0000      15
 87     3    0.000    -7.500      180    6.00     4.00   0.0060   0.0000      15
 88     3    0.000   -13.600      180    6.00     8.00   0.0060   0.0000      15
 89     3    0.000   -23.700      180    6.00    12.00   0.0060   0.0000      15
 90     3    0.000   -35.800      180    6.00    12.00   0.0060   0.0000      15
 91     3    6.200    -1.050      180    5.80     2.00   0.0060   0.0000      15
 92     3    6.100    -4.150      180    6.00     4.00   0.0060   0.0000      15
 93     3    6.100   -10.250      180    6.00     8.00   0.0060   0.0000      15
 94     3    6.100   -20.350      180    6.00    12.00   0.0060   0.0000      15
 95     3    6.100   -32.450      180    6.00    12.00   0.0060   0.0000      15
 96     3   12.200    -1.050      180    6.00     2.00   0.0060   0.0000      15
 97     3   12.200    -4.150      180    6.00     4.00   0.0060   0.0000      15
 98     3   12.200   -10.250      180    6.00     8.00   0.0060   0.0000      15
 99     3   12.200   -20.350      180    6.00    12.00   0.0060   0.0000      15
100     3   12.200   -32.450      180    6.00    12.00   0.0060   0.0000      15
101     3   18.300    -1.050      180    6.00     2.00   0.0060   0.0000      15
102     3   18.300    -4.150      180    6.00     4.00   0.0060   0.0000      15
103     3   18.300   -10.250      180    6.00     8.00   0.0060   0.0000      15
104     3   18.300   -20.350      180    6.00    12.00   0.0060   0.0000      15
105     3   18.300   -32.450      180    6.00    12.00   0.0060   0.0000      15
106     3   24.400    -1.050      180    6.00     2.00   0.0060   0.0000      15
107     3   24.400    -4.150      180    6.00     4.00   0.0060   0.0000      15
108     3   24.400   -10.250      180    6.00     8.00   0.0060   0.0000      15
109     3   24.400   -20.350      180    6.00    12.00   0.0060   0.0000      15
110     3   24.400   -32.450      180    6.00    12.00   0.0060   0.0000      15
111     3   30.500    -1.050      180    6.00     2.00   0.0060   0.0000      15
112     3   30.500    -4.150      180    6.00     4.00   0.0060   0.0000      15
113     3   30.500   -10.250      180    6.00     8.00   0.0060   0.0000      15
114     3   30.500   -20.350      180    6.00    12.00   0.0060   0.0000      15
115     3   30.500   -32.450      180    6.00    12.00   0.0060   0.0000      15
116     3   36.600    -1.050      180    6.00     2.00   0.0060   0.0000      15
117     3   36.600    -4.150      180    6.00     4.00   0.0060   0.0000      15
118     3   36.600   -10.250      180    6.00     8.00   0.0060   0.0000      15
119     3   36.600   -20.350      180    6.00    12.00   0.0060   0.0000      15
120     3   36.600   -32.450      180    6.00    12.00   0.0060   0.0000      15
121     3   42.700    -1.050      180    6.00     2.00   0.0060   0.0000      15
122     3   42.700    -4.150      180    6.00     4.00   0.0060   0.0000      15
123     3   42.700   -10.250      180    6.00     8.00   0.0060   0.0000      15
124     3   42.700   -20.350      180    6.00    12.00   0.0060   0.0000      15
125     3   42.700   -32.450      180    6.00    12.00   0.0060   0.0000      15
126     3   48.800    -1.050      180    6.00     2.00   0.0060   0.0000      15
127     3   48.800    -4.150      180    6.00     4.00   0.0060   0.0000      15
128     3   48.800   -10.250      180    6.00     8.00   0.0060   0.0000      15
129     3   48.800   -20.350      180    6.00    12.00   0.0060   0.0000      15
130     3   48.800   -32.450      180    6.00    12.00   0.0060   0.0000      15
131     3   -6.200    -1.050      180    5.80     2.00   0.0060   0.0000      15
132     3   -6.100    -4.150      180    6.00     4.00   0.0060   0.0000      15
133     3   -6.100   -10.250      180    6.00     8.00   0.0060   0.0000      15
134     3   -6.100   -20.350      180    6.00    12.00   0.0060   0.0000      15
135     3   -6.100   -32.450      180    6.00    12.00   0.0060   0.0000      15
136     3  -12.200    -1.050      180    6.00     2.00   0.0060   0.0000      15
137     3  -12.200    -4.150      180    6.00     4.00   0.0060   0.0000      15
138     3  -12.200   -10.250      180    6.00     8.00   0.0060   0.0000      15
139     3  -12.200   -20.350      180    6.00    12.00   0.0060   0.0000      15
140     3  -12.200   -32.450      180    6.00    12.00   0.0060   0.0000      15
141     3  -18.300    -1.050      180    6.00     2.00   0.0060   0.0000      15
142     3  -18.300    -4.150      180    6.00     4.00   0.0060   0.0000      15
143     3  -18.300   -10.250      180    6.00     8.00   0.0060   0.0000      15
144     3  -18.300   -20.350      180    6.00    12.00   0.0060   0.0000      15
145     3  -18.300   -32.450      180    6.00    12.00   0.0060   0.0000      15
146     3  -24.400    -1.050      180    6.00     2.00   0.0060   0.0000      15
147     3  -24.400    -4.150      180    6.00     4.00   0.0060   0.0000      15
148     3  -24.400   -10.250      180    6.00     8.00   0.0060   0.0000      15
149     3  -24.400   -20.350      180    6.00    12.00   0.0060   0.0000      15
150     3  -24.400   -32.450      180    6.00    12.00   0.0060   0.0000      15
151     3  -30.500    -1.050      180    6.00     2.00   0.0060   0.0000      15
152     3  -30.500    -4.150      180    6.00     4.00   0.0060   0.0000      15
153     3  -30.500   -10.250      180    6.00     8.00   0.0060   0.0000      15
154     3  -30.500   -20.350      180    6.00    12.00   0.0060   0.0000      15
155     3  -30.500   -32.450      180    6.00    12.00   0.0060   0.0000      15
156     3  -36.600    -1.050      180    6.00     2.00   0.0060   0.0000      15
157     3  -36.600    -4.150      180    6.00     4.00   0.0060   0.0000      15
158     3  -36.600   -10.250      180    6.00     8.00   0.0060   0.0000      15
159     3  -36.600   -20.350      180    6.00    12.00   0.0060   0.0000      15
160     3  -36.600   -32.450      180    6.00    12.00   0.0060   0.0000      15
161     3  -42.700    -1.050      180    6.00     2.00   0.0060   0.0000      15
162     3  -42.700    -4.150      180    6.00     4.00   0.0060   0.0000      15
163     3  -42.700   -10.250      180    6.00     8.00   0.0060   0.0000      15
164     3  -42.700   -20.350      180    6.00    12.00   0.0060   0.0000      15
165     3  -42.700   -32.450      180    6.00    12.00   0.0060   0.0000      15
166     3  -48.800    -1.050      180    6.00     2.00   0.0060   0.0000      15
167     3  -48.800    -4.150      180    6.00     4.00   0.0060   0.0000      15
168     3  -48.800   -10.250      180    6.00     8.00   0.0060   0.0000      15
169     3  -48.800   -20.350      180    6.00    12.00   0.0060   0.0000      15
170     3  -48.800   -32.450      180    6.00    12.00   0.0060   0.0000      15
7   0       180
  1     3    0.000     5.300        0    6.00     2.00   0.0060   0.0000      15
  2     3    0.000     8.400        0    6.00     4.00   0.0060   0.0000      15
  3     3    0.000    12.500        0    6.00     4.00   0.0060   0.0000      15
  4     3    0.000    18.600        0    6.00     8.00   0.0060   0.0000      15
  5     3    0.000    28.700        0    6.00    12.00   0.0060   0.0000      15
  6     3    0.000    42.800        0    6.00    16.00   0.0060   0.0000      15
  7     3    6.650     1.050        0    4.90     2.00   0.0060   0.0000      15
  8     3    6.100     4.150        0    6.00     4.00   0.0060   0.0000      15
  9     3    6.100     8.250        0    6.00     4.00   0.0060   0.0000      15
 10     3    6.100    14.350        0    6.00     8.00   0.0060   0.0000      15
 11     3    6.100    24.450        0    6.00    12.00   0.0060   0.0000      15
 12     3    6.100    38.550        0    6.00    16.00   0.0060   0.0000      15
 13     3   12.200     1.050        0    6.00     2.00   0.0060   0.0000      15
 14     3   12.200     4.150        0    6.00     4.00   0.0060   0.0000      15
 15     3   12.200     8.250        0    6.00     4.00   0.0060   0.0000      15
 16     3   12.200    14.350        0    6.00     8.00   0.0060   0.0000      15
 17     3   12.200    24.450        0    6.00    12.00   0.0060   0.0000      15
 18     3   12.200    38.550        0    6.00    16.00   0.0060   0.0000      15
 19     3   18.300     1.050        0    6.00     2.00   0.0060   0.0000      15
 20     3   18.300     4.150        0    6.00     4.00   0.0060   0.0000      15
 21     3   18.300     8.250        0    6.00     4.00   0.0060   0.0000      15
 22     3   18.300    14.350        0    6.00     8.00   0.0060   0.0000      15
 23     3   18.300    24.450        0    6.00    12.00   0.0060   0.0000      15
 24     3   18.300    38.550        0    6.00    16.00   0.0060   0.0000      15
 25     3   24.400     1.050        0    6.00     2.00   0.0060   0.0000      15
 26     3   24.400     4.150        0    6.00     4.00   0.0060   0.0000      15
 27     3   24.400     8.250        0    6.00     4.00   0.0060   0.0000      15
 28     3   24.400    14.350        0    6.00     8.00   0.0060   0.0000      15
 29     3   24.400    24.450        0    6.00    12.00   0.0060   0.0000      15
 30     3   24.400    38.550        0    6.00    16.00   0.0060   0.0000      15
 31     3   30.500     1.050        0    6.00     2.00   0.0060   0.0000      15
 32     3   30.500     4.150        0    6.00     4.00   0.0060   0.0000      15
 33     3   30.500     8.250        0    6.00     4.00   0.0060   0.0000      15
 34     3   30.500    14.350        0    6.00     8.00   0.0060   0.0000      15
 35     3   30.500    24.450        0    6.00    12.00   0.0060   0.0000      15
 36     3   30.500    38.550        0    6.00    16.00   0.0060   0.0000      15
 37     3   36.600     1.050        0    6.00     2.00   0.0060   0.0000      15
 38     3   36.600     4.150        0    6.00     4.00   0.0060   0.0000      15
 39     3   36.600     8.250        0    6.00     4.00   0.0060   0.0000      15
 40     3   36.600    14.350        0    6.00     8.00   0.0060   0.0000      15
 41     3   36.600    24.450        0    6.00    12.00   0.0060   0.0000      15
 42     3   36.600    38.550        0    6.00    16.00   0.0060   0.0000      15
 43     3   42.700     1.050        0    6.00     2.00   0.0060   0.0000      15
 44     3   42.700     4.150        0    6.00     4.00   0.0060   0.0000      15
 45     3   42.700     8.250        0    6.00     4.00   0.0060   0.0000      15
 46     3   42.700    14.350        0    6.00     8.00   0.0060   0.0000      15
 47     3   42.700    24.450        0    6.00    12.00   0.0060   0.0000      15
 48     3   42.700    38.550        0    6.00    16.00   0.0060   0.0000      15
 49     3   -6.650     1.050        0    4.90     2.00   0.0060   0.0000      15
 50     3   -6.100     4.150        0    6.00     4.00   0.0060   0.0000      15
 51     3   -6.100     8.250        0    6.00     4.00   0.0060   0.0000      15
 52     3   -6.100    14.350        0    6.00     8.00   0.0060   0.0000      15
 53     3   -6.100    24.450        0    6.00    12.00   0.0060   0.0000      15
 54     3   -6.100    38.550        0    6.00    16.00   0.0060   0.0000      15
 55     3  -12.200     1.050        0    6.00     2.00   0.0060   0.0000      15
 56     3  -12.200     4.150        0    6.00     4.00   0.0060   0.0000      15
 57     3  -12.200     8.250        0    6.00     4.00   0.0060   0.0000      15
 58     3  -12.200    14.350        0    6.00     8.00   0.0060   0.0000      15
 59     3  -12.200    24.450        0    6.00    12.00   0.0060   0.0000      15
 60     3  -12.200    38.550        0    6.00    16.00   0.0060   0.0000      15
 61     3  -18.300     1.050        0    6.00     2.00   0.0060   0.0000      15
 62     3  -18.300     4.150        0    6.00     4.00   0.0060   0.0000      15
 63     3  -18.300     8.250        0    6.00     4.00   0.0060   0.0000      15
 64     3  -18.300    14.350        0    6.00     8.00   0.0060   0.0000      15
 65     3  -18.300    24.450        0    6.00    12.00   0.0060   0.0000      15
 66     3  -18.300    38.550        0    6.00    16.00   0.0060   0.0000      15
 67     3  -24.400     1.050        0    6.00     2.00   0.0060   0.0000      15
 68     3  -24.400     4.150        0    6.00     4.00   0.0060   0.0000      15
 69     3  -24.400     8.250        0    6.00     4.00   0.0060   0.0000      15
 70     3  -24.400    14.350        0    6.00     8.00   0.0060   0.0000      15
 71     3  -24.400    24.450        0    6.00    12.00   0.0060   0.0000      15
 72     3  -24.400    38.550        0    6.00    16.00   0.0060   0.0000      15
 73     3  -30.500     1.050        0    6.00     2.00   0.0060   0.0000      15
 74     3  -30.500     4.150        0    6.00     4.00   0.0060   0.0000      15
 75     3  -30.500     8.250        0    6.00     4.00   0.0060   0.0000      15
 76     3  -30.500    14.350        0    6.00     8.00   0.0060   0.0000      15
 77     3  -30.500    24.450        0    6.00    12.00   0.0060   0.0000      15
 78     3  -30.500    38.550        0    6.00    16.00   0.0060   0.0000      15
 79     3  -36.600     1.050        0    6.00     2.00   0.0060   0.0000      15
 80     3  -36.600     4.150        0    6.00     4.00   0.0060   0.0000      15
 81     3  -36.600     8.250        0    6.00     4.00   0.0060   0.0000      15
 82     3  -36.600    14.350        0    6.00     8.00   0.0060   0.0000      15
 83     3  -36.600    24.450        0    6.00    12.00   0.0060   0.0000      15
 84     3  -36.600    38.550        0    6.00    16.00   0.0060   0.0000      15
 85     3  -42.700     1.050        0    6.00     2.00   0.0060   0.0000      15
 86     3  -42.700     4.150        0    6.00     4.00   0.0060   0.0000      15
 87     3  -42.700     8.250        0    6.00     4.00   0.0060   0.0000      15
 88     3  -42.700    14.350        0    6.00     8.00   0.0060   0.0000      15
 89     3  -42.700    24.450        0    6.00    12.00   0.0060   0.0000      15
 90     3  -42.700    38.550        0    6.00    16.00   0.0060   0.0000      15
 91     3    0.000    -5.300      180    6.00     2.00   0.0060   0.0000      15
 92     3    0.000    -8.400      180    6.00     4.00   0.0060   0.0000      15
 93     3    0.000   -12.500      180    6.00     4.00   0.0060   0.0000      15
 94     3    0.000   -18.600      180    6.00     8.00   0.0060   0.0000      15
 95     3    0.000   -28.700      180    6.00    12.00   0.0060   0.0000      15
 96     3    0.000   -42.800      180    6.00    16.00   0.0060   0.0000      15
 97     3    6.650    -1.050      180    4.90     2.00   0.0060   0.0000      15
 98     3    6.100    -4.150      180    6.00     4.00   0.0060   0.0000      15
 99     3    6.100    -8.250      180    6.00     4.00   0.0060   0.0000      15
100     3    6.100   -14.350      180    6.00     8.00   0.0060   0.0000      15
101     3    6.100   -24.450      180    6.00    12.00   0.0060   0.0000      15
102     3    6.100   -38.550      180    6.00    16.00   0.0060   0.0000      15
103     3   12.200    -1.050      180    6.00     2.00   0.0060   0.0000      15
104     3   12.200    -4.150      180    6.00     4.00   0.0060   0.0000      15
105     3   12.200    -8.250      180    6.00     4.00   0.0060   0.0000      15
106     3   12.200   -14.350      180    6.00     8.00   0.0060   0.0000      15
107     3   12.200   -24.450      180    6.00    12.00   0.0060   0.0000      15
108     3   12.200   -38.550      180    6.00    16.00   0.0060   0.0000      15
109     3   18.300    -1.050      180    6.00     2.00   0.0060   0.0000      15
110     3   18.300    -4.150      180    6.00     4.00   0.0060   0.0000      15
111     3   18.300    -8.250      180    6.00     4.00   0.0060   0.0000      15
112     3   18.300   -14.350      180    6.00     8.00   0.0060   0.0000      15
113     3   18.300   -24.450      180    6.00    12.00   0.0060   0.0000      15
114     3   18.300   -38.550      180    6.00    16.00   0.0060   0.0000      15
115     3   24.400    -1.050      180    6.00     2.00   0.0060   0.0000      15
116     3   24.400    -4.150      180    6.00     4.00   0.0060   0.0000      15
117     3   24.400    -8.250      180    6.00     4.00   0.0060   0.0000      15
118     3   24.400   -14.350      180    6.00     8.00   0.0060   0.0000      15
119     3   24.400   -24.450      180    6.00    12.00   0.0060   0.0000      15
120     3   24.400   -38.550      180    6.00    16.00   0.0060   0.0000      15
121     3   30.500    -1.050      180    6.00     2.00   0.0060   0.0000      15
122     3   30.500    -4.150      180    6.00     4.00   0.0060   0.0000      15
123     3   30.500    -8.250      180    6.00     4.00   0.0060   0.0000      15
124     3   30.500   -14.350      180    6.00     8.00   0.0060   0.0000      15
125     3   30.500   -24.450      180    6.00    12.00   0.0060   0.0000      15
126     3   30.500   -38.550      180    6.00    16.00   0.0060   0.0000      15
127     3   36.600    -1.050      180    6.00     2.00   0.0060   0.0000      15
128     3   36.600    -4.150      180    6.00     4.00   0.0060   0.0000      15
129     3   36.600    -8.250      180    6.00     4.00   0.0060   0.0000      15
130     3   36.600   -14.350      180    6.00     8.00   0.0060   0.0000      15
131     3   36.600   -24.450      180    6.00    12.00   0.0060   0.0000      15
132     3   36.600   -38.550      180    6.00    16.00   0.0060   0.0000      15
133     3   42.700    -1.050      180    6.00     2.00   0.0060   0.0000      15
134     3   42.700    -4.150      180    6.00     4.00   0.0060   0.0000      15
135     3   42.700    -8.250      180    6.00     4.00   0.0060   0.0000      15
136     3   42.700   -14.350      180    6.00     8.00   0.0060   0.0000      15
137     3   42.700   -24.450      180    6.00    12.00   0.0060   0.0000      15
138     3   42.700   -38.550      180    6.00    16.00   0.0060   0.0000      15
139     3   -6.650    -1.050      180    4.90     2.00   0.0060   0.0000      15
140     3   -6.100    -4.150      180    6.00     4.00   0.0060   0.0000      15
141     3   -6.100    -8.250      180    6.00     4.00   0.0060   0.0000      15
142     3   -6.100   -14.350      180    6.00     8.00   0.0060   0.0000      15
143     3   -6.100   -24.450      180    6.00    12.00   0.0060   0.0000      15
144     3   -6.100   -38.550      180    6.00    16.00   0.0060   0.0000      15
145     3  -12.200    -1.050      180    6.00     2.00   0.0060   0.0000      15
146     3  -12.200    -4.150      180    6.00     4.00   0.0060   0.0000      15
147     3  -12.200    -8.250      180    6.00     4.00   0.0060   0.0000      15
148     3  -12.200   -14.350      180    6.00     8.00   0.0060   0.0000      15
149     3  -12.200   -24.450      180    6.00    12.00   0.0060   0.0000      15
150     3  -12.200   -38.550      180    6.00    16.00   0.0060   0.0000      15
151     3  -18.300    -1.050      180    6.00     2.00   0.0060   0.0000      15
152     3  -18.300    -4.150      180    6.00     4.00   0.0060   0.0000      15
153     3  -18.300    -8.250      180    6.00     4.00   0.0060   0.0000      15
154     3  -18.300   -14.350      180    6.00     8.00   0.0060   0.0000      15
155     3  -18.300   -24.450      180    6.00    12.00   0.0060   0.0000      15
156     3  -18.300   -38.550      180    6.00    16.00   0.0060   0.0000      15
157     3  -24.400    -1.050      180    6.00     2.00   0.0060   0.0000      15
158     3  -24.400    -4.150      180    6.00     4.00   0.0060   0.0000      15
159     3  -24.400    -8.250      180    6.00     4.00   0.0060   0.0000      15
160     3  -24.400   -14.350      180    6.00     8.00   0.0060   0.0000      15
161     3  -24.400   -24.450      180    6.00    12.00   0.0060   0.0000      15
162     3  -24.400   -38.550      180    6.00    16.00   0.0060   0.0000      15
163     3  -30.500    -1.050      180    6.00     2.00   0.0060   0.0000      15
164     3  -30.500    -4.150      180    6.00     4.00   0.0060   0.0000      15
165     3  -30.500    -8.250      180    6.00     4.00   0.0060   0.0000      15
166     3  -30.500   -14.350      180    6.00     8.00   0.0060   0.0000      15
167     3  -30.500   -24.450      180    6.00    12.00   0.0060   0.0000      15
168     3  -30.500   -38.550      180    6.00    16.00   0.0060   0.0000      15
169     3  -36.600    -1.050      180    6.00     2.00   0.0060   0.0000      15
170     3  -36.600    -4.150      180    6.00     4.00   0.0060   0.0000      15
171     3  -36.600    -8.250      180    6.00     4.00   0.0060   0.0000      15
172     3  -36.600   -14.350      180    6.00     8.00   0.0060   0.0000      15
173     3  -36.600   -24.450      180    6.00    12.00   0.0060   0.0000      15
174     3  -36.600   -38.550      180    6.00    16.00   0.0060   0.0000      15
175     3  -42.700    -1.050      180    6.00     2.00   0.0060   0.0000      15
176     3  -42.700    -4.150      180    6.00     4.00   0.0060   0.0000      15
177     3  -42.700    -8.250      180    6.00     4.00   0.0060   0.0000      15
178     3  -42.700   -14.350      180    6.00     8.00   0.0060   0.0000      15
179     3  -42.700   -24.450      180    6.00    12.00   0.0060   0.0000      15
180     3  -42.700   -38.550      180    6.00    16.00   0.0060   0.0000      15
8   0       204
  1     3    0.000     5.500        0    6.00     2.00   0.0060   0.0000      15
  2     3    0.000     8.600        0    6.00     4.00   0.0060   0.0000      15
  3     3    0.000    14.700        0    6.00     8.00   0.0060   0.0000      15
  4     3    0.000    22.800        0    6.00     8.00   0.0060   0.0000      15
  5     3    0.000    32.900        0    6.00    12.00   0.0060   0.0000      15
  6     3    0.000    47.000        0    6.00    16.00   0.0060   0.0000      15
  7     3    6.750     1.050        0    4.70     2.00   0.0060   0.0000      15
  8     3    6.100     4.150        0    6.00     4.00   0.0060   0.0000      15
  9     3    6.100    10.250        0    6.00     8.00   0.0060   0.0000      15
 10     3    6.100    18.350        0    6.00     8.00   0.0060   0.0000      15
 11     3    6.100    28.450        0    6.00    12.00   0.0060   0.0000      15
 12     3    6.100    42.550        0    6.00    16.00   0.0060   0.0000      15
 13     3   12.200     1.050        0    6.00     2.00   0.0060   0.0000      15
 14     3   12.200     4.150        0    6.00     4.00   0.0060   0.0000      15
 15     3   12.200    10.250        0    6.00     8.00   0.0060   0.0000      15
 16     3   12.200    18.350        0    6.00     8.00   0.0060   0.0000      15
 17     3   12.200    28.450        0    6.00    12.00   0.0060   0.0000      15
 18     3   12.200    42.550        0    6.00    16.00   0.0060   0.0000      15
 19     3   18.300     1.050        0    6.00     2.00   0.0060   0.0000      15
 20     3   18.300     4.150        0    6.00     4.00   0.0060   0.0000      15
 21     3   18.300    10.250        0    6.00     8.00   0.0060   0.0000      15
 22     3   18.300    18.350        0    6.00     8.00   0.0060   0.0000      15
 23     3   18.300    28.450        0    6.00    12.00   0.0060   0.0000      15
 24     3   18.300    42.550        0    6.00    16.00   0.0060   0.0000      15
 25     3   24.400     1.050        0    6.00     2.00   0.0060   0.0000      15
 26     3   24.400     4.150        0    6.00     4.00   0.0060   0.0000      15
 27     3   24.400    10.250        0    6.00     8.00   0.0060   0.0000      15
 28     3   24.400    18.350        0    6.00     8.00   0.0060   0.0000      15
 29     3   24.400    28.450        0    6.00    12.00   0.0060   0.0000      15
 30     3   24.400    42.550        0    6.00    16.00   0.0060   0.0000      15
 31     3   30.500     1.050        0    6.00     2.00   0.0060   0.0000      15
 32     3   30.500     4.150        0    6.00     4.00   0.0060   0.0000      15
 33     3   30.500    10.250        0    6.00     8.00   0.0060   0.0000      15
 34     3   30.500    18.350        0    6.00     8.00   0.0060   0.0000      15
 35     3   30.500    28.450        0    6.00    12.00   0.0060   0.0000      15
 36     3   30.500    42.550        0    6.00    16.00   0.0060   0.0000      15
 37     3   36.600     1.050        0    6.00     2.00   0.0060   0.0000      15
 38     3   36.600     4.150        0    6.00     4.00   0.0060   0.0000      15
 39     3   36.600    10.250        0    6.00     8.00   0.0060   0.0000      15
 40     3   36.600    18.350        0    6.00     8.00   0.0060   0.0000      15
 41     3   36.600    28.450        0    6.00    12.00   0.0060   0.0000      15
 42     3   36.600    42.550        0    6.00    16.00   0.0060   0.0000      15
 43     3   42.700     1.050        0    6.00     2.00   0.0060   0.0000      15
 44     3   42.700     4.150        0    6.00     4.00   0.0060   0.0000      15
 45     3   42.700    10.250        0    6.00     8.00   0.0060   0.0000      15
 46     3   42.700    18.350        0    6.00     8.00   0.0060   0.0000      15
 47     3   42.700    28.450        0    6.00    12.00   0.0060   0.0000      15
 48     3   42.700    42.550        0    6.00    16.00   0.0060   0.0000      15
 49     3   48.800     1.050        0    6.00     2.00   0.0060   0.0000      15
 50     3   48.800     4.150        0    6.00     4.00   0.0060   0.0000      15
 51     3   48.800    10.250        0    6.00     8.00   0.0060   0.0000      15
 52     3   48.800    18.350        0    6.00     8.00   0.0060   0.0000      15
 53     3   48.800    28.450        0    6.00    12.00   0.0060   0.0000      15
 54     3   48.800    42.550        0    6.00    16.00   0.0060   0.0000      15
 55     3   -6.750     1.050        0    4.70     2.00   0.0060   0.0000      15
 56     3   -6.100     4.150        0    6.00     4.00   0.0060   0.0000      15
 57     3   -6.100    10.250        0    6.00     8.00   0.0060   0.0000      15
 58     3   -6.100    18.350        0    6.00     8.00   0.0060   0.0000      15
 59     3   -6.100    28.450        0    6.00    12.00   0.0060   0.0000      15
 60     3   -6.100    42.550        0    6.00    16.00   0.0060   0.0000      15
 61     3  -12.200     1.050        0    6.00     2.00   0.0060   0.0000      15
 62     3  -12.200     4.150        0    6.00     4.00   0.0060   0.0000      15
 63     3  -12.200    10.250        0    6.00     8.00   0.0060   0.0000      15
 64     3  -12.200    18.350        0    6.00     8.00   0.0060   0.0000      15
 65     3  -12.200    28.450        0    6.00    12.00   0.0060   0.0000      15
 66     3  -12.200    42.550        0    6.00    16.00   0.0060   0.0000      15
 67     3  -18.300     1.050        0    6.00     2.00   0.0060   0.0000      15
 68     3  -18.300     4.150        0    6.00     4.00   0.0060   0.0000      15
 69     3  -18.300    10.250        0    6.00     8.00   0.0060   0.0000      15
 70     3  -18.300    18.350        0    6.00     8.00   0.0060   0.0000      15
 71     3  -18.300    28.450        0    6.00    12.00   0.0060   0.0000      15
 72     3  -18.300    42.550        0    6.00    16.00   0.0060   0.0000      15
 73     3  -24.400     1.050        0    6.00     2.00   0.0060   0.0000      15
 74     3  -24.400     4.150        0    6.00     4.00   0.0060   0.0000      15
 75     3  -24.400    10.250        0    6.00     8.00   0.0060   0.0000      15
 76     3  -24.400    18.350        0    6.00     8.00   0.0060   0.0000      15
 77     3  -24.400    28.450        0    6.00    12.00   0.0060   0.0000      15
 78     3  -24.400    42.550        0    6.00    16.00   0.0060   0.0000      15
 79     3  -30.500     1.050        0    6.00     2.00   0.0060   0.0000      15
 80     3  -30.500     4.150        0    6.00     4.00   0.0060   0.0000      15
 81     3  -30.500    10.250        0    6.00     8.00   0.0060   0.0000      15
 82     3  -30.500    18.350        0    6.00     8.00   0.0060   0.0000      15
 83     3  -30.500    28.450        0    6.00    12.00   0.0060   0.0000      15
 84     3  -30.500    42.550        0    6.00    16.00   0.0060   0.0000      15
 85     3  -36.600     1.050        0    6.00     2.00   0.0060   0.0000      15
 86     3  -36.600     4.150        0    6.00     4.00   0.0060   0.0000      15
 87     3  -36.600    10.250        0    6.00     8.00   0.0060   0.0000      15
 88     3  -36.600    18.350        0    6.00     8.00   0.0060   0.0000      15
 89     3  -36.600    28.450        0    6.00    12.00   0.0060   0.0000      15
 90     3  -36.600    42.550        0    6.00    16.00   0.0060   0.0000      15
 91     3  -42.700     1.050        0    6.00     2.00   0.0060   0.0000      15
 92     3  -42.700     4.150        0    6.00     4.00   0.0060   0.0000      15
 93     3  -42.700    10.250        0    6.00     8.00   0.0060   0.0000      15
 94     3  -42.700    18.350        0    6.00     8.00   0.0060   0.0000      15
 95     3  -42.700    28.450        0    6.00    12.00   0.0060   0.0000      15
 96     3  -42.700    42.550        0    6.00    16.00   0.0060   0.0000      15
 97     3  -48.800     1.050        0    6.00     2.00   0.0060   0.0000      15
 98     3  -48.800     4.150        0    6.00     4.00   0.0060   0.0000      15
 99     3  -48.800    10.250        0    6.00     8.00   0.0060   0.0000      15
100     3  -48.800    18.350        0    6.00     8.00   0.0060   0.0000      15
101     3  -48.800    28.450        0    6.00    12.00   0.0060   0.0000      15
102     3  -48.800    42.550        0    6.00    16.00   0.0060   0.0000      15
103     3    0.000    -5.500      180    6.00     2.00   0.0060   0.0000      15
104     3    0.000    -8.600      180    6.00     4.00   0.0060   0.0000      15
105     3    0.000   -14.700      180    6.00     8.00   0.0060   0.0000      15
106     3    0.000   -22.800      180    6.00     8.00   0.0060   0.0000      15
107     3    0.000   -32.900      180    6.00    12.00   0.0060   0.0000      15
108     3    0.000   -47.000      180    6.00    16.00   0.0060   0.0000      15
109     3    6.750    -1.050      180    4.70     2.00   0.0060   0.0000      15
110     3    6.100    -4.150      180    6.00     4.00   0.0060   0.0000      15
111     3    6.100   -10.250      180    6.00     8.00   0.0060   0.0000      15
112     3    6.100   -18.350      180    6.00     8.00   0.0060   0.0000      15
113     3    6.100   -28.450      180    6.00    12.00   0.0060   0.0000      15
114     3    6.100   -42.550      180    6.00    16.00   0.0060   0.0000      15
115     3   12.200    -1.050      180    6.00     2.00   0.0060   0.0000      15
116     3   12.200    -4.150      180    6.00     4.00   0.0060   0.0000      15
117     3   12.200   -10.250      180    6.00     8.00   0.0060   0.0000      15
118     3   12.200   -18.350      180    6.00     8.00   0.0060   0.0000      15
119     3   12.200   -28.450      180    6.00    12.00   0.0060   0.0000      15
120     3   12.200   -42.550      180    6.00    16.00   0.0060   0.0000      15
121     3   18.300    -1.050      180    6.00     2.00   0.0060   0.0000      15
122     3   18.300    -4.150      180    6.00     4.00   0.0060   0.0000      15
123     3   18.300   -10.250      180    6.00     8.00   0.0060   0.0000      15
124     3   18.300   -18.350      180    6.00     8.00   0.0060   0.0000      15
125     3   18.300   -28.450      180    6.00    12.00   0.0060   0.0000      15
126     3   18.300   -42.550      180    6.00    16.00   0.0060   0.0000      15
127     3   24.400    -1.050      180    6.00     2.00   0.0060   0.0000      15
128     3   24.400    -4.150      180    6.00     4.00   0.0060   0.0000      15
129     3   24.400   -10.250      180    6.00     8.00   0.0060   0.0000      15
130     3   24.400   -18.350      180    6.00     8.00   0.0060   0.0000      15
131     3   24.400   -28.450      180    6.00    12.00   0.0060   0.0000      15
132     3   24.400   -42.550      180    6.00    16.00   0.0060   0.0000      15
133     3   30.500    -1.050      180    6.00     2.00   0.0060   0.0000      15
134     3   30.500    -4.150      180    6.00     4.00   0.0060   0.0000      15
135     3   30.500   -10.250      180    6.00     8.00   0.0060   0.0000      15
136     3   30.500   -18.350      180    6.00     8.00   0.0060   0.0000      15
137     3   30.500   -28.450      180    6.00    12.00   0.0060   0.0000      15
138     3   30.500   -42.550      180    6.00    16.00   0.0060   0.0000      15
139     3   36.600    -1.050      180    6.00     2.00   0.0060   0.0000      15
140     3   36.600    -4.150      180    6.00     4.00   0.0060   0.0000      15
141     3   36.600   -10.250      180    6.00     8.00   0.0060   0.0000      15
142     3   36.600   -18.350      180    6.00     8.00   0.0060   0.0000      15
143     3   36.600   -28.450      180    6.00    12.00   0.0060   0.0000      15
144     3   36.600   -42.550      180    6.00    16.00   0.0060   0.0000      15
145     3   42.700    -1.050      180    6.00     2.00   0.0060   0.0000      15
146     3   42.700    -4.150      180    6.00     4.00   0.0060   0.0000      15
147     3   42.700   -10.250      180    6.00     8.00   0.0060   0.0000      15
148     3   42.700   -18.350      180    6.00     8.00   0.0060   0.0000      15
149     3   42.700   -28.450      180    6.00    12.00   0.0060   0.0000      15
150     3   42.700   -42.550      180    6.00    16.00   0.0060   0.0000      15
151     3   48.800    -1.050      180    6.00     2.00   0.0060   0.0000      15
152     3   48.800    -4.150      180    6.00     4.00   0.0060   0.0000      15
153     3   48.800   -10.250      180    6.00     8.00   0.0060   0.0000      15
154     3   48.800   -18.350      180    6.00     8.00   0.0060   0.0000      15
155     3   48.800   -28.450      180    6.00    12.00   0.0060   0.0000      15
156     3   48.800   -42.550      180    6.00    16.00   0.0060   0.0000      15
157     3   -6.750    -1.050      180    4.70     2.00   0.0060   0.0000      15
158     3   -6.100    -4.150      180    6.00     4.00   0.0060   0.0000      15
159     3   -6.100   -10.250      180    6.00     8.00   0.0060   0.0000      15
160     3   -6.100   -18.350      180    6.00     8.00   0.0060   0.0000      15
161     3   -6.100   -28.450      180    6.00    12.00   0.0060   0.0000      15
162     3   -6.100   -42.550      180    6.00    16.00   0.0060   0.0000      15
163     3  -12.200    -1.050      180    6.00     2.00   0.0060   0.0000      15
164     3  -12.200    -4.150      180    6.00     4.00   0.0060   0.0000      15
165     3  -12.200   -10.250      180    6.00     8.00   0.0060   0.0000      15
166     3  -12.200   -18.350      180    6.00     8.00   0.0060   0.0000      15
167     3  -12.200   -28.450      180    6.00    12.00   0.0060   0.0000      15
168     3  -12.200   -42.550      180    6.00    16.00   0.0060   0.0000      15
169     3  -18.300    -1.050      180    6.00     2.00   0.0060   0.0000      15
170     3  -18.300    -4.150      180    6.00     4.00   0.0060   0.0000      15
171     3  -18.300   -10.250      180    6.00     8.00   0.0060   0.0000      15
172     3  -18.300   -18.350      180    6.00     8.00   0.0060   0.0000      15
173     3  -18.300   -28.450      180    6.00    12.00   0.0060   0.0000      15
174     3  -18.300   -42.550      180    6.00    16.00   0.0060   0.0000      15
175     3  -24.400    -1.050      180    6.00     2.00   0.0060   0.0000      15
176     3  -24.400    -4.150      180    6.00     4.00   0.0060   0.0000      15
177     3  -24.400   -10.250      180    6.00     8.00   0.0060   0.0000      15
178     3  -24.400   -18.350      180    6.00     8.00   0.0060   0.0000      15
179     3  -24.400   -28.450      180    6.00    12.00   0.0060   0.0000      15
180     3  -24.400   -42.550      180    6.00    16.00   0.0060   0.0000      15
181     3  -30.500    -1.050      180    6.00     2.00   0.0060   0.0000      15
182     3  -30.500    -4.150      180    6.00     4.00   0.0060   0.0000      15
183     3  -30.500   -10.250      180    6.00     8.00   0.0060   0.0000      15
184     3  -30.500   -18.350      180    6.00     8.00   0.0060   0.0000      15
185     3  -30.500   -28.450      180    6.00    12.00   0.0060   0.0000      15
186     3  -30.500   -42.550      180    6.00    16.00   0.0060   0.0000      15
187     3  -36.600    -1.050      180    6.00     2.00   0.0060   0.0000      15
188     3  -36.600    -4.150      180    6.00     4.00   0.0060   0.0000      15
189     3  -36.600   -10.250      180    6.00     8.00   0.0060   0.0000      15
190     3  -36.600   -18.350      180    6.00     8.00   0.0060   0.0000      15
191     3  -36.600   -28.450      180    6.00    12.00   0.0060   0.0000      15
192     3  -36.600   -42.550      180    6.00    16.00   0.0060   0.0000      15
193     3  -42.700    -1.050      180    6.00     2.00   0.0060   0.0000      15
194     3  -42.700    -4.150      180    6.00     4.00   0.0060   0.0000      15
195     3  -42.700   -10.250      180    6.00     8.00   0.0060   0.0000      15
196     3  -42.700   -18.350      180    6.00     8.00   0.0060   0.0000      15
197     3  -42.700   -28.450      180    6.00    12.00   0.0060   0.0000      15
198     3  -42.700   -42.550      180    6.00    16.00   0.0060   0.0000      15
199     3  -48.800    -1.050      180    6.00     2.00   0.0060   0.0000      15
200     3  -48.800    -4.150      180    6.00     4.00   0.0060   0.0000      15
201     3  -48.800   -10.250      180    6.00     8.00   0.0060   0.0000      15
202     3  -48.800   -18.350      180    6.00     8.00   0.0060   0.0000      15
203     3  -48.800   -28.450      180    6.00    12.00   0.0060   0.0000      15
204     3  -48.800   -42.550      180    6.00    16.00   0.0060   0.0000      15
