##############################################################################
# Class:   CbmTrdDigiPar
# Context: TestDefaultContext
##############################################################################
[CbmTrdDigiPar]
//----------------------------------------------------------------------------
NrOfModules:  Int_t  708 
MaxSectors:  Int_t  3 
ModuleIdArray:  Int_t \
  135717 135749 136229 136261 136741 136773 137253 137285 139813 139845  \
  140325 140357 140837 140869 141349 141381 143909 143941 144421 144453  \
  144933 144965 145445 145477 148005 148037 148517 148549 149029 149061  \
  149541 149573 152165 152677 156229 156261 156741 156773 157253 157765  \
  160293 160357 160805 160869 161317 161829 164389 164421 164453 164901  \
  164933 164965 165413 165445 165925 165957 266789 266821 267301 267333  \
  267813 267845 268325 268357 270885 270917 271397 271429 271909 271941  \
  272421 272453 274981 275013 275493 275525 276005 276037 276517 276549  \
  279077 279109 279589 279621 280101 280133 280613 280645 283237 283749  \
  287301 287333 287813 287845 288325 288837 291365 291429 291877 291941  \
  292389 292901 295461 295493 295525 295973 296005 296037 296485 296517  \
  296997 297029 397861 397893 398373 398405 398885 398917 399397 399429  \
  401957 401989 402469 402501 402981 403013 403493 403525 406053 406085  \
  406565 406597 407077 407109 407589 407621 410149 410181 410661 410693  \
  411173 411205 411685 411717 414309 414821 418373 418405 418885 418917  \
  419397 419909 422437 422501 422949 423013 423461 423973 426533 426565  \
  426597 427045 427077 427109 427557 427589 428069 428101 528933 528965  \
  529445 529477 529957 529989 530469 530501 533029 533061 533541 533573  \
  534053 534085 534565 534597 537125 537157 537637 537669 538149 538181  \
  538661 538693 541221 541253 541733 541765 542245 542277 542757 542789  \
  545381 545893 549445 549477 549957 549989 550469 550981 553509 553573  \
  554021 554085 554533 555045 557605 557637 557669 558117 558149 558181  \
  558629 558661 559141 559173 660005 660517 661029 661541 668197 668229  \
  668709 668741 669221 669253 669733 669765 676453 676965 680517 680549  \
  681029 681061 681541 682053 684581 684645 685093 685157 685605 686117  \
  688677 688709 688741 689189 689221 689253 689701 689733 690213 690245  \
  791077 791589 792101 792613 799269 799301 799781 799813 800293 800325  \
  800805 800837 807525 808037 811589 811621 812101 812133 812613 813125  \
  815653 815717 816165 816229 816677 817189 819749 819781 819813 820261  \
  820293 820325 820773 820805 821285 821317 922149 922661 923173 923685  \
  930341 930373 930853 930885 931365 931397 931877 931909 938597 939109  \
  942661 942693 943173 943205 943685 944197 946725 946789 947237 947301  \
  947749 948261 950821 950853 950885 951333 951365 951397 951845 951877  \
  952357 952389 1053221 1053733 1054245 1054757 1061413 1061445 1061925 1061957  \
  1062437 1062469 1062949 1062981 1069669 1070181 1073733 1073765 1074245 1074277  \
  1074757 1075269 1077797 1077861 1078309 1078373 1078821 1079333 1081893 1081925  \
  1081957 1082405 1082437 1082469 1082917 1082949 1083429 1083461 1192517 1193029  \
  1193541 1194053 1204805 1204837 1205317 1205349 1205829 1206341 1208869 1208933  \
  1209381 1209445 1209893 1210405 1212965 1212997 1213029 1213477 1213509 1213541  \
  1213989 1214021 1214501 1214533 1323589 1324101 1324613 1325125 1335877 1335909  \
  1336389 1336421 1336901 1337413 1339941 1340005 1340453 1340517 1340965 1341477  \
  1344037 1344069 1344101 1344549 1344581 1344613 1345061 1345093 1345573 1345605  \
  1454661 1455173 1455685 1456197 1466949 1466981 1467461 1467493 1467973 1468485  \
  1471013 1471077 1471525 1471589 1472037 1472549 1475109 1475141 1475173 1475621  \
  1475653 1475685 1476133 1476165 1476645 1476677 1585733 1586245 1586757 1587269  \
  1598021 1598053 1598533 1598565 1599045 1599557 1602085 1602149 1602597 1602661  \
  1603109 1603621 1606181 1606213 1606245 1606693 1606725 1606757 1607205 1607237  \
  1607717 1607749 1733221 1733733 1737253 1737285 1737317 1737765 1737797 1737829  \
  1738277 1738309 1738789 1738821 1864293 1864805 1868325 1868357 1868389 1868837  \
  1868869 1868901 1869349 1869381 1869861 1869893 1995365 1995877 1999429 1999461  \
  1999941 1999973 2000453 2000965 2126437 2126949 2130501 2130533 2131013 2131045  \
  2131525 2132037 2257509 2258021 2261573 2261605 2262085 2262117 2262597 2263109  \
  2388581 2389093 2392645 2392677 2393157 2393189 2393669 2394181 2519653 2520165  \
  2523717 2523749 2524229 2524261 2524741 2525253 2650725 2651237 2654789 2654821  \
  2655301 2655333 2655813 2656325 2781797 2782309 2785861 2785893 2786373 2786405  \
  2786885 2787397 2912869 2913381 2916933 2916965 2917445 2917477 2917957 2918469  \
  3043941 3044453 3048005 3048037 3048517 3048549 3049029 3049541 3175013 3175525  \
  3179077 3179109 3179589 3179621 3180101 3180613 3310149 3310181 3310661 3310693  \
  3311173 3311685 3441221 3441253 3441733 3441765 3442245 3442757 3572293 3572325  \
  3572805 3572837 3573317 3573829 3703365 3703397 3703877 3703909 3704389 3704901  \
  3834437 3834469 3834949 3834981 3835461 3835973 3965509 3965541 3966021 3966053  \
  3966533 3967045 4096581 4096613 4097093 4097125 4097605 4098117 4227653 4227685  \
  4228165 4228197 4228677 4229189 4358725 4358757 4359237 4359269 4359749 4360261  \
  4489797 4489829 4490309 4490341 4490821 4491333 4620869 4620901 4621381 4621413  \
  4621893 4622405 4751941 4751973 4752453 4752485 4752965 4753477 4883013 4883045  \
  4883525 4883557 4884037 4884549 5014085 5014117 5014597 5014629 5015109 5015621  \
  5145157 5145189 5145669 5145701 5146181 5146693 5276229 5276261 5276741 5276773  \
  5277253 5277765 5407301 5407333 5407813 5407845 5408325 5408837 5538373 5538405  \
  5538885 5538917 5539397 5539909 5669477 5669989 5800549 5801061 5931621 5932133  \
  6062693 6063205 6193765 6194277 6324837 6325349 6455909 6456421 6586981 6587493  \
  6718053 6718565 6849125 6849637 6980197 6980709 7111269 7111781 
135717:  Double_t \
  -60 -60 486.6 28.5 28.5 0.6 57 24 0.75 1.5  \
  57 9 0.75 1.5 57 24 0.75 1.5 
135749:  Double_t \
  0 -60 711.6 28.5 28.5 0.6 57 24 0.75 1.5  \
  57 9 0.75 1.5 57 24 0.75 1.5 
136229:  Double_t \
  -60 -60 536.6 28.5 28.5 0.6 24 57 1.5 0.75  \
  9 57 1.5 0.75 24 57 1.5 0.75 
136261:  Double_t \
  0 -60 761.6 28.5 28.5 0.6 24 57 1.5 0.75  \
  9 57 1.5 0.75 24 57 1.5 0.75 
136741:  Double_t \
  -60 -60 586.6 28.5 28.5 0.6 57 24 0.75 1.5  \
  57 9 0.75 1.5 57 24 0.75 1.5 
136773:  Double_t \
  0 -60 811.6 28.5 28.5 0.6 57 24 0.75 1.5  \
  57 9 0.75 1.5 57 24 0.75 1.5 
137253:  Double_t \
  -60 -60 636.6 28.5 28.5 0.6 24 57 1.5 0.75  \
  9 57 1.5 0.75 24 57 1.5 0.75 
137285:  Double_t \
  0 -60 861.6 28.5 28.5 0.6 24 57 1.5 0.75  \
  9 57 1.5 0.75 24 57 1.5 0.75 
139813:  Double_t \
  0 -120 486.6 28.5 28.5 0.6 57 24 0.75 1.5  \
  57 9 0.75 1.5 57 24 0.75 1.5 
139845:  Double_t \
  -60 -60 711.6 28.5 28.5 0.6 57 24 0.75 1.5  \
  57 9 0.75 1.5 57 24 0.75 1.5 
140325:  Double_t \
  0 -120 536.6 28.5 28.5 0.6 24 57 1.5 0.75  \
  9 57 1.5 0.75 24 57 1.5 0.75 
140357:  Double_t \
  -60 -60 761.6 28.5 28.5 0.6 24 57 1.5 0.75  \
  9 57 1.5 0.75 24 57 1.5 0.75 
140837:  Double_t \
  0 -120 586.6 28.5 28.5 0.6 57 24 0.75 1.5  \
  57 9 0.75 1.5 57 24 0.75 1.5 
140869:  Double_t \
  -60 -60 811.6 28.5 28.5 0.6 57 24 0.75 1.5  \
  57 9 0.75 1.5 57 24 0.75 1.5 
141349:  Double_t \
  0 -120 636.6 28.5 28.5 0.6 24 57 1.5 0.75  \
  9 57 1.5 0.75 24 57 1.5 0.75 
141381:  Double_t \
  -60 -60 861.6 28.5 28.5 0.6 24 57 1.5 0.75  \
  9 57 1.5 0.75 24 57 1.5 0.75 
143909:  Double_t \
  -60 -120 486.6 28.5 28.5 0.6 57 24 0.75 1.5  \
  57 9 0.75 1.5 57 24 0.75 1.5 
143941:  Double_t \
  -60 -120 711.6 28.5 28.5 0.6 57 24 0.75 1.5  \
  57 9 0.75 1.5 57 24 0.75 1.5 
144421:  Double_t \
  -60 -120 536.6 28.5 28.5 0.6 24 57 1.5 0.75  \
  9 57 1.5 0.75 24 57 1.5 0.75 
144453:  Double_t \
  -60 -120 761.6 28.5 28.5 0.6 24 57 1.5 0.75  \
  9 57 1.5 0.75 24 57 1.5 0.75 
144933:  Double_t \
  -60 -120 586.6 28.5 28.5 0.6 57 24 0.75 1.5  \
  57 9 0.75 1.5 57 24 0.75 1.5 
144965:  Double_t \
  -60 -120 811.6 28.5 28.5 0.6 57 24 0.75 1.5  \
  57 9 0.75 1.5 57 24 0.75 1.5 
145445:  Double_t \
  -60 -120 636.6 28.5 28.5 0.6 24 57 1.5 0.75  \
  9 57 1.5 0.75 24 57 1.5 0.75 
145477:  Double_t \
  -60 -120 861.6 28.5 28.5 0.6 24 57 1.5 0.75  \
  9 57 1.5 0.75 24 57 1.5 0.75 
148005:  Double_t \
  -120 -120 486.6 28.5 28.5 0.6 57 24 0.75 1.5  \
  57 9 0.75 1.5 57 24 0.75 1.5 
148037:  Double_t \
  -120 -120 711.6 28.5 28.5 0.6 57 24 0.75 1.5  \
  57 9 0.75 1.5 57 24 0.75 1.5 
148517:  Double_t \
  -120 -120 536.6 28.5 28.5 0.6 24 57 1.5 0.75  \
  9 57 1.5 0.75 24 57 1.5 0.75 
148549:  Double_t \
  -120 -120 761.6 28.5 28.5 0.6 24 57 1.5 0.75  \
  9 57 1.5 0.75 24 57 1.5 0.75 
149029:  Double_t \
  -120 -120 586.6 28.5 28.5 0.6 57 24 0.75 1.5  \
  57 9 0.75 1.5 57 24 0.75 1.5 
149061:  Double_t \
  -120 -120 811.6 28.5 28.5 0.6 57 24 0.75 1.5  \
  57 9 0.75 1.5 57 24 0.75 1.5 
149541:  Double_t \
  -120 -120 636.6 28.5 28.5 0.6 24 57 1.5 0.75  \
  9 57 1.5 0.75 24 57 1.5 0.75 
149573:  Double_t \
  -120 -120 861.6 28.5 28.5 0.6 24 57 1.5 0.75  \
  9 57 1.5 0.75 24 57 1.5 0.75 
152165:  Double_t \
  -100 -100 936.6 48 48 0.6 96 30 0.75 1.5  \
  96 36 0.75 1.5 96 30 0.75 1.5 
152677:  Double_t \
  -100 -100 986.6 48 48 0.6 30 96 1.5 0.75  \
  36 96 1.5 0.75 30 96 1.5 0.75 
156229:  Double_t \
  -100 -200 711.6 48 48 0.6 96 30 0.75 1.5  \
  96 36 0.75 1.5 96 30 0.75 1.5 
156261:  Double_t \
  -100 -200 936.6 48 48 0.6 96 30 0.75 1.5  \
  96 36 0.75 1.5 96 30 0.75 1.5 
156741:  Double_t \
  -100 -200 761.6 48 48 0.6 30 96 1.5 0.75  \
  36 96 1.5 0.75 30 96 1.5 0.75 
156773:  Double_t \
  -100 -200 986.6 48 48 0.6 30 96 1.5 0.75  \
  36 96 1.5 0.75 30 96 1.5 0.75 
157253:  Double_t \
  -100 -200 811.6 48 48 0.6 96 30 0.75 1.5  \
  96 36 0.75 1.5 96 30 0.75 1.5 
157765:  Double_t \
  -100 -200 861.6 48 48 0.6 30 96 1.5 0.75  \
  36 96 1.5 0.75 30 96 1.5 0.75 
160293:  Double_t \
  -100 -200 486.6 48 48 0.6 96 30 0.75 1.5  \
  96 36 0.75 1.5 96 30 0.75 1.5 
160357:  Double_t \
  -200 -300 936.6 48 48 0.6 96 30 0.75 1.5  \
  96 36 0.75 1.5 96 30 0.75 1.5 
160805:  Double_t \
  -100 -200 536.6 48 48 0.6 30 96 1.5 0.75  \
  36 96 1.5 0.75 30 96 1.5 0.75 
160869:  Double_t \
  -200 -300 986.6 48 48 0.6 30 96 1.5 0.75  \
  36 96 1.5 0.75 30 96 1.5 0.75 
161317:  Double_t \
  -100 -200 586.6 48 48 0.6 96 30 0.75 1.5  \
  96 36 0.75 1.5 96 30 0.75 1.5 
161829:  Double_t \
  -100 -200 636.6 48 48 0.6 30 96 1.5 0.75  \
  36 96 1.5 0.75 30 96 1.5 0.75 
164389:  Double_t \
  -300 -200 486.6 48 48 0.6 96 30 0.75 1.5  \
  96 36 0.75 1.5 96 30 0.75 1.5 
164421:  Double_t \
  -400 -300 711.6 48 48 0.6 96 30 0.75 1.5  \
  96 36 0.75 1.5 96 30 0.75 1.5 
164453:  Double_t \
  -500 -400 936.6 48 48 0.6 96 30 0.75 1.5  \
  96 36 0.75 1.5 96 30 0.75 1.5 
164901:  Double_t \
  -300 -200 536.6 48 48 0.6 30 96 1.5 0.75  \
  36 96 1.5 0.75 30 96 1.5 0.75 
164933:  Double_t \
  -400 -300 761.6 48 48 0.6 30 96 1.5 0.75  \
  36 96 1.5 0.75 30 96 1.5 0.75 
164965:  Double_t \
  -500 -400 986.6 48 48 0.6 30 96 1.5 0.75  \
  36 96 1.5 0.75 30 96 1.5 0.75 
165413:  Double_t \
  -300 -200 586.6 48 48 0.6 96 30 0.75 1.5  \
  96 36 0.75 1.5 96 30 0.75 1.5 
165445:  Double_t \
  -400 -300 811.6 48 48 0.6 96 30 0.75 1.5  \
  96 36 0.75 1.5 96 30 0.75 1.5 
165925:  Double_t \
  -300 -200 636.6 48 48 0.6 30 96 1.5 0.75  \
  36 96 1.5 0.75 30 96 1.5 0.75 
165957:  Double_t \
  -400 -300 861.6 48 48 0.6 30 96 1.5 0.75  \
  36 96 1.5 0.75 30 96 1.5 0.75 
266789:  Double_t \
  0 -60 486.6 28.5 28.5 0.6 57 24 0.75 1.5  \
  57 9 0.75 1.5 57 24 0.75 1.5 
266821:  Double_t \
  -60 0 711.6 28.5 28.5 0.6 57 24 0.75 1.5  \
  57 9 0.75 1.5 57 24 0.75 1.5 
267301:  Double_t \
  0 -60 536.6 28.5 28.5 0.6 24 57 1.5 0.75  \
  9 57 1.5 0.75 24 57 1.5 0.75 
267333:  Double_t \
  -60 0 761.6 28.5 28.5 0.6 24 57 1.5 0.75  \
  9 57 1.5 0.75 24 57 1.5 0.75 
267813:  Double_t \
  0 -60 586.6 28.5 28.5 0.6 57 24 0.75 1.5  \
  57 9 0.75 1.5 57 24 0.75 1.5 
267845:  Double_t \
  -60 0 811.6 28.5 28.5 0.6 57 24 0.75 1.5  \
  57 9 0.75 1.5 57 24 0.75 1.5 
268325:  Double_t \
  0 -60 636.6 28.5 28.5 0.6 24 57 1.5 0.75  \
  9 57 1.5 0.75 24 57 1.5 0.75 
268357:  Double_t \
  -60 0 861.6 28.5 28.5 0.6 24 57 1.5 0.75  \
  9 57 1.5 0.75 24 57 1.5 0.75 
270885:  Double_t \
  -120 0 486.6 28.5 28.5 0.6 57 24 0.75 1.5  \
  57 9 0.75 1.5 57 24 0.75 1.5 
270917:  Double_t \
  60 -60 711.6 28.5 28.5 0.6 57 24 0.75 1.5  \
  57 9 0.75 1.5 57 24 0.75 1.5 
271397:  Double_t \
  -120 0 536.6 28.5 28.5 0.6 24 57 1.5 0.75  \
  9 57 1.5 0.75 24 57 1.5 0.75 
271429:  Double_t \
  60 -60 761.6 28.5 28.5 0.6 24 57 1.5 0.75  \
  9 57 1.5 0.75 24 57 1.5 0.75 
271909:  Double_t \
  -120 0 586.6 28.5 28.5 0.6 57 24 0.75 1.5  \
  57 9 0.75 1.5 57 24 0.75 1.5 
271941:  Double_t \
  60 -60 811.6 28.5 28.5 0.6 57 24 0.75 1.5  \
  57 9 0.75 1.5 57 24 0.75 1.5 
272421:  Double_t \
  -120 0 636.6 28.5 28.5 0.6 24 57 1.5 0.75  \
  9 57 1.5 0.75 24 57 1.5 0.75 
272453:  Double_t \
  60 -60 861.6 28.5 28.5 0.6 24 57 1.5 0.75  \
  9 57 1.5 0.75 24 57 1.5 0.75 
274981:  Double_t \
  60 -120 486.6 28.5 28.5 0.6 57 24 0.75 1.5  \
  57 9 0.75 1.5 57 24 0.75 1.5 
275013:  Double_t \
  0 -120 711.6 28.5 28.5 0.6 57 24 0.75 1.5  \
  57 9 0.75 1.5 57 24 0.75 1.5 
275493:  Double_t \
  60 -120 536.6 28.5 28.5 0.6 24 57 1.5 0.75  \
  9 57 1.5 0.75 24 57 1.5 0.75 
275525:  Double_t \
  0 -120 761.6 28.5 28.5 0.6 24 57 1.5 0.75  \
  9 57 1.5 0.75 24 57 1.5 0.75 
276005:  Double_t \
  60 -120 586.6 28.5 28.5 0.6 57 24 0.75 1.5  \
  57 9 0.75 1.5 57 24 0.75 1.5 
276037:  Double_t \
  0 -120 811.6 28.5 28.5 0.6 57 24 0.75 1.5  \
  57 9 0.75 1.5 57 24 0.75 1.5 
276517:  Double_t \
  60 -120 636.6 28.5 28.5 0.6 24 57 1.5 0.75  \
  9 57 1.5 0.75 24 57 1.5 0.75 
276549:  Double_t \
  0 -120 861.6 28.5 28.5 0.6 24 57 1.5 0.75  \
  9 57 1.5 0.75 24 57 1.5 0.75 
279077:  Double_t \
  120 -120 486.6 28.5 28.5 0.6 57 24 0.75 1.5  \
  57 9 0.75 1.5 57 24 0.75 1.5 
279109:  Double_t \
  120 -120 711.6 28.5 28.5 0.6 57 24 0.75 1.5  \
  57 9 0.75 1.5 57 24 0.75 1.5 
279589:  Double_t \
  120 -120 536.6 28.5 28.5 0.6 24 57 1.5 0.75  \
  9 57 1.5 0.75 24 57 1.5 0.75 
279621:  Double_t \
  120 -120 761.6 28.5 28.5 0.6 24 57 1.5 0.75  \
  9 57 1.5 0.75 24 57 1.5 0.75 
280101:  Double_t \
  120 -120 586.6 28.5 28.5 0.6 57 24 0.75 1.5  \
  57 9 0.75 1.5 57 24 0.75 1.5 
280133:  Double_t \
  120 -120 811.6 28.5 28.5 0.6 57 24 0.75 1.5  \
  57 9 0.75 1.5 57 24 0.75 1.5 
280613:  Double_t \
  120 -120 636.6 28.5 28.5 0.6 24 57 1.5 0.75  \
  9 57 1.5 0.75 24 57 1.5 0.75 
280645:  Double_t \
  120 -120 861.6 28.5 28.5 0.6 24 57 1.5 0.75  \
  9 57 1.5 0.75 24 57 1.5 0.75 
283237:  Double_t \
  0 -100 936.6 48 48 0.6 96 30 0.75 1.5  \
  96 36 0.75 1.5 96 30 0.75 1.5 
283749:  Double_t \
  0 -100 986.6 48 48 0.6 30 96 1.5 0.75  \
  36 96 1.5 0.75 30 96 1.5 0.75 
287301:  Double_t \
  0 -200 711.6 48 48 0.6 96 30 0.75 1.5  \
  96 36 0.75 1.5 96 30 0.75 1.5 
287333:  Double_t \
  0 -200 936.6 48 48 0.6 96 30 0.75 1.5  \
  96 36 0.75 1.5 96 30 0.75 1.5 
287813:  Double_t \
  0 -200 761.6 48 48 0.6 30 96 1.5 0.75  \
  36 96 1.5 0.75 30 96 1.5 0.75 
287845:  Double_t \
  0 -200 986.6 48 48 0.6 30 96 1.5 0.75  \
  36 96 1.5 0.75 30 96 1.5 0.75 
288325:  Double_t \
  0 -200 811.6 48 48 0.6 96 30 0.75 1.5  \
  96 36 0.75 1.5 96 30 0.75 1.5 
288837:  Double_t \
  0 -200 861.6 48 48 0.6 30 96 1.5 0.75  \
  36 96 1.5 0.75 30 96 1.5 0.75 
291365:  Double_t \
  0 -200 486.6 48 48 0.6 96 30 0.75 1.5  \
  96 36 0.75 1.5 96 30 0.75 1.5 
291429:  Double_t \
  -100 -300 936.6 48 48 0.6 96 30 0.75 1.5  \
  96 36 0.75 1.5 96 30 0.75 1.5 
291877:  Double_t \
  0 -200 536.6 48 48 0.6 30 96 1.5 0.75  \
  36 96 1.5 0.75 30 96 1.5 0.75 
291941:  Double_t \
  -100 -300 986.6 48 48 0.6 30 96 1.5 0.75  \
  36 96 1.5 0.75 30 96 1.5 0.75 
292389:  Double_t \
  0 -200 586.6 48 48 0.6 96 30 0.75 1.5  \
  96 36 0.75 1.5 96 30 0.75 1.5 
292901:  Double_t \
  0 -200 636.6 48 48 0.6 30 96 1.5 0.75  \
  36 96 1.5 0.75 30 96 1.5 0.75 
295461:  Double_t \
  -200 -200 486.6 48 48 0.6 96 30 0.75 1.5  \
  96 36 0.75 1.5 96 30 0.75 1.5 
295493:  Double_t \
  -300 -300 711.6 48 48 0.6 96 30 0.75 1.5  \
  96 36 0.75 1.5 96 30 0.75 1.5 
295525:  Double_t \
  -400 -400 936.6 48 48 0.6 96 30 0.75 1.5  \
  96 36 0.75 1.5 96 30 0.75 1.5 
295973:  Double_t \
  -200 -200 536.6 48 48 0.6 30 96 1.5 0.75  \
  36 96 1.5 0.75 30 96 1.5 0.75 
296005:  Double_t \
  -300 -300 761.6 48 48 0.6 30 96 1.5 0.75  \
  36 96 1.5 0.75 30 96 1.5 0.75 
296037:  Double_t \
  -400 -400 986.6 48 48 0.6 30 96 1.5 0.75  \
  36 96 1.5 0.75 30 96 1.5 0.75 
296485:  Double_t \
  -200 -200 586.6 48 48 0.6 96 30 0.75 1.5  \
  96 36 0.75 1.5 96 30 0.75 1.5 
296517:  Double_t \
  -300 -300 811.6 48 48 0.6 96 30 0.75 1.5  \
  96 36 0.75 1.5 96 30 0.75 1.5 
296997:  Double_t \
  -200 -200 636.6 48 48 0.6 30 96 1.5 0.75  \
  36 96 1.5 0.75 30 96 1.5 0.75 
297029:  Double_t \
  -300 -300 861.6 48 48 0.6 30 96 1.5 0.75  \
  36 96 1.5 0.75 30 96 1.5 0.75 
397861:  Double_t \
  60 -60 486.6 28.5 28.5 0.6 57 24 0.75 1.5  \
  57 9 0.75 1.5 57 24 0.75 1.5 
397893:  Double_t \
  60 0 711.6 28.5 28.5 0.6 57 24 0.75 1.5  \
  57 9 0.75 1.5 57 24 0.75 1.5 
398373:  Double_t \
  60 -60 536.6 28.5 28.5 0.6 24 57 1.5 0.75  \
  9 57 1.5 0.75 24 57 1.5 0.75 
398405:  Double_t \
  60 0 761.6 28.5 28.5 0.6 24 57 1.5 0.75  \
  9 57 1.5 0.75 24 57 1.5 0.75 
398885:  Double_t \
  60 -60 586.6 28.5 28.5 0.6 57 24 0.75 1.5  \
  57 9 0.75 1.5 57 24 0.75 1.5 
398917:  Double_t \
  60 0 811.6 28.5 28.5 0.6 57 24 0.75 1.5  \
  57 9 0.75 1.5 57 24 0.75 1.5 
399397:  Double_t \
  60 -60 636.6 28.5 28.5 0.6 24 57 1.5 0.75  \
  9 57 1.5 0.75 24 57 1.5 0.75 
399429:  Double_t \
  60 0 861.6 28.5 28.5 0.6 24 57 1.5 0.75  \
  9 57 1.5 0.75 24 57 1.5 0.75 
401957:  Double_t \
  120 0 486.6 28.5 28.5 0.6 57 24 0.75 1.5  \
  57 9 0.75 1.5 57 24 0.75 1.5 
401989:  Double_t \
  -60 60 711.6 28.5 28.5 0.6 57 24 0.75 1.5  \
  57 9 0.75 1.5 57 24 0.75 1.5 
402469:  Double_t \
  120 0 536.6 28.5 28.5 0.6 24 57 1.5 0.75  \
  9 57 1.5 0.75 24 57 1.5 0.75 
402501:  Double_t \
  -60 60 761.6 28.5 28.5 0.6 24 57 1.5 0.75  \
  9 57 1.5 0.75 24 57 1.5 0.75 
402981:  Double_t \
  120 0 586.6 28.5 28.5 0.6 57 24 0.75 1.5  \
  57 9 0.75 1.5 57 24 0.75 1.5 
403013:  Double_t \
  -60 60 811.6 28.5 28.5 0.6 57 24 0.75 1.5  \
  57 9 0.75 1.5 57 24 0.75 1.5 
403493:  Double_t \
  120 0 636.6 28.5 28.5 0.6 24 57 1.5 0.75  \
  9 57 1.5 0.75 24 57 1.5 0.75 
403525:  Double_t \
  -60 60 861.6 28.5 28.5 0.6 24 57 1.5 0.75  \
  9 57 1.5 0.75 24 57 1.5 0.75 
406053:  Double_t \
  -120 -60 486.6 28.5 28.5 0.6 57 24 0.75 1.5  \
  57 9 0.75 1.5 57 24 0.75 1.5 
406085:  Double_t \
  60 -120 711.6 28.5 28.5 0.6 57 24 0.75 1.5  \
  57 9 0.75 1.5 57 24 0.75 1.5 
406565:  Double_t \
  -120 -60 536.6 28.5 28.5 0.6 24 57 1.5 0.75  \
  9 57 1.5 0.75 24 57 1.5 0.75 
406597:  Double_t \
  60 -120 761.6 28.5 28.5 0.6 24 57 1.5 0.75  \
  9 57 1.5 0.75 24 57 1.5 0.75 
407077:  Double_t \
  -120 -60 586.6 28.5 28.5 0.6 57 24 0.75 1.5  \
  57 9 0.75 1.5 57 24 0.75 1.5 
407109:  Double_t \
  60 -120 811.6 28.5 28.5 0.6 57 24 0.75 1.5  \
  57 9 0.75 1.5 57 24 0.75 1.5 
407589:  Double_t \
  -120 -60 636.6 28.5 28.5 0.6 24 57 1.5 0.75  \
  9 57 1.5 0.75 24 57 1.5 0.75 
407621:  Double_t \
  60 -120 861.6 28.5 28.5 0.6 24 57 1.5 0.75  \
  9 57 1.5 0.75 24 57 1.5 0.75 
410149:  Double_t \
  -120 120 486.6 28.5 28.5 0.6 57 24 0.75 1.5  \
  57 9 0.75 1.5 57 24 0.75 1.5 
410181:  Double_t \
  -120 120 711.6 28.5 28.5 0.6 57 24 0.75 1.5  \
  57 9 0.75 1.5 57 24 0.75 1.5 
410661:  Double_t \
  -120 120 536.6 28.5 28.5 0.6 24 57 1.5 0.75  \
  9 57 1.5 0.75 24 57 1.5 0.75 
410693:  Double_t \
  -120 120 761.6 28.5 28.5 0.6 24 57 1.5 0.75  \
  9 57 1.5 0.75 24 57 1.5 0.75 
411173:  Double_t \
  -120 120 586.6 28.5 28.5 0.6 57 24 0.75 1.5  \
  57 9 0.75 1.5 57 24 0.75 1.5 
411205:  Double_t \
  -120 120 811.6 28.5 28.5 0.6 57 24 0.75 1.5  \
  57 9 0.75 1.5 57 24 0.75 1.5 
411685:  Double_t \
  -120 120 636.6 28.5 28.5 0.6 24 57 1.5 0.75  \
  9 57 1.5 0.75 24 57 1.5 0.75 
411717:  Double_t \
  -120 120 861.6 28.5 28.5 0.6 24 57 1.5 0.75  \
  9 57 1.5 0.75 24 57 1.5 0.75 
414309:  Double_t \
  100 -100 936.6 48 48 0.6 96 30 0.75 1.5  \
  96 36 0.75 1.5 96 30 0.75 1.5 
414821:  Double_t \
  100 -100 986.6 48 48 0.6 30 96 1.5 0.75  \
  36 96 1.5 0.75 30 96 1.5 0.75 
418373:  Double_t \
  100 -200 711.6 48 48 0.6 96 30 0.75 1.5  \
  96 36 0.75 1.5 96 30 0.75 1.5 
418405:  Double_t \
  100 -200 936.6 48 48 0.6 96 30 0.75 1.5  \
  96 36 0.75 1.5 96 30 0.75 1.5 
418885:  Double_t \
  100 -200 761.6 48 48 0.6 30 96 1.5 0.75  \
  36 96 1.5 0.75 30 96 1.5 0.75 
418917:  Double_t \
  100 -200 986.6 48 48 0.6 30 96 1.5 0.75  \
  36 96 1.5 0.75 30 96 1.5 0.75 
419397:  Double_t \
  100 -200 811.6 48 48 0.6 96 30 0.75 1.5  \
  96 36 0.75 1.5 96 30 0.75 1.5 
419909:  Double_t \
  100 -200 861.6 48 48 0.6 30 96 1.5 0.75  \
  36 96 1.5 0.75 30 96 1.5 0.75 
422437:  Double_t \
  100 -200 486.6 48 48 0.6 96 30 0.75 1.5  \
  96 36 0.75 1.5 96 30 0.75 1.5 
422501:  Double_t \
  0 -300 936.6 48 48 0.6 96 30 0.75 1.5  \
  96 36 0.75 1.5 96 30 0.75 1.5 
422949:  Double_t \
  100 -200 536.6 48 48 0.6 30 96 1.5 0.75  \
  36 96 1.5 0.75 30 96 1.5 0.75 
423013:  Double_t \
  0 -300 986.6 48 48 0.6 30 96 1.5 0.75  \
  36 96 1.5 0.75 30 96 1.5 0.75 
423461:  Double_t \
  100 -200 586.6 48 48 0.6 96 30 0.75 1.5  \
  96 36 0.75 1.5 96 30 0.75 1.5 
423973:  Double_t \
  100 -200 636.6 48 48 0.6 30 96 1.5 0.75  \
  36 96 1.5 0.75 30 96 1.5 0.75 
426533:  Double_t \
  200 -200 486.6 48 48 0.6 96 30 0.75 1.5  \
  96 36 0.75 1.5 96 30 0.75 1.5 
426565:  Double_t \
  -200 -300 711.6 48 48 0.6 96 30 0.75 1.5  \
  96 36 0.75 1.5 96 30 0.75 1.5 
426597:  Double_t \
  -300 -400 936.6 48 48 0.6 96 30 0.75 1.5  \
  96 36 0.75 1.5 96 30 0.75 1.5 
427045:  Double_t \
  200 -200 536.6 48 48 0.6 30 96 1.5 0.75  \
  36 96 1.5 0.75 30 96 1.5 0.75 
427077:  Double_t \
  -200 -300 761.6 48 48 0.6 30 96 1.5 0.75  \
  36 96 1.5 0.75 30 96 1.5 0.75 
427109:  Double_t \
  -300 -400 986.6 48 48 0.6 30 96 1.5 0.75  \
  36 96 1.5 0.75 30 96 1.5 0.75 
427557:  Double_t \
  200 -200 586.6 48 48 0.6 96 30 0.75 1.5  \
  96 36 0.75 1.5 96 30 0.75 1.5 
427589:  Double_t \
  -200 -300 811.6 48 48 0.6 96 30 0.75 1.5  \
  96 36 0.75 1.5 96 30 0.75 1.5 
428069:  Double_t \
  200 -200 636.6 48 48 0.6 30 96 1.5 0.75  \
  36 96 1.5 0.75 30 96 1.5 0.75 
428101:  Double_t \
  -200 -300 861.6 48 48 0.6 30 96 1.5 0.75  \
  36 96 1.5 0.75 30 96 1.5 0.75 
528933:  Double_t \
  -60 0 486.6 28.5 28.5 0.6 57 24 0.75 1.5  \
  57 9 0.75 1.5 57 24 0.75 1.5 
528965:  Double_t \
  0 60 711.6 28.5 28.5 0.6 57 24 0.75 1.5  \
  57 9 0.75 1.5 57 24 0.75 1.5 
529445:  Double_t \
  -60 0 536.6 28.5 28.5 0.6 24 57 1.5 0.75  \
  9 57 1.5 0.75 24 57 1.5 0.75 
529477:  Double_t \
  0 60 761.6 28.5 28.5 0.6 24 57 1.5 0.75  \
  9 57 1.5 0.75 24 57 1.5 0.75 
529957:  Double_t \
  -60 0 586.6 28.5 28.5 0.6 57 24 0.75 1.5  \
  57 9 0.75 1.5 57 24 0.75 1.5 
529989:  Double_t \
  0 60 811.6 28.5 28.5 0.6 57 24 0.75 1.5  \
  57 9 0.75 1.5 57 24 0.75 1.5 
530469:  Double_t \
  -60 0 636.6 28.5 28.5 0.6 24 57 1.5 0.75  \
  9 57 1.5 0.75 24 57 1.5 0.75 
530501:  Double_t \
  0 60 861.6 28.5 28.5 0.6 24 57 1.5 0.75  \
  9 57 1.5 0.75 24 57 1.5 0.75 
533029:  Double_t \
  0 120 486.6 28.5 28.5 0.6 57 24 0.75 1.5  \
  57 9 0.75 1.5 57 24 0.75 1.5 
533061:  Double_t \
  60 60 711.6 28.5 28.5 0.6 57 24 0.75 1.5  \
  57 9 0.75 1.5 57 24 0.75 1.5 
533541:  Double_t \
  0 120 536.6 28.5 28.5 0.6 24 57 1.5 0.75  \
  9 57 1.5 0.75 24 57 1.5 0.75 
533573:  Double_t \
  60 60 761.6 28.5 28.5 0.6 24 57 1.5 0.75  \
  9 57 1.5 0.75 24 57 1.5 0.75 
534053:  Double_t \
  0 120 586.6 28.5 28.5 0.6 57 24 0.75 1.5  \
  57 9 0.75 1.5 57 24 0.75 1.5 
534085:  Double_t \
  60 60 811.6 28.5 28.5 0.6 57 24 0.75 1.5  \
  57 9 0.75 1.5 57 24 0.75 1.5 
534565:  Double_t \
  0 120 636.6 28.5 28.5 0.6 24 57 1.5 0.75  \
  9 57 1.5 0.75 24 57 1.5 0.75 
534597:  Double_t \
  60 60 861.6 28.5 28.5 0.6 24 57 1.5 0.75  \
  9 57 1.5 0.75 24 57 1.5 0.75 
537125:  Double_t \
  120 -60 486.6 28.5 28.5 0.6 57 24 0.75 1.5  \
  57 9 0.75 1.5 57 24 0.75 1.5 
537157:  Double_t \
  -120 -60 711.6 28.5 28.5 0.6 57 24 0.75 1.5  \
  57 9 0.75 1.5 57 24 0.75 1.5 
537637:  Double_t \
  120 -60 536.6 28.5 28.5 0.6 24 57 1.5 0.75  \
  9 57 1.5 0.75 24 57 1.5 0.75 
537669:  Double_t \
  -120 -60 761.6 28.5 28.5 0.6 24 57 1.5 0.75  \
  9 57 1.5 0.75 24 57 1.5 0.75 
538149:  Double_t \
  120 -60 586.6 28.5 28.5 0.6 57 24 0.75 1.5  \
  57 9 0.75 1.5 57 24 0.75 1.5 
538181:  Double_t \
  -120 -60 811.6 28.5 28.5 0.6 57 24 0.75 1.5  \
  57 9 0.75 1.5 57 24 0.75 1.5 
538661:  Double_t \
  120 -60 636.6 28.5 28.5 0.6 24 57 1.5 0.75  \
  9 57 1.5 0.75 24 57 1.5 0.75 
538693:  Double_t \
  -120 -60 861.6 28.5 28.5 0.6 24 57 1.5 0.75  \
  9 57 1.5 0.75 24 57 1.5 0.75 
541221:  Double_t \
  120 120 486.6 28.5 28.5 0.6 57 24 0.75 1.5  \
  57 9 0.75 1.5 57 24 0.75 1.5 
541253:  Double_t \
  120 120 711.6 28.5 28.5 0.6 57 24 0.75 1.5  \
  57 9 0.75 1.5 57 24 0.75 1.5 
541733:  Double_t \
  120 120 536.6 28.5 28.5 0.6 24 57 1.5 0.75  \
  9 57 1.5 0.75 24 57 1.5 0.75 
541765:  Double_t \
  120 120 761.6 28.5 28.5 0.6 24 57 1.5 0.75  \
  9 57 1.5 0.75 24 57 1.5 0.75 
542245:  Double_t \
  120 120 586.6 28.5 28.5 0.6 57 24 0.75 1.5  \
  57 9 0.75 1.5 57 24 0.75 1.5 
542277:  Double_t \
  120 120 811.6 28.5 28.5 0.6 57 24 0.75 1.5  \
  57 9 0.75 1.5 57 24 0.75 1.5 
542757:  Double_t \
  120 120 636.6 28.5 28.5 0.6 24 57 1.5 0.75  \
  9 57 1.5 0.75 24 57 1.5 0.75 
542789:  Double_t \
  120 120 861.6 28.5 28.5 0.6 24 57 1.5 0.75  \
  9 57 1.5 0.75 24 57 1.5 0.75 
545381:  Double_t \
  -100 0 936.6 48 48 0.6 96 30 0.75 1.5  \
  96 36 0.75 1.5 96 30 0.75 1.5 
545893:  Double_t \
  -100 0 986.6 48 48 0.6 30 96 1.5 0.75  \
  36 96 1.5 0.75 30 96 1.5 0.75 
549445:  Double_t \
  -200 -100 711.6 48 48 0.6 96 30 0.75 1.5  \
  96 36 0.75 1.5 96 30 0.75 1.5 
549477:  Double_t \
  -200 -100 936.6 48 48 0.6 96 30 0.75 1.5  \
  96 36 0.75 1.5 96 30 0.75 1.5 
549957:  Double_t \
  -200 -100 761.6 48 48 0.6 30 96 1.5 0.75  \
  36 96 1.5 0.75 30 96 1.5 0.75 
549989:  Double_t \
  -200 -100 986.6 48 48 0.6 30 96 1.5 0.75  \
  36 96 1.5 0.75 30 96 1.5 0.75 
550469:  Double_t \
  -200 -100 811.6 48 48 0.6 96 30 0.75 1.5  \
  96 36 0.75 1.5 96 30 0.75 1.5 
550981:  Double_t \
  -200 -100 861.6 48 48 0.6 30 96 1.5 0.75  \
  36 96 1.5 0.75 30 96 1.5 0.75 
553509:  Double_t \
  -200 -100 486.6 48 48 0.6 96 30 0.75 1.5  \
  96 36 0.75 1.5 96 30 0.75 1.5 
553573:  Double_t \
  100 -300 936.6 48 48 0.6 96 30 0.75 1.5  \
  96 36 0.75 1.5 96 30 0.75 1.5 
554021:  Double_t \
  -200 -100 536.6 48 48 0.6 30 96 1.5 0.75  \
  36 96 1.5 0.75 30 96 1.5 0.75 
554085:  Double_t \
  100 -300 986.6 48 48 0.6 30 96 1.5 0.75  \
  36 96 1.5 0.75 30 96 1.5 0.75 
554533:  Double_t \
  -200 -100 586.6 48 48 0.6 96 30 0.75 1.5  \
  96 36 0.75 1.5 96 30 0.75 1.5 
555045:  Double_t \
  -200 -100 636.6 48 48 0.6 30 96 1.5 0.75  \
  36 96 1.5 0.75 30 96 1.5 0.75 
557605:  Double_t \
  300 -200 486.6 48 48 0.6 96 30 0.75 1.5  \
  96 36 0.75 1.5 96 30 0.75 1.5 
557637:  Double_t \
  -100 -300 711.6 48 48 0.6 96 30 0.75 1.5  \
  96 36 0.75 1.5 96 30 0.75 1.5 
557669:  Double_t \
  -200 -400 936.6 48 48 0.6 96 30 0.75 1.5  \
  96 36 0.75 1.5 96 30 0.75 1.5 
558117:  Double_t \
  300 -200 536.6 48 48 0.6 30 96 1.5 0.75  \
  36 96 1.5 0.75 30 96 1.5 0.75 
558149:  Double_t \
  -100 -300 761.6 48 48 0.6 30 96 1.5 0.75  \
  36 96 1.5 0.75 30 96 1.5 0.75 
558181:  Double_t \
  -200 -400 986.6 48 48 0.6 30 96 1.5 0.75  \
  36 96 1.5 0.75 30 96 1.5 0.75 
558629:  Double_t \
  300 -200 586.6 48 48 0.6 96 30 0.75 1.5  \
  96 36 0.75 1.5 96 30 0.75 1.5 
558661:  Double_t \
  -100 -300 811.6 48 48 0.6 96 30 0.75 1.5  \
  96 36 0.75 1.5 96 30 0.75 1.5 
559141:  Double_t \
  300 -200 636.6 48 48 0.6 30 96 1.5 0.75  \
  36 96 1.5 0.75 30 96 1.5 0.75 
559173:  Double_t \
  -100 -300 861.6 48 48 0.6 30 96 1.5 0.75  \
  36 96 1.5 0.75 30 96 1.5 0.75 
660005:  Double_t \
  60 0 486.6 28.5 28.5 0.6 57 24 0.75 1.5  \
  57 9 0.75 1.5 57 24 0.75 1.5 
660517:  Double_t \
  60 0 536.6 28.5 28.5 0.6 24 57 1.5 0.75  \
  9 57 1.5 0.75 24 57 1.5 0.75 
661029:  Double_t \
  60 0 586.6 28.5 28.5 0.6 57 24 0.75 1.5  \
  57 9 0.75 1.5 57 24 0.75 1.5 
661541:  Double_t \
  60 0 636.6 28.5 28.5 0.6 24 57 1.5 0.75  \
  9 57 1.5 0.75 24 57 1.5 0.75 
668197:  Double_t \
  -120 60 486.6 28.5 28.5 0.6 57 24 0.75 1.5  \
  57 9 0.75 1.5 57 24 0.75 1.5 
668229:  Double_t \
  120 -60 711.6 28.5 28.5 0.6 57 24 0.75 1.5  \
  57 9 0.75 1.5 57 24 0.75 1.5 
668709:  Double_t \
  -120 60 536.6 28.5 28.5 0.6 24 57 1.5 0.75  \
  9 57 1.5 0.75 24 57 1.5 0.75 
668741:  Double_t \
  120 -60 761.6 28.5 28.5 0.6 24 57 1.5 0.75  \
  9 57 1.5 0.75 24 57 1.5 0.75 
669221:  Double_t \
  -120 60 586.6 28.5 28.5 0.6 57 24 0.75 1.5  \
  57 9 0.75 1.5 57 24 0.75 1.5 
669253:  Double_t \
  120 -60 811.6 28.5 28.5 0.6 57 24 0.75 1.5  \
  57 9 0.75 1.5 57 24 0.75 1.5 
669733:  Double_t \
  -120 60 636.6 28.5 28.5 0.6 24 57 1.5 0.75  \
  9 57 1.5 0.75 24 57 1.5 0.75 
669765:  Double_t \
  120 -60 861.6 28.5 28.5 0.6 24 57 1.5 0.75  \
  9 57 1.5 0.75 24 57 1.5 0.75 
676453:  Double_t \
  100 0 936.6 48 48 0.6 96 30 0.75 1.5  \
  96 36 0.75 1.5 96 30 0.75 1.5 
676965:  Double_t \
  100 0 986.6 48 48 0.6 30 96 1.5 0.75  \
  36 96 1.5 0.75 30 96 1.5 0.75 
680517:  Double_t \
  200 -100 711.6 48 48 0.6 96 30 0.75 1.5  \
  96 36 0.75 1.5 96 30 0.75 1.5 
680549:  Double_t \
  200 -100 936.6 48 48 0.6 96 30 0.75 1.5  \
  96 36 0.75 1.5 96 30 0.75 1.5 
681029:  Double_t \
  200 -100 761.6 48 48 0.6 30 96 1.5 0.75  \
  36 96 1.5 0.75 30 96 1.5 0.75 
681061:  Double_t \
  200 -100 986.6 48 48 0.6 30 96 1.5 0.75  \
  36 96 1.5 0.75 30 96 1.5 0.75 
681541:  Double_t \
  200 -100 811.6 48 48 0.6 96 30 0.75 1.5  \
  96 36 0.75 1.5 96 30 0.75 1.5 
682053:  Double_t \
  200 -100 861.6 48 48 0.6 30 96 1.5 0.75  \
  36 96 1.5 0.75 30 96 1.5 0.75 
684581:  Double_t \
  200 -100 486.6 48 48 0.6 96 30 0.75 1.5  \
  96 36 0.75 1.5 96 30 0.75 1.5 
684645:  Double_t \
  200 -300 936.6 48 48 0.6 96 30 0.75 1.5  \
  96 36 0.75 1.5 96 30 0.75 1.5 
685093:  Double_t \
  200 -100 536.6 48 48 0.6 30 96 1.5 0.75  \
  36 96 1.5 0.75 30 96 1.5 0.75 
685157:  Double_t \
  200 -300 986.6 48 48 0.6 30 96 1.5 0.75  \
  36 96 1.5 0.75 30 96 1.5 0.75 
685605:  Double_t \
  200 -100 586.6 48 48 0.6 96 30 0.75 1.5  \
  96 36 0.75 1.5 96 30 0.75 1.5 
686117:  Double_t \
  200 -100 636.6 48 48 0.6 30 96 1.5 0.75  \
  36 96 1.5 0.75 30 96 1.5 0.75 
688677:  Double_t \
  -300 -100 486.6 48 48 0.6 96 30 0.75 1.5  \
  96 36 0.75 1.5 96 30 0.75 1.5 
688709:  Double_t \
  0 -300 711.6 48 48 0.6 96 30 0.75 1.5  \
  96 36 0.75 1.5 96 30 0.75 1.5 
688741:  Double_t \
  -100 -400 936.6 48 48 0.6 96 30 0.75 1.5  \
  96 36 0.75 1.5 96 30 0.75 1.5 
689189:  Double_t \
  -300 -100 536.6 48 48 0.6 30 96 1.5 0.75  \
  36 96 1.5 0.75 30 96 1.5 0.75 
689221:  Double_t \
  0 -300 761.6 48 48 0.6 30 96 1.5 0.75  \
  36 96 1.5 0.75 30 96 1.5 0.75 
689253:  Double_t \
  -100 -400 986.6 48 48 0.6 30 96 1.5 0.75  \
  36 96 1.5 0.75 30 96 1.5 0.75 
689701:  Double_t \
  -300 -100 586.6 48 48 0.6 96 30 0.75 1.5  \
  96 36 0.75 1.5 96 30 0.75 1.5 
689733:  Double_t \
  0 -300 811.6 48 48 0.6 96 30 0.75 1.5  \
  96 36 0.75 1.5 96 30 0.75 1.5 
690213:  Double_t \
  -300 -100 636.6 48 48 0.6 30 96 1.5 0.75  \
  36 96 1.5 0.75 30 96 1.5 0.75 
690245:  Double_t \
  0 -300 861.6 48 48 0.6 30 96 1.5 0.75  \
  36 96 1.5 0.75 30 96 1.5 0.75 
791077:  Double_t \
  -60 60 486.6 28.5 28.5 0.6 57 24 0.75 1.5  \
  57 9 0.75 1.5 57 24 0.75 1.5 
791589:  Double_t \
  -60 60 536.6 28.5 28.5 0.6 24 57 1.5 0.75  \
  9 57 1.5 0.75 24 57 1.5 0.75 
792101:  Double_t \
  -60 60 586.6 28.5 28.5 0.6 57 24 0.75 1.5  \
  57 9 0.75 1.5 57 24 0.75 1.5 
792613:  Double_t \
  -60 60 636.6 28.5 28.5 0.6 24 57 1.5 0.75  \
  9 57 1.5 0.75 24 57 1.5 0.75 
799269:  Double_t \
  120 60 486.6 28.5 28.5 0.6 57 24 0.75 1.5  \
  57 9 0.75 1.5 57 24 0.75 1.5 
799301:  Double_t \
  -120 0 711.6 28.5 28.5 0.6 57 24 0.75 1.5  \
  57 9 0.75 1.5 57 24 0.75 1.5 
799781:  Double_t \
  120 60 536.6 28.5 28.5 0.6 24 57 1.5 0.75  \
  9 57 1.5 0.75 24 57 1.5 0.75 
799813:  Double_t \
  -120 0 761.6 28.5 28.5 0.6 24 57 1.5 0.75  \
  9 57 1.5 0.75 24 57 1.5 0.75 
800293:  Double_t \
  120 60 586.6 28.5 28.5 0.6 57 24 0.75 1.5  \
  57 9 0.75 1.5 57 24 0.75 1.5 
800325:  Double_t \
  -120 0 811.6 28.5 28.5 0.6 57 24 0.75 1.5  \
  57 9 0.75 1.5 57 24 0.75 1.5 
800805:  Double_t \
  120 60 636.6 28.5 28.5 0.6 24 57 1.5 0.75  \
  9 57 1.5 0.75 24 57 1.5 0.75 
800837:  Double_t \
  -120 0 861.6 28.5 28.5 0.6 24 57 1.5 0.75  \
  9 57 1.5 0.75 24 57 1.5 0.75 
807525:  Double_t \
  -100 100 936.6 48 48 0.6 96 30 0.75 1.5  \
  96 36 0.75 1.5 96 30 0.75 1.5 
808037:  Double_t \
  -100 100 986.6 48 48 0.6 30 96 1.5 0.75  \
  36 96 1.5 0.75 30 96 1.5 0.75 
811589:  Double_t \
  -200 0 711.6 48 48 0.6 96 30 0.75 1.5  \
  96 36 0.75 1.5 96 30 0.75 1.5 
811621:  Double_t \
  -200 0 936.6 48 48 0.6 96 30 0.75 1.5  \
  96 36 0.75 1.5 96 30 0.75 1.5 
812101:  Double_t \
  -200 0 761.6 48 48 0.6 30 96 1.5 0.75  \
  36 96 1.5 0.75 30 96 1.5 0.75 
812133:  Double_t \
  -200 0 986.6 48 48 0.6 30 96 1.5 0.75  \
  36 96 1.5 0.75 30 96 1.5 0.75 
812613:  Double_t \
  -200 0 811.6 48 48 0.6 96 30 0.75 1.5  \
  96 36 0.75 1.5 96 30 0.75 1.5 
813125:  Double_t \
  -200 0 861.6 48 48 0.6 30 96 1.5 0.75  \
  36 96 1.5 0.75 30 96 1.5 0.75 
815653:  Double_t \
  -200 0 486.6 48 48 0.6 96 30 0.75 1.5  \
  96 36 0.75 1.5 96 30 0.75 1.5 
815717:  Double_t \
  -300 -200 936.6 48 48 0.6 96 30 0.75 1.5  \
  96 36 0.75 1.5 96 30 0.75 1.5 
816165:  Double_t \
  -200 0 536.6 48 48 0.6 30 96 1.5 0.75  \
  36 96 1.5 0.75 30 96 1.5 0.75 
816229:  Double_t \
  -300 -200 986.6 48 48 0.6 30 96 1.5 0.75  \
  36 96 1.5 0.75 30 96 1.5 0.75 
816677:  Double_t \
  -200 0 586.6 48 48 0.6 96 30 0.75 1.5  \
  96 36 0.75 1.5 96 30 0.75 1.5 
817189:  Double_t \
  -200 0 636.6 48 48 0.6 30 96 1.5 0.75  \
  36 96 1.5 0.75 30 96 1.5 0.75 
819749:  Double_t \
  300 -100 486.6 48 48 0.6 96 30 0.75 1.5  \
  96 36 0.75 1.5 96 30 0.75 1.5 
819781:  Double_t \
  100 -300 711.6 48 48 0.6 96 30 0.75 1.5  \
  96 36 0.75 1.5 96 30 0.75 1.5 
819813:  Double_t \
  0 -400 936.6 48 48 0.6 96 30 0.75 1.5  \
  96 36 0.75 1.5 96 30 0.75 1.5 
820261:  Double_t \
  300 -100 536.6 48 48 0.6 30 96 1.5 0.75  \
  36 96 1.5 0.75 30 96 1.5 0.75 
820293:  Double_t \
  100 -300 761.6 48 48 0.6 30 96 1.5 0.75  \
  36 96 1.5 0.75 30 96 1.5 0.75 
820325:  Double_t \
  0 -400 986.6 48 48 0.6 30 96 1.5 0.75  \
  36 96 1.5 0.75 30 96 1.5 0.75 
820773:  Double_t \
  300 -100 586.6 48 48 0.6 96 30 0.75 1.5  \
  96 36 0.75 1.5 96 30 0.75 1.5 
820805:  Double_t \
  100 -300 811.6 48 48 0.6 96 30 0.75 1.5  \
  96 36 0.75 1.5 96 30 0.75 1.5 
821285:  Double_t \
  300 -100 636.6 48 48 0.6 30 96 1.5 0.75  \
  36 96 1.5 0.75 30 96 1.5 0.75 
821317:  Double_t \
  100 -300 861.6 48 48 0.6 30 96 1.5 0.75  \
  36 96 1.5 0.75 30 96 1.5 0.75 
922149:  Double_t \
  0 60 486.6 28.5 28.5 0.6 57 24 0.75 1.5  \
  57 9 0.75 1.5 57 24 0.75 1.5 
922661:  Double_t \
  0 60 536.6 28.5 28.5 0.6 24 57 1.5 0.75  \
  9 57 1.5 0.75 24 57 1.5 0.75 
923173:  Double_t \
  0 60 586.6 28.5 28.5 0.6 57 24 0.75 1.5  \
  57 9 0.75 1.5 57 24 0.75 1.5 
923685:  Double_t \
  0 60 636.6 28.5 28.5 0.6 24 57 1.5 0.75  \
  9 57 1.5 0.75 24 57 1.5 0.75 
930341:  Double_t \
  -60 120 486.6 28.5 28.5 0.6 57 24 0.75 1.5  \
  57 9 0.75 1.5 57 24 0.75 1.5 
930373:  Double_t \
  120 0 711.6 28.5 28.5 0.6 57 24 0.75 1.5  \
  57 9 0.75 1.5 57 24 0.75 1.5 
930853:  Double_t \
  -60 120 536.6 28.5 28.5 0.6 24 57 1.5 0.75  \
  9 57 1.5 0.75 24 57 1.5 0.75 
930885:  Double_t \
  120 0 761.6 28.5 28.5 0.6 24 57 1.5 0.75  \
  9 57 1.5 0.75 24 57 1.5 0.75 
931365:  Double_t \
  -60 120 586.6 28.5 28.5 0.6 57 24 0.75 1.5  \
  57 9 0.75 1.5 57 24 0.75 1.5 
931397:  Double_t \
  120 0 811.6 28.5 28.5 0.6 57 24 0.75 1.5  \
  57 9 0.75 1.5 57 24 0.75 1.5 
931877:  Double_t \
  -60 120 636.6 28.5 28.5 0.6 24 57 1.5 0.75  \
  9 57 1.5 0.75 24 57 1.5 0.75 
931909:  Double_t \
  120 0 861.6 28.5 28.5 0.6 24 57 1.5 0.75  \
  9 57 1.5 0.75 24 57 1.5 0.75 
938597:  Double_t \
  0 100 936.6 48 48 0.6 96 30 0.75 1.5  \
  96 36 0.75 1.5 96 30 0.75 1.5 
939109:  Double_t \
  0 100 986.6 48 48 0.6 30 96 1.5 0.75  \
  36 96 1.5 0.75 30 96 1.5 0.75 
942661:  Double_t \
  200 0 711.6 48 48 0.6 96 30 0.75 1.5  \
  96 36 0.75 1.5 96 30 0.75 1.5 
942693:  Double_t \
  200 0 936.6 48 48 0.6 96 30 0.75 1.5  \
  96 36 0.75 1.5 96 30 0.75 1.5 
943173:  Double_t \
  200 0 761.6 48 48 0.6 30 96 1.5 0.75  \
  36 96 1.5 0.75 30 96 1.5 0.75 
943205:  Double_t \
  200 0 986.6 48 48 0.6 30 96 1.5 0.75  \
  36 96 1.5 0.75 30 96 1.5 0.75 
943685:  Double_t \
  200 0 811.6 48 48 0.6 96 30 0.75 1.5  \
  96 36 0.75 1.5 96 30 0.75 1.5 
944197:  Double_t \
  200 0 861.6 48 48 0.6 30 96 1.5 0.75  \
  36 96 1.5 0.75 30 96 1.5 0.75 
946725:  Double_t \
  200 0 486.6 48 48 0.6 96 30 0.75 1.5  \
  96 36 0.75 1.5 96 30 0.75 1.5 
946789:  Double_t \
  -200 -200 936.6 48 48 0.6 96 30 0.75 1.5  \
  96 36 0.75 1.5 96 30 0.75 1.5 
947237:  Double_t \
  200 0 536.6 48 48 0.6 30 96 1.5 0.75  \
  36 96 1.5 0.75 30 96 1.5 0.75 
947301:  Double_t \
  -200 -200 986.6 48 48 0.6 30 96 1.5 0.75  \
  36 96 1.5 0.75 30 96 1.5 0.75 
947749:  Double_t \
  200 0 586.6 48 48 0.6 96 30 0.75 1.5  \
  96 36 0.75 1.5 96 30 0.75 1.5 
948261:  Double_t \
  200 0 636.6 48 48 0.6 30 96 1.5 0.75  \
  36 96 1.5 0.75 30 96 1.5 0.75 
950821:  Double_t \
  -300 0 486.6 48 48 0.6 96 30 0.75 1.5  \
  96 36 0.75 1.5 96 30 0.75 1.5 
950853:  Double_t \
  200 -300 711.6 48 48 0.6 96 30 0.75 1.5  \
  96 36 0.75 1.5 96 30 0.75 1.5 
950885:  Double_t \
  100 -400 936.6 48 48 0.6 96 30 0.75 1.5  \
  96 36 0.75 1.5 96 30 0.75 1.5 
951333:  Double_t \
  -300 0 536.6 48 48 0.6 30 96 1.5 0.75  \
  36 96 1.5 0.75 30 96 1.5 0.75 
951365:  Double_t \
  200 -300 761.6 48 48 0.6 30 96 1.5 0.75  \
  36 96 1.5 0.75 30 96 1.5 0.75 
951397:  Double_t \
  100 -400 986.6 48 48 0.6 30 96 1.5 0.75  \
  36 96 1.5 0.75 30 96 1.5 0.75 
951845:  Double_t \
  -300 0 586.6 48 48 0.6 96 30 0.75 1.5  \
  96 36 0.75 1.5 96 30 0.75 1.5 
951877:  Double_t \
  200 -300 811.6 48 48 0.6 96 30 0.75 1.5  \
  96 36 0.75 1.5 96 30 0.75 1.5 
952357:  Double_t \
  -300 0 636.6 48 48 0.6 30 96 1.5 0.75  \
  36 96 1.5 0.75 30 96 1.5 0.75 
952389:  Double_t \
  200 -300 861.6 48 48 0.6 30 96 1.5 0.75  \
  36 96 1.5 0.75 30 96 1.5 0.75 
1053221:  Double_t \
  60 60 486.6 28.5 28.5 0.6 57 24 0.75 1.5  \
  57 9 0.75 1.5 57 24 0.75 1.5 
1053733:  Double_t \
  60 60 536.6 28.5 28.5 0.6 24 57 1.5 0.75  \
  9 57 1.5 0.75 24 57 1.5 0.75 
1054245:  Double_t \
  60 60 586.6 28.5 28.5 0.6 57 24 0.75 1.5  \
  57 9 0.75 1.5 57 24 0.75 1.5 
1054757:  Double_t \
  60 60 636.6 28.5 28.5 0.6 24 57 1.5 0.75  \
  9 57 1.5 0.75 24 57 1.5 0.75 
1061413:  Double_t \
  60 120 486.6 28.5 28.5 0.6 57 24 0.75 1.5  \
  57 9 0.75 1.5 57 24 0.75 1.5 
1061445:  Double_t \
  -120 60 711.6 28.5 28.5 0.6 57 24 0.75 1.5  \
  57 9 0.75 1.5 57 24 0.75 1.5 
1061925:  Double_t \
  60 120 536.6 28.5 28.5 0.6 24 57 1.5 0.75  \
  9 57 1.5 0.75 24 57 1.5 0.75 
1061957:  Double_t \
  -120 60 761.6 28.5 28.5 0.6 24 57 1.5 0.75  \
  9 57 1.5 0.75 24 57 1.5 0.75 
1062437:  Double_t \
  60 120 586.6 28.5 28.5 0.6 57 24 0.75 1.5  \
  57 9 0.75 1.5 57 24 0.75 1.5 
1062469:  Double_t \
  -120 60 811.6 28.5 28.5 0.6 57 24 0.75 1.5  \
  57 9 0.75 1.5 57 24 0.75 1.5 
1062949:  Double_t \
  60 120 636.6 28.5 28.5 0.6 24 57 1.5 0.75  \
  9 57 1.5 0.75 24 57 1.5 0.75 
1062981:  Double_t \
  -120 60 861.6 28.5 28.5 0.6 24 57 1.5 0.75  \
  9 57 1.5 0.75 24 57 1.5 0.75 
1069669:  Double_t \
  100 100 936.6 48 48 0.6 96 30 0.75 1.5  \
  96 36 0.75 1.5 96 30 0.75 1.5 
1070181:  Double_t \
  100 100 986.6 48 48 0.6 30 96 1.5 0.75  \
  36 96 1.5 0.75 30 96 1.5 0.75 
1073733:  Double_t \
  -200 100 711.6 48 48 0.6 96 30 0.75 1.5  \
  96 36 0.75 1.5 96 30 0.75 1.5 
1073765:  Double_t \
  -200 100 936.6 48 48 0.6 96 30 0.75 1.5  \
  96 36 0.75 1.5 96 30 0.75 1.5 
1074245:  Double_t \
  -200 100 761.6 48 48 0.6 30 96 1.5 0.75  \
  36 96 1.5 0.75 30 96 1.5 0.75 
1074277:  Double_t \
  -200 100 986.6 48 48 0.6 30 96 1.5 0.75  \
  36 96 1.5 0.75 30 96 1.5 0.75 
1074757:  Double_t \
  -200 100 811.6 48 48 0.6 96 30 0.75 1.5  \
  96 36 0.75 1.5 96 30 0.75 1.5 
1075269:  Double_t \
  -200 100 861.6 48 48 0.6 30 96 1.5 0.75  \
  36 96 1.5 0.75 30 96 1.5 0.75 
1077797:  Double_t \
  -200 100 486.6 48 48 0.6 96 30 0.75 1.5  \
  96 36 0.75 1.5 96 30 0.75 1.5 
1077861:  Double_t \
  200 -200 936.6 48 48 0.6 96 30 0.75 1.5  \
  96 36 0.75 1.5 96 30 0.75 1.5 
1078309:  Double_t \
  -200 100 536.6 48 48 0.6 30 96 1.5 0.75  \
  36 96 1.5 0.75 30 96 1.5 0.75 
1078373:  Double_t \
  200 -200 986.6 48 48 0.6 30 96 1.5 0.75  \
  36 96 1.5 0.75 30 96 1.5 0.75 
1078821:  Double_t \
  -200 100 586.6 48 48 0.6 96 30 0.75 1.5  \
  96 36 0.75 1.5 96 30 0.75 1.5 
1079333:  Double_t \
  -200 100 636.6 48 48 0.6 30 96 1.5 0.75  \
  36 96 1.5 0.75 30 96 1.5 0.75 
1081893:  Double_t \
  300 0 486.6 48 48 0.6 96 30 0.75 1.5  \
  96 36 0.75 1.5 96 30 0.75 1.5 
1081925:  Double_t \
  300 -300 711.6 48 48 0.6 96 30 0.75 1.5  \
  96 36 0.75 1.5 96 30 0.75 1.5 
1081957:  Double_t \
  200 -400 936.6 48 48 0.6 96 30 0.75 1.5  \
  96 36 0.75 1.5 96 30 0.75 1.5 
1082405:  Double_t \
  300 0 536.6 48 48 0.6 30 96 1.5 0.75  \
  36 96 1.5 0.75 30 96 1.5 0.75 
1082437:  Double_t \
  300 -300 761.6 48 48 0.6 30 96 1.5 0.75  \
  36 96 1.5 0.75 30 96 1.5 0.75 
1082469:  Double_t \
  200 -400 986.6 48 48 0.6 30 96 1.5 0.75  \
  36 96 1.5 0.75 30 96 1.5 0.75 
1082917:  Double_t \
  300 0 586.6 48 48 0.6 96 30 0.75 1.5  \
  96 36 0.75 1.5 96 30 0.75 1.5 
1082949:  Double_t \
  300 -300 811.6 48 48 0.6 96 30 0.75 1.5  \
  96 36 0.75 1.5 96 30 0.75 1.5 
1083429:  Double_t \
  300 0 636.6 48 48 0.6 30 96 1.5 0.75  \
  36 96 1.5 0.75 30 96 1.5 0.75 
1083461:  Double_t \
  300 -300 861.6 48 48 0.6 30 96 1.5 0.75  \
  36 96 1.5 0.75 30 96 1.5 0.75 
1192517:  Double_t \
  120 60 711.6 28.5 28.5 0.6 57 24 0.75 1.5  \
  57 9 0.75 1.5 57 24 0.75 1.5 
1193029:  Double_t \
  120 60 761.6 28.5 28.5 0.6 24 57 1.5 0.75  \
  9 57 1.5 0.75 24 57 1.5 0.75 
1193541:  Double_t \
  120 60 811.6 28.5 28.5 0.6 57 24 0.75 1.5  \
  57 9 0.75 1.5 57 24 0.75 1.5 
1194053:  Double_t \
  120 60 861.6 28.5 28.5 0.6 24 57 1.5 0.75  \
  9 57 1.5 0.75 24 57 1.5 0.75 
1204805:  Double_t \
  200 100 711.6 48 48 0.6 96 30 0.75 1.5  \
  96 36 0.75 1.5 96 30 0.75 1.5 
1204837:  Double_t \
  200 100 936.6 48 48 0.6 96 30 0.75 1.5  \
  96 36 0.75 1.5 96 30 0.75 1.5 
1205317:  Double_t \
  200 100 761.6 48 48 0.6 30 96 1.5 0.75  \
  36 96 1.5 0.75 30 96 1.5 0.75 
1205349:  Double_t \
  200 100 986.6 48 48 0.6 30 96 1.5 0.75  \
  36 96 1.5 0.75 30 96 1.5 0.75 
1205829:  Double_t \
  200 100 811.6 48 48 0.6 96 30 0.75 1.5  \
  96 36 0.75 1.5 96 30 0.75 1.5 
1206341:  Double_t \
  200 100 861.6 48 48 0.6 30 96 1.5 0.75  \
  36 96 1.5 0.75 30 96 1.5 0.75 
1208869:  Double_t \
  200 100 486.6 48 48 0.6 96 30 0.75 1.5  \
  96 36 0.75 1.5 96 30 0.75 1.5 
1208933:  Double_t \
  300 -200 936.6 48 48 0.6 96 30 0.75 1.5  \
  96 36 0.75 1.5 96 30 0.75 1.5 
1209381:  Double_t \
  200 100 536.6 48 48 0.6 30 96 1.5 0.75  \
  36 96 1.5 0.75 30 96 1.5 0.75 
1209445:  Double_t \
  300 -200 986.6 48 48 0.6 30 96 1.5 0.75  \
  36 96 1.5 0.75 30 96 1.5 0.75 
1209893:  Double_t \
  200 100 586.6 48 48 0.6 96 30 0.75 1.5  \
  96 36 0.75 1.5 96 30 0.75 1.5 
1210405:  Double_t \
  200 100 636.6 48 48 0.6 30 96 1.5 0.75  \
  36 96 1.5 0.75 30 96 1.5 0.75 
1212965:  Double_t \
  -300 100 486.6 48 48 0.6 96 30 0.75 1.5  \
  96 36 0.75 1.5 96 30 0.75 1.5 
1212997:  Double_t \
  400 -300 711.6 48 48 0.6 96 30 0.75 1.5  \
  96 36 0.75 1.5 96 30 0.75 1.5 
1213029:  Double_t \
  300 -400 936.6 48 48 0.6 96 30 0.75 1.5  \
  96 36 0.75 1.5 96 30 0.75 1.5 
1213477:  Double_t \
  -300 100 536.6 48 48 0.6 30 96 1.5 0.75  \
  36 96 1.5 0.75 30 96 1.5 0.75 
1213509:  Double_t \
  400 -300 761.6 48 48 0.6 30 96 1.5 0.75  \
  36 96 1.5 0.75 30 96 1.5 0.75 
1213541:  Double_t \
  300 -400 986.6 48 48 0.6 30 96 1.5 0.75  \
  36 96 1.5 0.75 30 96 1.5 0.75 
1213989:  Double_t \
  -300 100 586.6 48 48 0.6 96 30 0.75 1.5  \
  96 36 0.75 1.5 96 30 0.75 1.5 
1214021:  Double_t \
  400 -300 811.6 48 48 0.6 96 30 0.75 1.5  \
  96 36 0.75 1.5 96 30 0.75 1.5 
1214501:  Double_t \
  -300 100 636.6 48 48 0.6 30 96 1.5 0.75  \
  36 96 1.5 0.75 30 96 1.5 0.75 
1214533:  Double_t \
  400 -300 861.6 48 48 0.6 30 96 1.5 0.75  \
  36 96 1.5 0.75 30 96 1.5 0.75 
1323589:  Double_t \
  -60 120 711.6 28.5 28.5 0.6 57 24 0.75 1.5  \
  57 9 0.75 1.5 57 24 0.75 1.5 
1324101:  Double_t \
  -60 120 761.6 28.5 28.5 0.6 24 57 1.5 0.75  \
  9 57 1.5 0.75 24 57 1.5 0.75 
1324613:  Double_t \
  -60 120 811.6 28.5 28.5 0.6 57 24 0.75 1.5  \
  57 9 0.75 1.5 57 24 0.75 1.5 
1325125:  Double_t \
  -60 120 861.6 28.5 28.5 0.6 24 57 1.5 0.75  \
  9 57 1.5 0.75 24 57 1.5 0.75 
1335877:  Double_t \
  -100 200 711.6 48 48 0.6 96 30 0.75 1.5  \
  96 36 0.75 1.5 96 30 0.75 1.5 
1335909:  Double_t \
  -100 200 936.6 48 48 0.6 96 30 0.75 1.5  \
  96 36 0.75 1.5 96 30 0.75 1.5 
1336389:  Double_t \
  -100 200 761.6 48 48 0.6 30 96 1.5 0.75  \
  36 96 1.5 0.75 30 96 1.5 0.75 
1336421:  Double_t \
  -100 200 986.6 48 48 0.6 30 96 1.5 0.75  \
  36 96 1.5 0.75 30 96 1.5 0.75 
1336901:  Double_t \
  -100 200 811.6 48 48 0.6 96 30 0.75 1.5  \
  96 36 0.75 1.5 96 30 0.75 1.5 
1337413:  Double_t \
  -100 200 861.6 48 48 0.6 30 96 1.5 0.75  \
  36 96 1.5 0.75 30 96 1.5 0.75 
1339941:  Double_t \
  -100 200 486.6 48 48 0.6 96 30 0.75 1.5  \
  96 36 0.75 1.5 96 30 0.75 1.5 
1340005:  Double_t \
  -300 -100 936.6 48 48 0.6 96 30 0.75 1.5  \
  96 36 0.75 1.5 96 30 0.75 1.5 
1340453:  Double_t \
  -100 200 536.6 48 48 0.6 30 96 1.5 0.75  \
  36 96 1.5 0.75 30 96 1.5 0.75 
1340517:  Double_t \
  -300 -100 986.6 48 48 0.6 30 96 1.5 0.75  \
  36 96 1.5 0.75 30 96 1.5 0.75 
1340965:  Double_t \
  -100 200 586.6 48 48 0.6 96 30 0.75 1.5  \
  96 36 0.75 1.5 96 30 0.75 1.5 
1341477:  Double_t \
  -100 200 636.6 48 48 0.6 30 96 1.5 0.75  \
  36 96 1.5 0.75 30 96 1.5 0.75 
1344037:  Double_t \
  300 100 486.6 48 48 0.6 96 30 0.75 1.5  \
  96 36 0.75 1.5 96 30 0.75 1.5 
1344069:  Double_t \
  -400 -200 711.6 48 48 0.6 96 30 0.75 1.5  \
  96 36 0.75 1.5 96 30 0.75 1.5 
1344101:  Double_t \
  400 -400 936.6 48 48 0.6 96 30 0.75 1.5  \
  96 36 0.75 1.5 96 30 0.75 1.5 
1344549:  Double_t \
  300 100 536.6 48 48 0.6 30 96 1.5 0.75  \
  36 96 1.5 0.75 30 96 1.5 0.75 
1344581:  Double_t \
  -400 -200 761.6 48 48 0.6 30 96 1.5 0.75  \
  36 96 1.5 0.75 30 96 1.5 0.75 
1344613:  Double_t \
  400 -400 986.6 48 48 0.6 30 96 1.5 0.75  \
  36 96 1.5 0.75 30 96 1.5 0.75 
1345061:  Double_t \
  300 100 586.6 48 48 0.6 96 30 0.75 1.5  \
  96 36 0.75 1.5 96 30 0.75 1.5 
1345093:  Double_t \
  -400 -200 811.6 48 48 0.6 96 30 0.75 1.5  \
  96 36 0.75 1.5 96 30 0.75 1.5 
1345573:  Double_t \
  300 100 636.6 48 48 0.6 30 96 1.5 0.75  \
  36 96 1.5 0.75 30 96 1.5 0.75 
1345605:  Double_t \
  -400 -200 861.6 48 48 0.6 30 96 1.5 0.75  \
  36 96 1.5 0.75 30 96 1.5 0.75 
1454661:  Double_t \
  0 120 711.6 28.5 28.5 0.6 57 24 0.75 1.5  \
  57 9 0.75 1.5 57 24 0.75 1.5 
1455173:  Double_t \
  0 120 761.6 28.5 28.5 0.6 24 57 1.5 0.75  \
  9 57 1.5 0.75 24 57 1.5 0.75 
1455685:  Double_t \
  0 120 811.6 28.5 28.5 0.6 57 24 0.75 1.5  \
  57 9 0.75 1.5 57 24 0.75 1.5 
1456197:  Double_t \
  0 120 861.6 28.5 28.5 0.6 24 57 1.5 0.75  \
  9 57 1.5 0.75 24 57 1.5 0.75 
1466949:  Double_t \
  0 200 711.6 48 48 0.6 96 30 0.75 1.5  \
  96 36 0.75 1.5 96 30 0.75 1.5 
1466981:  Double_t \
  0 200 936.6 48 48 0.6 96 30 0.75 1.5  \
  96 36 0.75 1.5 96 30 0.75 1.5 
1467461:  Double_t \
  0 200 761.6 48 48 0.6 30 96 1.5 0.75  \
  36 96 1.5 0.75 30 96 1.5 0.75 
1467493:  Double_t \
  0 200 986.6 48 48 0.6 30 96 1.5 0.75  \
  36 96 1.5 0.75 30 96 1.5 0.75 
1467973:  Double_t \
  0 200 811.6 48 48 0.6 96 30 0.75 1.5  \
  96 36 0.75 1.5 96 30 0.75 1.5 
1468485:  Double_t \
  0 200 861.6 48 48 0.6 30 96 1.5 0.75  \
  36 96 1.5 0.75 30 96 1.5 0.75 
1471013:  Double_t \
  0 200 486.6 48 48 0.6 96 30 0.75 1.5  \
  96 36 0.75 1.5 96 30 0.75 1.5 
1471077:  Double_t \
  300 -100 936.6 48 48 0.6 96 30 0.75 1.5  \
  96 36 0.75 1.5 96 30 0.75 1.5 
1471525:  Double_t \
  0 200 536.6 48 48 0.6 30 96 1.5 0.75  \
  36 96 1.5 0.75 30 96 1.5 0.75 
1471589:  Double_t \
  300 -100 986.6 48 48 0.6 30 96 1.5 0.75  \
  36 96 1.5 0.75 30 96 1.5 0.75 
1472037:  Double_t \
  0 200 586.6 48 48 0.6 96 30 0.75 1.5  \
  96 36 0.75 1.5 96 30 0.75 1.5 
1472549:  Double_t \
  0 200 636.6 48 48 0.6 30 96 1.5 0.75  \
  36 96 1.5 0.75 30 96 1.5 0.75 
1475109:  Double_t \
  -300 200 486.6 48 48 0.6 96 30 0.75 1.5  \
  96 36 0.75 1.5 96 30 0.75 1.5 
1475141:  Double_t \
  -300 -200 711.6 48 48 0.6 96 30 0.75 1.5  \
  96 36 0.75 1.5 96 30 0.75 1.5 
1475173:  Double_t \
  500 -400 936.6 48 48 0.6 96 30 0.75 1.5  \
  96 36 0.75 1.5 96 30 0.75 1.5 
1475621:  Double_t \
  -300 200 536.6 48 48 0.6 30 96 1.5 0.75  \
  36 96 1.5 0.75 30 96 1.5 0.75 
1475653:  Double_t \
  -300 -200 761.6 48 48 0.6 30 96 1.5 0.75  \
  36 96 1.5 0.75 30 96 1.5 0.75 
1475685:  Double_t \
  500 -400 986.6 48 48 0.6 30 96 1.5 0.75  \
  36 96 1.5 0.75 30 96 1.5 0.75 
1476133:  Double_t \
  -300 200 586.6 48 48 0.6 96 30 0.75 1.5  \
  96 36 0.75 1.5 96 30 0.75 1.5 
1476165:  Double_t \
  -300 -200 811.6 48 48 0.6 96 30 0.75 1.5  \
  96 36 0.75 1.5 96 30 0.75 1.5 
1476645:  Double_t \
  -300 200 636.6 48 48 0.6 30 96 1.5 0.75  \
  36 96 1.5 0.75 30 96 1.5 0.75 
1476677:  Double_t \
  -300 -200 861.6 48 48 0.6 30 96 1.5 0.75  \
  36 96 1.5 0.75 30 96 1.5 0.75 
1585733:  Double_t \
  60 120 711.6 28.5 28.5 0.6 57 24 0.75 1.5  \
  57 9 0.75 1.5 57 24 0.75 1.5 
1586245:  Double_t \
  60 120 761.6 28.5 28.5 0.6 24 57 1.5 0.75  \
  9 57 1.5 0.75 24 57 1.5 0.75 
1586757:  Double_t \
  60 120 811.6 28.5 28.5 0.6 57 24 0.75 1.5  \
  57 9 0.75 1.5 57 24 0.75 1.5 
1587269:  Double_t \
  60 120 861.6 28.5 28.5 0.6 24 57 1.5 0.75  \
  9 57 1.5 0.75 24 57 1.5 0.75 
1598021:  Double_t \
  100 200 711.6 48 48 0.6 96 30 0.75 1.5  \
  96 36 0.75 1.5 96 30 0.75 1.5 
1598053:  Double_t \
  100 200 936.6 48 48 0.6 96 30 0.75 1.5  \
  96 36 0.75 1.5 96 30 0.75 1.5 
1598533:  Double_t \
  100 200 761.6 48 48 0.6 30 96 1.5 0.75  \
  36 96 1.5 0.75 30 96 1.5 0.75 
1598565:  Double_t \
  100 200 986.6 48 48 0.6 30 96 1.5 0.75  \
  36 96 1.5 0.75 30 96 1.5 0.75 
1599045:  Double_t \
  100 200 811.6 48 48 0.6 96 30 0.75 1.5  \
  96 36 0.75 1.5 96 30 0.75 1.5 
1599557:  Double_t \
  100 200 861.6 48 48 0.6 30 96 1.5 0.75  \
  36 96 1.5 0.75 30 96 1.5 0.75 
1602085:  Double_t \
  100 200 486.6 48 48 0.6 96 30 0.75 1.5  \
  96 36 0.75 1.5 96 30 0.75 1.5 
1602149:  Double_t \
  -300 0 936.6 48 48 0.6 96 30 0.75 1.5  \
  96 36 0.75 1.5 96 30 0.75 1.5 
1602597:  Double_t \
  100 200 536.6 48 48 0.6 30 96 1.5 0.75  \
  36 96 1.5 0.75 30 96 1.5 0.75 
1602661:  Double_t \
  -300 0 986.6 48 48 0.6 30 96 1.5 0.75  \
  36 96 1.5 0.75 30 96 1.5 0.75 
1603109:  Double_t \
  100 200 586.6 48 48 0.6 96 30 0.75 1.5  \
  96 36 0.75 1.5 96 30 0.75 1.5 
1603621:  Double_t \
  100 200 636.6 48 48 0.6 30 96 1.5 0.75  \
  36 96 1.5 0.75 30 96 1.5 0.75 
1606181:  Double_t \
  -200 200 486.6 48 48 0.6 96 30 0.75 1.5  \
  96 36 0.75 1.5 96 30 0.75 1.5 
1606213:  Double_t \
  -200 -200 711.6 48 48 0.6 96 30 0.75 1.5  \
  96 36 0.75 1.5 96 30 0.75 1.5 
1606245:  Double_t \
  -500 -300 936.6 48 48 0.6 96 30 0.75 1.5  \
  96 36 0.75 1.5 96 30 0.75 1.5 
1606693:  Double_t \
  -200 200 536.6 48 48 0.6 30 96 1.5 0.75  \
  36 96 1.5 0.75 30 96 1.5 0.75 
1606725:  Double_t \
  -200 -200 761.6 48 48 0.6 30 96 1.5 0.75  \
  36 96 1.5 0.75 30 96 1.5 0.75 
1606757:  Double_t \
  -500 -300 986.6 48 48 0.6 30 96 1.5 0.75  \
  36 96 1.5 0.75 30 96 1.5 0.75 
1607205:  Double_t \
  -200 200 586.6 48 48 0.6 96 30 0.75 1.5  \
  96 36 0.75 1.5 96 30 0.75 1.5 
1607237:  Double_t \
  -200 -200 811.6 48 48 0.6 96 30 0.75 1.5  \
  96 36 0.75 1.5 96 30 0.75 1.5 
1607717:  Double_t \
  -200 200 636.6 48 48 0.6 30 96 1.5 0.75  \
  36 96 1.5 0.75 30 96 1.5 0.75 
1607749:  Double_t \
  -200 -200 861.6 48 48 0.6 30 96 1.5 0.75  \
  36 96 1.5 0.75 30 96 1.5 0.75 
1733221:  Double_t \
  300 0 936.6 48 48 0.6 96 30 0.75 1.5  \
  96 36 0.75 1.5 96 30 0.75 1.5 
1733733:  Double_t \
  300 0 986.6 48 48 0.6 30 96 1.5 0.75  \
  36 96 1.5 0.75 30 96 1.5 0.75 
1737253:  Double_t \
  200 200 486.6 48 48 0.6 96 30 0.75 1.5  \
  96 36 0.75 1.5 96 30 0.75 1.5 
1737285:  Double_t \
  200 -200 711.6 48 48 0.6 96 30 0.75 1.5  \
  96 36 0.75 1.5 96 30 0.75 1.5 
1737317:  Double_t \
  -400 -300 936.6 48 48 0.6 96 30 0.75 1.5  \
  96 36 0.75 1.5 96 30 0.75 1.5 
1737765:  Double_t \
  200 200 536.6 48 48 0.6 30 96 1.5 0.75  \
  36 96 1.5 0.75 30 96 1.5 0.75 
1737797:  Double_t \
  200 -200 761.6 48 48 0.6 30 96 1.5 0.75  \
  36 96 1.5 0.75 30 96 1.5 0.75 
1737829:  Double_t \
  -400 -300 986.6 48 48 0.6 30 96 1.5 0.75  \
  36 96 1.5 0.75 30 96 1.5 0.75 
1738277:  Double_t \
  200 200 586.6 48 48 0.6 96 30 0.75 1.5  \
  96 36 0.75 1.5 96 30 0.75 1.5 
1738309:  Double_t \
  200 -200 811.6 48 48 0.6 96 30 0.75 1.5  \
  96 36 0.75 1.5 96 30 0.75 1.5 
1738789:  Double_t \
  200 200 636.6 48 48 0.6 30 96 1.5 0.75  \
  36 96 1.5 0.75 30 96 1.5 0.75 
1738821:  Double_t \
  200 -200 861.6 48 48 0.6 30 96 1.5 0.75  \
  36 96 1.5 0.75 30 96 1.5 0.75 
1864293:  Double_t \
  -300 100 936.6 48 48 0.6 96 30 0.75 1.5  \
  96 36 0.75 1.5 96 30 0.75 1.5 
1864805:  Double_t \
  -300 100 986.6 48 48 0.6 30 96 1.5 0.75  \
  36 96 1.5 0.75 30 96 1.5 0.75 
1868325:  Double_t \
  300 200 486.6 48 48 0.6 96 30 0.75 1.5  \
  96 36 0.75 1.5 96 30 0.75 1.5 
1868357:  Double_t \
  300 -200 711.6 48 48 0.6 96 30 0.75 1.5  \
  96 36 0.75 1.5 96 30 0.75 1.5 
1868389:  Double_t \
  -300 -300 936.6 48 48 0.6 96 30 0.75 1.5  \
  96 36 0.75 1.5 96 30 0.75 1.5 
1868837:  Double_t \
  300 200 536.6 48 48 0.6 30 96 1.5 0.75  \
  36 96 1.5 0.75 30 96 1.5 0.75 
1868869:  Double_t \
  300 -200 761.6 48 48 0.6 30 96 1.5 0.75  \
  36 96 1.5 0.75 30 96 1.5 0.75 
1868901:  Double_t \
  -300 -300 986.6 48 48 0.6 30 96 1.5 0.75  \
  36 96 1.5 0.75 30 96 1.5 0.75 
1869349:  Double_t \
  300 200 586.6 48 48 0.6 96 30 0.75 1.5  \
  96 36 0.75 1.5 96 30 0.75 1.5 
1869381:  Double_t \
  300 -200 811.6 48 48 0.6 96 30 0.75 1.5  \
  96 36 0.75 1.5 96 30 0.75 1.5 
1869861:  Double_t \
  300 200 636.6 48 48 0.6 30 96 1.5 0.75  \
  36 96 1.5 0.75 30 96 1.5 0.75 
1869893:  Double_t \
  300 -200 861.6 48 48 0.6 30 96 1.5 0.75  \
  36 96 1.5 0.75 30 96 1.5 0.75 
1995365:  Double_t \
  300 100 936.6 48 48 0.6 96 30 0.75 1.5  \
  96 36 0.75 1.5 96 30 0.75 1.5 
1995877:  Double_t \
  300 100 986.6 48 48 0.6 30 96 1.5 0.75  \
  36 96 1.5 0.75 30 96 1.5 0.75 
1999429:  Double_t \
  400 -200 711.6 48 48 0.6 96 30 0.75 1.5  \
  96 36 0.75 1.5 96 30 0.75 1.5 
1999461:  Double_t \
  300 -300 936.6 48 48 0.6 96 30 0.75 1.5  \
  96 36 0.75 1.5 96 30 0.75 1.5 
1999941:  Double_t \
  400 -200 761.6 48 48 0.6 30 96 1.5 0.75  \
  36 96 1.5 0.75 30 96 1.5 0.75 
1999973:  Double_t \
  300 -300 986.6 48 48 0.6 30 96 1.5 0.75  \
  36 96 1.5 0.75 30 96 1.5 0.75 
2000453:  Double_t \
  400 -200 811.6 48 48 0.6 96 30 0.75 1.5  \
  96 36 0.75 1.5 96 30 0.75 1.5 
2000965:  Double_t \
  400 -200 861.6 48 48 0.6 30 96 1.5 0.75  \
  36 96 1.5 0.75 30 96 1.5 0.75 
2126437:  Double_t \
  -300 200 936.6 48 48 0.6 96 30 0.75 1.5  \
  96 36 0.75 1.5 96 30 0.75 1.5 
2126949:  Double_t \
  -300 200 986.6 48 48 0.6 30 96 1.5 0.75  \
  36 96 1.5 0.75 30 96 1.5 0.75 
2130501:  Double_t \
  -400 -100 711.6 48 48 0.6 96 30 0.75 1.5  \
  96 36 0.75 1.5 96 30 0.75 1.5 
2130533:  Double_t \
  400 -300 936.6 48 48 0.6 96 30 0.75 1.5  \
  96 36 0.75 1.5 96 30 0.75 1.5 
2131013:  Double_t \
  -400 -100 761.6 48 48 0.6 30 96 1.5 0.75  \
  36 96 1.5 0.75 30 96 1.5 0.75 
2131045:  Double_t \
  400 -300 986.6 48 48 0.6 30 96 1.5 0.75  \
  36 96 1.5 0.75 30 96 1.5 0.75 
2131525:  Double_t \
  -400 -100 811.6 48 48 0.6 96 30 0.75 1.5  \
  96 36 0.75 1.5 96 30 0.75 1.5 
2132037:  Double_t \
  -400 -100 861.6 48 48 0.6 30 96 1.5 0.75  \
  36 96 1.5 0.75 30 96 1.5 0.75 
2257509:  Double_t \
  -200 200 936.6 48 48 0.6 96 30 0.75 1.5  \
  96 36 0.75 1.5 96 30 0.75 1.5 
2258021:  Double_t \
  -200 200 986.6 48 48 0.6 30 96 1.5 0.75  \
  36 96 1.5 0.75 30 96 1.5 0.75 
2261573:  Double_t \
  -300 -100 711.6 48 48 0.6 96 30 0.75 1.5  \
  96 36 0.75 1.5 96 30 0.75 1.5 
2261605:  Double_t \
  500 -300 936.6 48 48 0.6 96 30 0.75 1.5  \
  96 36 0.75 1.5 96 30 0.75 1.5 
2262085:  Double_t \
  -300 -100 761.6 48 48 0.6 30 96 1.5 0.75  \
  36 96 1.5 0.75 30 96 1.5 0.75 
2262117:  Double_t \
  500 -300 986.6 48 48 0.6 30 96 1.5 0.75  \
  36 96 1.5 0.75 30 96 1.5 0.75 
2262597:  Double_t \
  -300 -100 811.6 48 48 0.6 96 30 0.75 1.5  \
  96 36 0.75 1.5 96 30 0.75 1.5 
2263109:  Double_t \
  -300 -100 861.6 48 48 0.6 30 96 1.5 0.75  \
  36 96 1.5 0.75 30 96 1.5 0.75 
2388581:  Double_t \
  200 200 936.6 48 48 0.6 96 30 0.75 1.5  \
  96 36 0.75 1.5 96 30 0.75 1.5 
2389093:  Double_t \
  200 200 986.6 48 48 0.6 30 96 1.5 0.75  \
  36 96 1.5 0.75 30 96 1.5 0.75 
2392645:  Double_t \
  300 -100 711.6 48 48 0.6 96 30 0.75 1.5  \
  96 36 0.75 1.5 96 30 0.75 1.5 
2392677:  Double_t \
  -500 -200 936.6 48 48 0.6 96 30 0.75 1.5  \
  96 36 0.75 1.5 96 30 0.75 1.5 
2393157:  Double_t \
  300 -100 761.6 48 48 0.6 30 96 1.5 0.75  \
  36 96 1.5 0.75 30 96 1.5 0.75 
2393189:  Double_t \
  -500 -200 986.6 48 48 0.6 30 96 1.5 0.75  \
  36 96 1.5 0.75 30 96 1.5 0.75 
2393669:  Double_t \
  300 -100 811.6 48 48 0.6 96 30 0.75 1.5  \
  96 36 0.75 1.5 96 30 0.75 1.5 
2394181:  Double_t \
  300 -100 861.6 48 48 0.6 30 96 1.5 0.75  \
  36 96 1.5 0.75 30 96 1.5 0.75 
2519653:  Double_t \
  300 200 936.6 48 48 0.6 96 30 0.75 1.5  \
  96 36 0.75 1.5 96 30 0.75 1.5 
2520165:  Double_t \
  300 200 986.6 48 48 0.6 30 96 1.5 0.75  \
  36 96 1.5 0.75 30 96 1.5 0.75 
2523717:  Double_t \
  400 -100 711.6 48 48 0.6 96 30 0.75 1.5  \
  96 36 0.75 1.5 96 30 0.75 1.5 
2523749:  Double_t \
  -400 -200 936.6 48 48 0.6 96 30 0.75 1.5  \
  96 36 0.75 1.5 96 30 0.75 1.5 
2524229:  Double_t \
  400 -100 761.6 48 48 0.6 30 96 1.5 0.75  \
  36 96 1.5 0.75 30 96 1.5 0.75 
2524261:  Double_t \
  -400 -200 986.6 48 48 0.6 30 96 1.5 0.75  \
  36 96 1.5 0.75 30 96 1.5 0.75 
2524741:  Double_t \
  400 -100 811.6 48 48 0.6 96 30 0.75 1.5  \
  96 36 0.75 1.5 96 30 0.75 1.5 
2525253:  Double_t \
  400 -100 861.6 48 48 0.6 30 96 1.5 0.75  \
  36 96 1.5 0.75 30 96 1.5 0.75 
2650725:  Double_t \
  -200 300 936.6 48 48 0.6 96 30 0.75 1.5  \
  96 36 0.75 1.5 96 30 0.75 1.5 
2651237:  Double_t \
  -200 300 986.6 48 48 0.6 30 96 1.5 0.75  \
  36 96 1.5 0.75 30 96 1.5 0.75 
2654789:  Double_t \
  -400 0 711.6 48 48 0.6 96 30 0.75 1.5  \
  96 36 0.75 1.5 96 30 0.75 1.5 
2654821:  Double_t \
  400 -200 936.6 48 48 0.6 96 30 0.75 1.5  \
  96 36 0.75 1.5 96 30 0.75 1.5 
2655301:  Double_t \
  -400 0 761.6 48 48 0.6 30 96 1.5 0.75  \
  36 96 1.5 0.75 30 96 1.5 0.75 
2655333:  Double_t \
  400 -200 986.6 48 48 0.6 30 96 1.5 0.75  \
  36 96 1.5 0.75 30 96 1.5 0.75 
2655813:  Double_t \
  -400 0 811.6 48 48 0.6 96 30 0.75 1.5  \
  96 36 0.75 1.5 96 30 0.75 1.5 
2656325:  Double_t \
  -400 0 861.6 48 48 0.6 30 96 1.5 0.75  \
  36 96 1.5 0.75 30 96 1.5 0.75 
2781797:  Double_t \
  -100 300 936.6 48 48 0.6 96 30 0.75 1.5  \
  96 36 0.75 1.5 96 30 0.75 1.5 
2782309:  Double_t \
  -100 300 986.6 48 48 0.6 30 96 1.5 0.75  \
  36 96 1.5 0.75 30 96 1.5 0.75 
2785861:  Double_t \
  -300 0 711.6 48 48 0.6 96 30 0.75 1.5  \
  96 36 0.75 1.5 96 30 0.75 1.5 
2785893:  Double_t \
  500 -200 936.6 48 48 0.6 96 30 0.75 1.5  \
  96 36 0.75 1.5 96 30 0.75 1.5 
2786373:  Double_t \
  -300 0 761.6 48 48 0.6 30 96 1.5 0.75  \
  36 96 1.5 0.75 30 96 1.5 0.75 
2786405:  Double_t \
  500 -200 986.6 48 48 0.6 30 96 1.5 0.75  \
  36 96 1.5 0.75 30 96 1.5 0.75 
2786885:  Double_t \
  -300 0 811.6 48 48 0.6 96 30 0.75 1.5  \
  96 36 0.75 1.5 96 30 0.75 1.5 
2787397:  Double_t \
  -300 0 861.6 48 48 0.6 30 96 1.5 0.75  \
  36 96 1.5 0.75 30 96 1.5 0.75 
2912869:  Double_t \
  0 300 936.6 48 48 0.6 96 30 0.75 1.5  \
  96 36 0.75 1.5 96 30 0.75 1.5 
2913381:  Double_t \
  0 300 986.6 48 48 0.6 30 96 1.5 0.75  \
  36 96 1.5 0.75 30 96 1.5 0.75 
2916933:  Double_t \
  300 0 711.6 48 48 0.6 96 30 0.75 1.5  \
  96 36 0.75 1.5 96 30 0.75 1.5 
2916965:  Double_t \
  -500 -100 936.6 48 48 0.6 96 30 0.75 1.5  \
  96 36 0.75 1.5 96 30 0.75 1.5 
2917445:  Double_t \
  300 0 761.6 48 48 0.6 30 96 1.5 0.75  \
  36 96 1.5 0.75 30 96 1.5 0.75 
2917477:  Double_t \
  -500 -100 986.6 48 48 0.6 30 96 1.5 0.75  \
  36 96 1.5 0.75 30 96 1.5 0.75 
2917957:  Double_t \
  300 0 811.6 48 48 0.6 96 30 0.75 1.5  \
  96 36 0.75 1.5 96 30 0.75 1.5 
2918469:  Double_t \
  300 0 861.6 48 48 0.6 30 96 1.5 0.75  \
  36 96 1.5 0.75 30 96 1.5 0.75 
3043941:  Double_t \
  100 300 936.6 48 48 0.6 96 30 0.75 1.5  \
  96 36 0.75 1.5 96 30 0.75 1.5 
3044453:  Double_t \
  100 300 986.6 48 48 0.6 30 96 1.5 0.75  \
  36 96 1.5 0.75 30 96 1.5 0.75 
3048005:  Double_t \
  400 0 711.6 48 48 0.6 96 30 0.75 1.5  \
  96 36 0.75 1.5 96 30 0.75 1.5 
3048037:  Double_t \
  -400 -100 936.6 48 48 0.6 96 30 0.75 1.5  \
  96 36 0.75 1.5 96 30 0.75 1.5 
3048517:  Double_t \
  400 0 761.6 48 48 0.6 30 96 1.5 0.75  \
  36 96 1.5 0.75 30 96 1.5 0.75 
3048549:  Double_t \
  -400 -100 986.6 48 48 0.6 30 96 1.5 0.75  \
  36 96 1.5 0.75 30 96 1.5 0.75 
3049029:  Double_t \
  400 0 811.6 48 48 0.6 96 30 0.75 1.5  \
  96 36 0.75 1.5 96 30 0.75 1.5 
3049541:  Double_t \
  400 0 861.6 48 48 0.6 30 96 1.5 0.75  \
  36 96 1.5 0.75 30 96 1.5 0.75 
3175013:  Double_t \
  200 300 936.6 48 48 0.6 96 30 0.75 1.5  \
  96 36 0.75 1.5 96 30 0.75 1.5 
3175525:  Double_t \
  200 300 986.6 48 48 0.6 30 96 1.5 0.75  \
  36 96 1.5 0.75 30 96 1.5 0.75 
3179077:  Double_t \
  -400 100 711.6 48 48 0.6 96 30 0.75 1.5  \
  96 36 0.75 1.5 96 30 0.75 1.5 
3179109:  Double_t \
  400 -100 936.6 48 48 0.6 96 30 0.75 1.5  \
  96 36 0.75 1.5 96 30 0.75 1.5 
3179589:  Double_t \
  -400 100 761.6 48 48 0.6 30 96 1.5 0.75  \
  36 96 1.5 0.75 30 96 1.5 0.75 
3179621:  Double_t \
  400 -100 986.6 48 48 0.6 30 96 1.5 0.75  \
  36 96 1.5 0.75 30 96 1.5 0.75 
3180101:  Double_t \
  -400 100 811.6 48 48 0.6 96 30 0.75 1.5  \
  96 36 0.75 1.5 96 30 0.75 1.5 
3180613:  Double_t \
  -400 100 861.6 48 48 0.6 30 96 1.5 0.75  \
  36 96 1.5 0.75 30 96 1.5 0.75 
3310149:  Double_t \
  -300 100 711.6 48 48 0.6 96 30 0.75 1.5  \
  96 36 0.75 1.5 96 30 0.75 1.5 
3310181:  Double_t \
  500 -100 936.6 48 48 0.6 96 30 0.75 1.5  \
  96 36 0.75 1.5 96 30 0.75 1.5 
3310661:  Double_t \
  -300 100 761.6 48 48 0.6 30 96 1.5 0.75  \
  36 96 1.5 0.75 30 96 1.5 0.75 
3310693:  Double_t \
  500 -100 986.6 48 48 0.6 30 96 1.5 0.75  \
  36 96 1.5 0.75 30 96 1.5 0.75 
3311173:  Double_t \
  -300 100 811.6 48 48 0.6 96 30 0.75 1.5  \
  96 36 0.75 1.5 96 30 0.75 1.5 
3311685:  Double_t \
  -300 100 861.6 48 48 0.6 30 96 1.5 0.75  \
  36 96 1.5 0.75 30 96 1.5 0.75 
3441221:  Double_t \
  300 100 711.6 48 48 0.6 96 30 0.75 1.5  \
  96 36 0.75 1.5 96 30 0.75 1.5 
3441253:  Double_t \
  -500 0 936.6 48 48 0.6 96 30 0.75 1.5  \
  96 36 0.75 1.5 96 30 0.75 1.5 
3441733:  Double_t \
  300 100 761.6 48 48 0.6 30 96 1.5 0.75  \
  36 96 1.5 0.75 30 96 1.5 0.75 
3441765:  Double_t \
  -500 0 986.6 48 48 0.6 30 96 1.5 0.75  \
  36 96 1.5 0.75 30 96 1.5 0.75 
3442245:  Double_t \
  300 100 811.6 48 48 0.6 96 30 0.75 1.5  \
  96 36 0.75 1.5 96 30 0.75 1.5 
3442757:  Double_t \
  300 100 861.6 48 48 0.6 30 96 1.5 0.75  \
  36 96 1.5 0.75 30 96 1.5 0.75 
3572293:  Double_t \
  400 100 711.6 48 48 0.6 96 30 0.75 1.5  \
  96 36 0.75 1.5 96 30 0.75 1.5 
3572325:  Double_t \
  -400 0 936.6 48 48 0.6 96 30 0.75 1.5  \
  96 36 0.75 1.5 96 30 0.75 1.5 
3572805:  Double_t \
  400 100 761.6 48 48 0.6 30 96 1.5 0.75  \
  36 96 1.5 0.75 30 96 1.5 0.75 
3572837:  Double_t \
  -400 0 986.6 48 48 0.6 30 96 1.5 0.75  \
  36 96 1.5 0.75 30 96 1.5 0.75 
3573317:  Double_t \
  400 100 811.6 48 48 0.6 96 30 0.75 1.5  \
  96 36 0.75 1.5 96 30 0.75 1.5 
3573829:  Double_t \
  400 100 861.6 48 48 0.6 30 96 1.5 0.75  \
  36 96 1.5 0.75 30 96 1.5 0.75 
3703365:  Double_t \
  -400 200 711.6 48 48 0.6 96 30 0.75 1.5  \
  96 36 0.75 1.5 96 30 0.75 1.5 
3703397:  Double_t \
  400 0 936.6 48 48 0.6 96 30 0.75 1.5  \
  96 36 0.75 1.5 96 30 0.75 1.5 
3703877:  Double_t \
  -400 200 761.6 48 48 0.6 30 96 1.5 0.75  \
  36 96 1.5 0.75 30 96 1.5 0.75 
3703909:  Double_t \
  400 0 986.6 48 48 0.6 30 96 1.5 0.75  \
  36 96 1.5 0.75 30 96 1.5 0.75 
3704389:  Double_t \
  -400 200 811.6 48 48 0.6 96 30 0.75 1.5  \
  96 36 0.75 1.5 96 30 0.75 1.5 
3704901:  Double_t \
  -400 200 861.6 48 48 0.6 30 96 1.5 0.75  \
  36 96 1.5 0.75 30 96 1.5 0.75 
3834437:  Double_t \
  -300 200 711.6 48 48 0.6 96 30 0.75 1.5  \
  96 36 0.75 1.5 96 30 0.75 1.5 
3834469:  Double_t \
  500 0 936.6 48 48 0.6 96 30 0.75 1.5  \
  96 36 0.75 1.5 96 30 0.75 1.5 
3834949:  Double_t \
  -300 200 761.6 48 48 0.6 30 96 1.5 0.75  \
  36 96 1.5 0.75 30 96 1.5 0.75 
3834981:  Double_t \
  500 0 986.6 48 48 0.6 30 96 1.5 0.75  \
  36 96 1.5 0.75 30 96 1.5 0.75 
3835461:  Double_t \
  -300 200 811.6 48 48 0.6 96 30 0.75 1.5  \
  96 36 0.75 1.5 96 30 0.75 1.5 
3835973:  Double_t \
  -300 200 861.6 48 48 0.6 30 96 1.5 0.75  \
  36 96 1.5 0.75 30 96 1.5 0.75 
3965509:  Double_t \
  -200 200 711.6 48 48 0.6 96 30 0.75 1.5  \
  96 36 0.75 1.5 96 30 0.75 1.5 
3965541:  Double_t \
  -500 100 936.6 48 48 0.6 96 30 0.75 1.5  \
  96 36 0.75 1.5 96 30 0.75 1.5 
3966021:  Double_t \
  -200 200 761.6 48 48 0.6 30 96 1.5 0.75  \
  36 96 1.5 0.75 30 96 1.5 0.75 
3966053:  Double_t \
  -500 100 986.6 48 48 0.6 30 96 1.5 0.75  \
  36 96 1.5 0.75 30 96 1.5 0.75 
3966533:  Double_t \
  -200 200 811.6 48 48 0.6 96 30 0.75 1.5  \
  96 36 0.75 1.5 96 30 0.75 1.5 
3967045:  Double_t \
  -200 200 861.6 48 48 0.6 30 96 1.5 0.75  \
  36 96 1.5 0.75 30 96 1.5 0.75 
4096581:  Double_t \
  200 200 711.6 48 48 0.6 96 30 0.75 1.5  \
  96 36 0.75 1.5 96 30 0.75 1.5 
4096613:  Double_t \
  -400 100 936.6 48 48 0.6 96 30 0.75 1.5  \
  96 36 0.75 1.5 96 30 0.75 1.5 
4097093:  Double_t \
  200 200 761.6 48 48 0.6 30 96 1.5 0.75  \
  36 96 1.5 0.75 30 96 1.5 0.75 
4097125:  Double_t \
  -400 100 986.6 48 48 0.6 30 96 1.5 0.75  \
  36 96 1.5 0.75 30 96 1.5 0.75 
4097605:  Double_t \
  200 200 811.6 48 48 0.6 96 30 0.75 1.5  \
  96 36 0.75 1.5 96 30 0.75 1.5 
4098117:  Double_t \
  200 200 861.6 48 48 0.6 30 96 1.5 0.75  \
  36 96 1.5 0.75 30 96 1.5 0.75 
4227653:  Double_t \
  300 200 711.6 48 48 0.6 96 30 0.75 1.5  \
  96 36 0.75 1.5 96 30 0.75 1.5 
4227685:  Double_t \
  400 100 936.6 48 48 0.6 96 30 0.75 1.5  \
  96 36 0.75 1.5 96 30 0.75 1.5 
4228165:  Double_t \
  300 200 761.6 48 48 0.6 30 96 1.5 0.75  \
  36 96 1.5 0.75 30 96 1.5 0.75 
4228197:  Double_t \
  400 100 986.6 48 48 0.6 30 96 1.5 0.75  \
  36 96 1.5 0.75 30 96 1.5 0.75 
4228677:  Double_t \
  300 200 811.6 48 48 0.6 96 30 0.75 1.5  \
  96 36 0.75 1.5 96 30 0.75 1.5 
4229189:  Double_t \
  300 200 861.6 48 48 0.6 30 96 1.5 0.75  \
  36 96 1.5 0.75 30 96 1.5 0.75 
4358725:  Double_t \
  400 200 711.6 48 48 0.6 96 30 0.75 1.5  \
  96 36 0.75 1.5 96 30 0.75 1.5 
4358757:  Double_t \
  500 100 936.6 48 48 0.6 96 30 0.75 1.5  \
  96 36 0.75 1.5 96 30 0.75 1.5 
4359237:  Double_t \
  400 200 761.6 48 48 0.6 30 96 1.5 0.75  \
  36 96 1.5 0.75 30 96 1.5 0.75 
4359269:  Double_t \
  500 100 986.6 48 48 0.6 30 96 1.5 0.75  \
  36 96 1.5 0.75 30 96 1.5 0.75 
4359749:  Double_t \
  400 200 811.6 48 48 0.6 96 30 0.75 1.5  \
  96 36 0.75 1.5 96 30 0.75 1.5 
4360261:  Double_t \
  400 200 861.6 48 48 0.6 30 96 1.5 0.75  \
  36 96 1.5 0.75 30 96 1.5 0.75 
4489797:  Double_t \
  -400 300 711.6 48 48 0.6 96 30 0.75 1.5  \
  96 36 0.75 1.5 96 30 0.75 1.5 
4489829:  Double_t \
  -500 200 936.6 48 48 0.6 96 30 0.75 1.5  \
  96 36 0.75 1.5 96 30 0.75 1.5 
4490309:  Double_t \
  -400 300 761.6 48 48 0.6 30 96 1.5 0.75  \
  36 96 1.5 0.75 30 96 1.5 0.75 
4490341:  Double_t \
  -500 200 986.6 48 48 0.6 30 96 1.5 0.75  \
  36 96 1.5 0.75 30 96 1.5 0.75 
4490821:  Double_t \
  -400 300 811.6 48 48 0.6 96 30 0.75 1.5  \
  96 36 0.75 1.5 96 30 0.75 1.5 
4491333:  Double_t \
  -400 300 861.6 48 48 0.6 30 96 1.5 0.75  \
  36 96 1.5 0.75 30 96 1.5 0.75 
4620869:  Double_t \
  -300 300 711.6 48 48 0.6 96 30 0.75 1.5  \
  96 36 0.75 1.5 96 30 0.75 1.5 
4620901:  Double_t \
  -400 200 936.6 48 48 0.6 96 30 0.75 1.5  \
  96 36 0.75 1.5 96 30 0.75 1.5 
4621381:  Double_t \
  -300 300 761.6 48 48 0.6 30 96 1.5 0.75  \
  36 96 1.5 0.75 30 96 1.5 0.75 
4621413:  Double_t \
  -400 200 986.6 48 48 0.6 30 96 1.5 0.75  \
  36 96 1.5 0.75 30 96 1.5 0.75 
4621893:  Double_t \
  -300 300 811.6 48 48 0.6 96 30 0.75 1.5  \
  96 36 0.75 1.5 96 30 0.75 1.5 
4622405:  Double_t \
  -300 300 861.6 48 48 0.6 30 96 1.5 0.75  \
  36 96 1.5 0.75 30 96 1.5 0.75 
4751941:  Double_t \
  -200 300 711.6 48 48 0.6 96 30 0.75 1.5  \
  96 36 0.75 1.5 96 30 0.75 1.5 
4751973:  Double_t \
  400 200 936.6 48 48 0.6 96 30 0.75 1.5  \
  96 36 0.75 1.5 96 30 0.75 1.5 
4752453:  Double_t \
  -200 300 761.6 48 48 0.6 30 96 1.5 0.75  \
  36 96 1.5 0.75 30 96 1.5 0.75 
4752485:  Double_t \
  400 200 986.6 48 48 0.6 30 96 1.5 0.75  \
  36 96 1.5 0.75 30 96 1.5 0.75 
4752965:  Double_t \
  -200 300 811.6 48 48 0.6 96 30 0.75 1.5  \
  96 36 0.75 1.5 96 30 0.75 1.5 
4753477:  Double_t \
  -200 300 861.6 48 48 0.6 30 96 1.5 0.75  \
  36 96 1.5 0.75 30 96 1.5 0.75 
4883013:  Double_t \
  -100 300 711.6 48 48 0.6 96 30 0.75 1.5  \
  96 36 0.75 1.5 96 30 0.75 1.5 
4883045:  Double_t \
  500 200 936.6 48 48 0.6 96 30 0.75 1.5  \
  96 36 0.75 1.5 96 30 0.75 1.5 
4883525:  Double_t \
  -100 300 761.6 48 48 0.6 30 96 1.5 0.75  \
  36 96 1.5 0.75 30 96 1.5 0.75 
4883557:  Double_t \
  500 200 986.6 48 48 0.6 30 96 1.5 0.75  \
  36 96 1.5 0.75 30 96 1.5 0.75 
4884037:  Double_t \
  -100 300 811.6 48 48 0.6 96 30 0.75 1.5  \
  96 36 0.75 1.5 96 30 0.75 1.5 
4884549:  Double_t \
  -100 300 861.6 48 48 0.6 30 96 1.5 0.75  \
  36 96 1.5 0.75 30 96 1.5 0.75 
5014085:  Double_t \
  0 300 711.6 48 48 0.6 96 30 0.75 1.5  \
  96 36 0.75 1.5 96 30 0.75 1.5 
5014117:  Double_t \
  -500 300 936.6 48 48 0.6 96 30 0.75 1.5  \
  96 36 0.75 1.5 96 30 0.75 1.5 
5014597:  Double_t \
  0 300 761.6 48 48 0.6 30 96 1.5 0.75  \
  36 96 1.5 0.75 30 96 1.5 0.75 
5014629:  Double_t \
  -500 300 986.6 48 48 0.6 30 96 1.5 0.75  \
  36 96 1.5 0.75 30 96 1.5 0.75 
5015109:  Double_t \
  0 300 811.6 48 48 0.6 96 30 0.75 1.5  \
  96 36 0.75 1.5 96 30 0.75 1.5 
5015621:  Double_t \
  0 300 861.6 48 48 0.6 30 96 1.5 0.75  \
  36 96 1.5 0.75 30 96 1.5 0.75 
5145157:  Double_t \
  100 300 711.6 48 48 0.6 96 30 0.75 1.5  \
  96 36 0.75 1.5 96 30 0.75 1.5 
5145189:  Double_t \
  -400 300 936.6 48 48 0.6 96 30 0.75 1.5  \
  96 36 0.75 1.5 96 30 0.75 1.5 
5145669:  Double_t \
  100 300 761.6 48 48 0.6 30 96 1.5 0.75  \
  36 96 1.5 0.75 30 96 1.5 0.75 
5145701:  Double_t \
  -400 300 986.6 48 48 0.6 30 96 1.5 0.75  \
  36 96 1.5 0.75 30 96 1.5 0.75 
5146181:  Double_t \
  100 300 811.6 48 48 0.6 96 30 0.75 1.5  \
  96 36 0.75 1.5 96 30 0.75 1.5 
5146693:  Double_t \
  100 300 861.6 48 48 0.6 30 96 1.5 0.75  \
  36 96 1.5 0.75 30 96 1.5 0.75 
5276229:  Double_t \
  200 300 711.6 48 48 0.6 96 30 0.75 1.5  \
  96 36 0.75 1.5 96 30 0.75 1.5 
5276261:  Double_t \
  -300 300 936.6 48 48 0.6 96 30 0.75 1.5  \
  96 36 0.75 1.5 96 30 0.75 1.5 
5276741:  Double_t \
  200 300 761.6 48 48 0.6 30 96 1.5 0.75  \
  36 96 1.5 0.75 30 96 1.5 0.75 
5276773:  Double_t \
  -300 300 986.6 48 48 0.6 30 96 1.5 0.75  \
  36 96 1.5 0.75 30 96 1.5 0.75 
5277253:  Double_t \
  200 300 811.6 48 48 0.6 96 30 0.75 1.5  \
  96 36 0.75 1.5 96 30 0.75 1.5 
5277765:  Double_t \
  200 300 861.6 48 48 0.6 30 96 1.5 0.75  \
  36 96 1.5 0.75 30 96 1.5 0.75 
5407301:  Double_t \
  300 300 711.6 48 48 0.6 96 30 0.75 1.5  \
  96 36 0.75 1.5 96 30 0.75 1.5 
5407333:  Double_t \
  300 300 936.6 48 48 0.6 96 30 0.75 1.5  \
  96 36 0.75 1.5 96 30 0.75 1.5 
5407813:  Double_t \
  300 300 761.6 48 48 0.6 30 96 1.5 0.75  \
  36 96 1.5 0.75 30 96 1.5 0.75 
5407845:  Double_t \
  300 300 986.6 48 48 0.6 30 96 1.5 0.75  \
  36 96 1.5 0.75 30 96 1.5 0.75 
5408325:  Double_t \
  300 300 811.6 48 48 0.6 96 30 0.75 1.5  \
  96 36 0.75 1.5 96 30 0.75 1.5 
5408837:  Double_t \
  300 300 861.6 48 48 0.6 30 96 1.5 0.75  \
  36 96 1.5 0.75 30 96 1.5 0.75 
5538373:  Double_t \
  400 300 711.6 48 48 0.6 96 30 0.75 1.5  \
  96 36 0.75 1.5 96 30 0.75 1.5 
5538405:  Double_t \
  400 300 936.6 48 48 0.6 96 30 0.75 1.5  \
  96 36 0.75 1.5 96 30 0.75 1.5 
5538885:  Double_t \
  400 300 761.6 48 48 0.6 30 96 1.5 0.75  \
  36 96 1.5 0.75 30 96 1.5 0.75 
5538917:  Double_t \
  400 300 986.6 48 48 0.6 30 96 1.5 0.75  \
  36 96 1.5 0.75 30 96 1.5 0.75 
5539397:  Double_t \
  400 300 811.6 48 48 0.6 96 30 0.75 1.5  \
  96 36 0.75 1.5 96 30 0.75 1.5 
5539909:  Double_t \
  400 300 861.6 48 48 0.6 30 96 1.5 0.75  \
  36 96 1.5 0.75 30 96 1.5 0.75 
5669477:  Double_t \
  500 300 936.6 48 48 0.6 96 30 0.75 1.5  \
  96 36 0.75 1.5 96 30 0.75 1.5 
5669989:  Double_t \
  500 300 986.6 48 48 0.6 30 96 1.5 0.75  \
  36 96 1.5 0.75 30 96 1.5 0.75 
5800549:  Double_t \
  -500 400 936.6 48 48 0.6 96 30 0.75 1.5  \
  96 36 0.75 1.5 96 30 0.75 1.5 
5801061:  Double_t \
  -500 400 986.6 48 48 0.6 30 96 1.5 0.75  \
  36 96 1.5 0.75 30 96 1.5 0.75 
5931621:  Double_t \
  -400 400 936.6 48 48 0.6 96 30 0.75 1.5  \
  96 36 0.75 1.5 96 30 0.75 1.5 
5932133:  Double_t \
  -400 400 986.6 48 48 0.6 30 96 1.5 0.75  \
  36 96 1.5 0.75 30 96 1.5 0.75 
6062693:  Double_t \
  -300 400 936.6 48 48 0.6 96 30 0.75 1.5  \
  96 36 0.75 1.5 96 30 0.75 1.5 
6063205:  Double_t \
  -300 400 986.6 48 48 0.6 30 96 1.5 0.75  \
  36 96 1.5 0.75 30 96 1.5 0.75 
6193765:  Double_t \
  -200 400 936.6 48 48 0.6 96 30 0.75 1.5  \
  96 36 0.75 1.5 96 30 0.75 1.5 
6194277:  Double_t \
  -200 400 986.6 48 48 0.6 30 96 1.5 0.75  \
  36 96 1.5 0.75 30 96 1.5 0.75 
6324837:  Double_t \
  -100 400 936.6 48 48 0.6 96 30 0.75 1.5  \
  96 36 0.75 1.5 96 30 0.75 1.5 
6325349:  Double_t \
  -100 400 986.6 48 48 0.6 30 96 1.5 0.75  \
  36 96 1.5 0.75 30 96 1.5 0.75 
6455909:  Double_t \
  0 400 936.6 48 48 0.6 96 30 0.75 1.5  \
  96 36 0.75 1.5 96 30 0.75 1.5 
6456421:  Double_t \
  0 400 986.6 48 48 0.6 30 96 1.5 0.75  \
  36 96 1.5 0.75 30 96 1.5 0.75 
6586981:  Double_t \
  100 400 936.6 48 48 0.6 96 30 0.75 1.5  \
  96 36 0.75 1.5 96 30 0.75 1.5 
6587493:  Double_t \
  100 400 986.6 48 48 0.6 30 96 1.5 0.75  \
  36 96 1.5 0.75 30 96 1.5 0.75 
6718053:  Double_t \
  200 400 936.6 48 48 0.6 96 30 0.75 1.5  \
  96 36 0.75 1.5 96 30 0.75 1.5 
6718565:  Double_t \
  200 400 986.6 48 48 0.6 30 96 1.5 0.75  \
  36 96 1.5 0.75 30 96 1.5 0.75 
6849125:  Double_t \
  300 400 936.6 48 48 0.6 96 30 0.75 1.5  \
  96 36 0.75 1.5 96 30 0.75 1.5 
6849637:  Double_t \
  300 400 986.6 48 48 0.6 30 96 1.5 0.75  \
  36 96 1.5 0.75 30 96 1.5 0.75 
6980197:  Double_t \
  400 400 936.6 48 48 0.6 96 30 0.75 1.5  \
  96 36 0.75 1.5 96 30 0.75 1.5 
6980709:  Double_t \
  400 400 986.6 48 48 0.6 30 96 1.5 0.75  \
  36 96 1.5 0.75 30 96 1.5 0.75 
7111269:  Double_t \
  500 400 936.6 48 48 0.6 96 30 0.75 1.5  \
  96 36 0.75 1.5 96 30 0.75 1.5 
7111781:  Double_t \
  500 400 986.6 48 48 0.6 30 96 1.5 0.75  \
  36 96 1.5 0.75 30 96 1.5 0.75 