##############################################################################
# Class:   CbmTrdDigiPar
# Context: TestDefaultContext
##############################################################################
[CbmTrdDigiPar]
//----------------------------------------------------------------------------
NrOfModules:  Int_t  552 
MaxSectors:  Int_t  3 
ModuleIdArray:  Int_t \
  135717 136229 136741 137253 139813 139845 140325 140357 140837 141349  \
  143909 143941 144421 144453 144933 145445 148005 148037 148517 148549  \
  149029 149541 152165 152677 156229 156261 156741 156773 160293 160357  \
  160805 160869 161317 161829 164389 164421 164453 164901 164933 164965  \
  165413 165925 266789 267301 267813 268325 270885 270917 271397 271429  \
  271909 272421 274981 275013 275493 275525 276005 276517 279077 279109  \
  279589 279621 280101 280613 283237 283749 287301 287333 287813 287845  \
  291365 291429 291877 291941 292389 292901 295461 295493 295525 295973  \
  296005 296037 296485 296997 397861 398373 398885 399397 401957 401989  \
  402469 402501 402981 403493 406053 406085 406565 406597 407077 407589  \
  410149 410181 410661 410693 411173 411685 414309 414821 418373 418405  \
  418885 418917 422437 422501 422949 423013 423461 423973 426533 426565  \
  426597 427045 427077 427109 427557 428069 528933 529445 529957 530469  \
  533029 533061 533541 533573 534053 534565 537125 537157 537637 537669  \
  538149 538661 541221 541253 541733 541765 542245 542757 545381 545893  \
  549445 549477 549957 549989 553509 553573 554021 554085 554533 555045  \
  557605 557637 557669 558117 558149 558181 558629 559141 660005 660517  \
  661029 661541 664133 664645 668197 668229 668709 668741 669221 669733  \
  676453 676965 680517 680549 681029 681061 684581 684645 685093 685157  \
  685605 686117 688677 688709 688741 689189 689221 689253 689701 690213  \
  791077 791589 792101 792613 795205 795717 799269 799301 799781 799813  \
  800293 800805 807525 808037 811589 811621 812101 812133 815653 815717  \
  816165 816229 816677 817189 819749 819781 819813 820261 820293 820325  \
  820773 821285 922149 922661 923173 923685 926277 926789 930341 930373  \
  930853 930885 931365 931877 938597 939109 942661 942693 943173 943205  \
  946725 946789 947237 947301 947749 948261 950821 950853 950885 951333  \
  951365 951397 951845 952357 1053221 1053733 1054245 1054757 1057349 1057861  \
  1061413 1061445 1061925 1061957 1062437 1062949 1069669 1070181 1073733 1073765  \
  1074245 1074277 1077797 1077861 1078309 1078373 1078821 1079333 1081893 1081925  \
  1081957 1082405 1082437 1082469 1082917 1083429 1192517 1193029 1204805 1204837  \
  1205317 1205349 1208869 1208933 1209381 1209445 1209893 1210405 1212965 1212997  \
  1213029 1213477 1213509 1213541 1213989 1214501 1323589 1324101 1335877 1335909  \
  1336389 1336421 1339941 1340005 1340453 1340517 1340965 1341477 1344037 1344069  \
  1344101 1344549 1344581 1344613 1345061 1345573 1454661 1455173 1466949 1466981  \
  1467461 1467493 1471013 1471077 1471525 1471589 1472037 1472549 1475109 1475141  \
  1475173 1475621 1475653 1475685 1476133 1476645 1585733 1586245 1598021 1598053  \
  1598533 1598565 1602085 1602149 1602597 1602661 1603109 1603621 1606181 1606213  \
  1606245 1606693 1606725 1606757 1607205 1607717 1733221 1733733 1737253 1737285  \
  1737317 1737765 1737797 1737829 1738277 1738789 1864293 1864805 1868325 1868357  \
  1868389 1868837 1868869 1868901 1869349 1869861 1995365 1995877 1999429 1999461  \
  1999941 1999973 2126437 2126949 2130501 2130533 2131013 2131045 2257509 2258021  \
  2261573 2261605 2262085 2262117 2388581 2389093 2392645 2392677 2393157 2393189  \
  2519653 2520165 2523717 2523749 2524229 2524261 2650725 2651237 2654789 2654821  \
  2655301 2655333 2781797 2782309 2785861 2785893 2786373 2786405 2912869 2913381  \
  2916933 2916965 2917445 2917477 3043941 3044453 3048005 3048037 3048517 3048549  \
  3175013 3175525 3179077 3179109 3179589 3179621 3310149 3310181 3310661 3310693  \
  3441221 3441253 3441733 3441765 3572293 3572325 3572805 3572837 3703365 3703397  \
  3703877 3703909 3834437 3834469 3834949 3834981 3965509 3965541 3966021 3966053  \
  4096581 4096613 4097093 4097125 4227653 4227685 4228165 4228197 4358725 4358757  \
  4359237 4359269 4489797 4489829 4490309 4490341 4620869 4620901 4621381 4621413  \
  4751941 4751973 4752453 4752485 4883013 4883045 4883525 4883557 5014085 5014117  \
  5014597 5014629 5145157 5145189 5145669 5145701 5276229 5276261 5276741 5276773  \
  5407301 5407333 5407813 5407845 5538373 5538405 5538885 5538917 5669477 5669989  \
  5800549 5801061 5931621 5932133 6062693 6063205 6193765 6194277 6324837 6325349  \
  6455909 6456421 6586981 6587493 6718053 6718565 6849125 6849637 6980197 6980709  \
  7111269 7111781 
135717:  Double_t \
  -60 -60 486.6 28.5 28.5 0.6 57 21 0.75 1.5  \
  57 15 0.75 1.5 57 21 0.75 1.5 
136229:  Double_t \
  -60 -60 536.6 28.5 28.5 0.6 21 57 1.5 0.75  \
  15 57 1.5 0.75 21 57 1.5 0.75 
136741:  Double_t \
  -60 -60 636.6 28.5 28.5 0.6 57 21 0.75 1.5  \
  57 15 0.75 1.5 57 21 0.75 1.5 
137253:  Double_t \
  -60 -60 686.6 28.5 28.5 0.6 21 57 1.5 0.75  \
  15 57 1.5 0.75 21 57 1.5 0.75 
139813:  Double_t \
  0 -120 486.6 28.5 28.5 0.6 57 21 0.75 3  \
  57 15 0.75 2.5 57 21 0.75 3 
139845:  Double_t \
  -60 -60 786.6 28.5 28.5 0.6 57 21 0.75 3  \
  57 15 0.75 2.5 57 21 0.75 3 
140325:  Double_t \
  0 -120 536.6 28.5 28.5 0.6 21 57 3 0.75  \
  15 57 2.5 0.75 21 57 3 0.75 
140357:  Double_t \
  -60 -60 836.6 28.5 28.5 0.6 21 57 3 0.75  \
  15 57 2.5 0.75 21 57 3 0.75 
140837:  Double_t \
  0 -120 636.6 28.5 28.5 0.6 57 21 0.75 3  \
  57 15 0.75 2.5 57 21 0.75 3 
141349:  Double_t \
  0 -120 686.6 28.5 28.5 0.6 21 57 3 0.75  \
  15 57 2.5 0.75 21 57 3 0.75 
143909:  Double_t \
  -60 -120 486.6 28.5 28.5 0.6 57 12 0.75 6  \
  57 33 0.75 5.5 57 12 0.75 6 
143941:  Double_t \
  -60 -120 786.6 28.5 28.5 0.6 57 12 0.75 6  \
  57 33 0.75 5.5 57 12 0.75 6 
144421:  Double_t \
  -60 -120 536.6 28.5 28.5 0.6 12 57 6 0.75  \
  33 57 5.5 0.75 12 57 6 0.75 
144453:  Double_t \
  -60 -120 836.6 28.5 28.5 0.6 12 57 6 0.75  \
  33 57 5.5 0.75 12 57 6 0.75 
144933:  Double_t \
  -60 -120 636.6 28.5 28.5 0.6 57 12 0.75 6  \
  57 33 0.75 5.5 57 12 0.75 6 
145445:  Double_t \
  -60 -120 686.6 28.5 28.5 0.6 12 57 6 0.75  \
  33 57 5.5 0.75 12 57 6 0.75 
148005:  Double_t \
  -120 -120 486.6 28.5 28.5 0.6 57 19 0.75 9.5  \
  57 19 0.75 9.5 57 19 0.75 9.5 
148037:  Double_t \
  -120 -120 786.6 28.5 28.5 0.6 57 19 0.75 9.5  \
  57 19 0.75 9.5 57 19 0.75 9.5 
148517:  Double_t \
  -120 -120 536.6 28.5 28.5 0.6 19 57 9.5 0.75  \
  19 57 9.5 0.75 19 57 9.5 0.75 
148549:  Double_t \
  -120 -120 836.6 28.5 28.5 0.6 19 57 9.5 0.75  \
  19 57 9.5 0.75 19 57 9.5 0.75 
149029:  Double_t \
  -120 -120 636.6 28.5 28.5 0.6 57 19 0.75 9.5  \
  57 19 0.75 9.5 57 19 0.75 9.5 
149541:  Double_t \
  -120 -120 686.6 28.5 28.5 0.6 19 57 9.5 0.75  \
  19 57 9.5 0.75 19 57 9.5 0.75 
152165:  Double_t \
  -100 -100 936.6 48 48 0.6 96 44 0.75 4  \
  96 8 0.75 4 96 44 0.75 4 
152677:  Double_t \
  -100 -100 986.6 48 48 0.6 44 96 4 0.75  \
  8 96 4 0.75 44 96 4 0.75 
156229:  Double_t \
  -100 -200 786.6 48 48 0.6 96 40 0.75 8  \
  96 16 0.75 8 96 40 0.75 8 
156261:  Double_t \
  -100 -200 936.6 48 48 0.6 96 40 0.75 8  \
  96 16 0.75 8 96 40 0.75 8 
156741:  Double_t \
  -100 -200 836.6 48 48 0.6 40 96 8 0.75  \
  16 96 8 0.75 40 96 8 0.75 
156773:  Double_t \
  -100 -200 986.6 48 48 0.6 40 96 8 0.75  \
  16 96 8 0.75 40 96 8 0.75 
160293:  Double_t \
  -100 -200 486.6 48 48 0.6 96 36 0.75 12  \
  96 24 0.75 12 96 36 0.75 12 
160357:  Double_t \
  -200 -300 936.6 48 48 0.6 96 36 0.75 12  \
  96 24 0.75 12 96 36 0.75 12 
160805:  Double_t \
  -100 -200 536.6 48 48 0.6 36 96 12 0.75  \
  24 96 12 0.75 36 96 12 0.75 
160869:  Double_t \
  -200 -300 986.6 48 48 0.6 36 96 12 0.75  \
  24 96 12 0.75 36 96 12 0.75 
161317:  Double_t \
  -100 -200 636.6 48 48 0.6 96 36 0.75 12  \
  96 24 0.75 12 96 36 0.75 12 
161829:  Double_t \
  -100 -200 686.6 48 48 0.6 36 96 12 0.75  \
  24 96 12 0.75 36 96 12 0.75 
164389:  Double_t \
  -300 -200 486.6 48 48 0.6 96 32 0.75 16  \
  96 32 0.75 16 96 32 0.75 16 
164421:  Double_t \
  -400 -300 786.6 48 48 0.6 96 32 0.75 16  \
  96 32 0.75 16 96 32 0.75 16 
164453:  Double_t \
  -500 -400 936.6 48 48 0.6 96 32 0.75 16  \
  96 32 0.75 16 96 32 0.75 16 
164901:  Double_t \
  -300 -200 536.6 48 48 0.6 32 96 16 0.75  \
  32 96 16 0.75 32 96 16 0.75 
164933:  Double_t \
  -400 -300 836.6 48 48 0.6 32 96 16 0.75  \
  32 96 16 0.75 32 96 16 0.75 
164965:  Double_t \
  -500 -400 986.6 48 48 0.6 32 96 16 0.75  \
  32 96 16 0.75 32 96 16 0.75 
165413:  Double_t \
  -300 -200 636.6 48 48 0.6 96 32 0.75 16  \
  96 32 0.75 16 96 32 0.75 16 
165925:  Double_t \
  -300 -200 686.6 48 48 0.6 32 96 16 0.75  \
  32 96 16 0.75 32 96 16 0.75 
266789:  Double_t \
  0 -60 486.6 28.5 28.5 0.6 57 21 0.75 1.5  \
  57 15 0.75 1.5 57 21 0.75 1.5 
267301:  Double_t \
  0 -60 536.6 28.5 28.5 0.6 21 57 1.5 0.75  \
  15 57 1.5 0.75 21 57 1.5 0.75 
267813:  Double_t \
  0 -60 636.6 28.5 28.5 0.6 57 21 0.75 1.5  \
  57 15 0.75 1.5 57 21 0.75 1.5 
268325:  Double_t \
  0 -60 686.6 28.5 28.5 0.6 21 57 1.5 0.75  \
  15 57 1.5 0.75 21 57 1.5 0.75 
270885:  Double_t \
  -120 0 486.6 28.5 28.5 0.6 57 21 0.75 3  \
  57 15 0.75 2.5 57 21 0.75 3 
270917:  Double_t \
  0 -60 786.6 28.5 28.5 0.6 57 21 0.75 3  \
  57 15 0.75 2.5 57 21 0.75 3 
271397:  Double_t \
  -120 0 536.6 28.5 28.5 0.6 21 57 3 0.75  \
  15 57 2.5 0.75 21 57 3 0.75 
271429:  Double_t \
  0 -60 836.6 28.5 28.5 0.6 21 57 3 0.75  \
  15 57 2.5 0.75 21 57 3 0.75 
271909:  Double_t \
  -120 0 636.6 28.5 28.5 0.6 57 21 0.75 3  \
  57 15 0.75 2.5 57 21 0.75 3 
272421:  Double_t \
  -120 0 686.6 28.5 28.5 0.6 21 57 3 0.75  \
  15 57 2.5 0.75 21 57 3 0.75 
274981:  Double_t \
  60 -120 486.6 28.5 28.5 0.6 57 12 0.75 6  \
  57 33 0.75 5.5 57 12 0.75 6 
275013:  Double_t \
  0 -120 786.6 28.5 28.5 0.6 57 12 0.75 6  \
  57 33 0.75 5.5 57 12 0.75 6 
275493:  Double_t \
  60 -120 536.6 28.5 28.5 0.6 12 57 6 0.75  \
  33 57 5.5 0.75 12 57 6 0.75 
275525:  Double_t \
  0 -120 836.6 28.5 28.5 0.6 12 57 6 0.75  \
  33 57 5.5 0.75 12 57 6 0.75 
276005:  Double_t \
  60 -120 636.6 28.5 28.5 0.6 57 12 0.75 6  \
  57 33 0.75 5.5 57 12 0.75 6 
276517:  Double_t \
  60 -120 686.6 28.5 28.5 0.6 12 57 6 0.75  \
  33 57 5.5 0.75 12 57 6 0.75 
279077:  Double_t \
  120 -120 486.6 28.5 28.5 0.6 57 19 0.75 9.5  \
  57 19 0.75 9.5 57 19 0.75 9.5 
279109:  Double_t \
  120 -120 786.6 28.5 28.5 0.6 57 19 0.75 9.5  \
  57 19 0.75 9.5 57 19 0.75 9.5 
279589:  Double_t \
  120 -120 536.6 28.5 28.5 0.6 19 57 9.5 0.75  \
  19 57 9.5 0.75 19 57 9.5 0.75 
279621:  Double_t \
  120 -120 836.6 28.5 28.5 0.6 19 57 9.5 0.75  \
  19 57 9.5 0.75 19 57 9.5 0.75 
280101:  Double_t \
  120 -120 636.6 28.5 28.5 0.6 57 19 0.75 9.5  \
  57 19 0.75 9.5 57 19 0.75 9.5 
280613:  Double_t \
  120 -120 686.6 28.5 28.5 0.6 19 57 9.5 0.75  \
  19 57 9.5 0.75 19 57 9.5 0.75 
283237:  Double_t \
  0 -100 936.6 48 48 0.6 96 44 0.75 4  \
  96 8 0.75 4 96 44 0.75 4 
283749:  Double_t \
  0 -100 986.6 48 48 0.6 44 96 4 0.75  \
  8 96 4 0.75 44 96 4 0.75 
287301:  Double_t \
  0 -200 786.6 48 48 0.6 96 40 0.75 8  \
  96 16 0.75 8 96 40 0.75 8 
287333:  Double_t \
  0 -200 936.6 48 48 0.6 96 40 0.75 8  \
  96 16 0.75 8 96 40 0.75 8 
287813:  Double_t \
  0 -200 836.6 48 48 0.6 40 96 8 0.75  \
  16 96 8 0.75 40 96 8 0.75 
287845:  Double_t \
  0 -200 986.6 48 48 0.6 40 96 8 0.75  \
  16 96 8 0.75 40 96 8 0.75 
291365:  Double_t \
  0 -200 486.6 48 48 0.6 96 36 0.75 12  \
  96 24 0.75 12 96 36 0.75 12 
291429:  Double_t \
  -100 -300 936.6 48 48 0.6 96 36 0.75 12  \
  96 24 0.75 12 96 36 0.75 12 
291877:  Double_t \
  0 -200 536.6 48 48 0.6 36 96 12 0.75  \
  24 96 12 0.75 36 96 12 0.75 
291941:  Double_t \
  -100 -300 986.6 48 48 0.6 36 96 12 0.75  \
  24 96 12 0.75 36 96 12 0.75 
292389:  Double_t \
  0 -200 636.6 48 48 0.6 96 36 0.75 12  \
  96 24 0.75 12 96 36 0.75 12 
292901:  Double_t \
  0 -200 686.6 48 48 0.6 36 96 12 0.75  \
  24 96 12 0.75 36 96 12 0.75 
295461:  Double_t \
  -200 -200 486.6 48 48 0.6 96 32 0.75 16  \
  96 32 0.75 16 96 32 0.75 16 
295493:  Double_t \
  -300 -300 786.6 48 48 0.6 96 32 0.75 16  \
  96 32 0.75 16 96 32 0.75 16 
295525:  Double_t \
  -400 -400 936.6 48 48 0.6 96 32 0.75 16  \
  96 32 0.75 16 96 32 0.75 16 
295973:  Double_t \
  -200 -200 536.6 48 48 0.6 32 96 16 0.75  \
  32 96 16 0.75 32 96 16 0.75 
296005:  Double_t \
  -300 -300 836.6 48 48 0.6 32 96 16 0.75  \
  32 96 16 0.75 32 96 16 0.75 
296037:  Double_t \
  -400 -400 986.6 48 48 0.6 32 96 16 0.75  \
  32 96 16 0.75 32 96 16 0.75 
296485:  Double_t \
  -200 -200 636.6 48 48 0.6 96 32 0.75 16  \
  96 32 0.75 16 96 32 0.75 16 
296997:  Double_t \
  -200 -200 686.6 48 48 0.6 32 96 16 0.75  \
  32 96 16 0.75 32 96 16 0.75 
397861:  Double_t \
  60 -60 486.6 28.5 28.5 0.6 57 21 0.75 1.5  \
  57 15 0.75 1.5 57 21 0.75 1.5 
398373:  Double_t \
  60 -60 536.6 28.5 28.5 0.6 21 57 1.5 0.75  \
  15 57 1.5 0.75 21 57 1.5 0.75 
398885:  Double_t \
  60 -60 636.6 28.5 28.5 0.6 57 21 0.75 1.5  \
  57 15 0.75 1.5 57 21 0.75 1.5 
399397:  Double_t \
  60 -60 686.6 28.5 28.5 0.6 21 57 1.5 0.75  \
  15 57 1.5 0.75 21 57 1.5 0.75 
401957:  Double_t \
  120 0 486.6 28.5 28.5 0.6 57 21 0.75 3  \
  57 15 0.75 2.5 57 21 0.75 3 
401989:  Double_t \
  60 -60 786.6 28.5 28.5 0.6 57 21 0.75 3  \
  57 15 0.75 2.5 57 21 0.75 3 
402469:  Double_t \
  120 0 536.6 28.5 28.5 0.6 21 57 3 0.75  \
  15 57 2.5 0.75 21 57 3 0.75 
402501:  Double_t \
  60 -60 836.6 28.5 28.5 0.6 21 57 3 0.75  \
  15 57 2.5 0.75 21 57 3 0.75 
402981:  Double_t \
  120 0 636.6 28.5 28.5 0.6 57 21 0.75 3  \
  57 15 0.75 2.5 57 21 0.75 3 
403493:  Double_t \
  120 0 686.6 28.5 28.5 0.6 21 57 3 0.75  \
  15 57 2.5 0.75 21 57 3 0.75 
406053:  Double_t \
  -120 -60 486.6 28.5 28.5 0.6 57 12 0.75 6  \
  57 33 0.75 5.5 57 12 0.75 6 
406085:  Double_t \
  60 -120 786.6 28.5 28.5 0.6 57 12 0.75 6  \
  57 33 0.75 5.5 57 12 0.75 6 
406565:  Double_t \
  -120 -60 536.6 28.5 28.5 0.6 12 57 6 0.75  \
  33 57 5.5 0.75 12 57 6 0.75 
406597:  Double_t \
  60 -120 836.6 28.5 28.5 0.6 12 57 6 0.75  \
  33 57 5.5 0.75 12 57 6 0.75 
407077:  Double_t \
  -120 -60 636.6 28.5 28.5 0.6 57 12 0.75 6  \
  57 33 0.75 5.5 57 12 0.75 6 
407589:  Double_t \
  -120 -60 686.6 28.5 28.5 0.6 12 57 6 0.75  \
  33 57 5.5 0.75 12 57 6 0.75 
410149:  Double_t \
  -120 120 486.6 28.5 28.5 0.6 57 19 0.75 9.5  \
  57 19 0.75 9.5 57 19 0.75 9.5 
410181:  Double_t \
  -120 120 786.6 28.5 28.5 0.6 57 19 0.75 9.5  \
  57 19 0.75 9.5 57 19 0.75 9.5 
410661:  Double_t \
  -120 120 536.6 28.5 28.5 0.6 19 57 9.5 0.75  \
  19 57 9.5 0.75 19 57 9.5 0.75 
410693:  Double_t \
  -120 120 836.6 28.5 28.5 0.6 19 57 9.5 0.75  \
  19 57 9.5 0.75 19 57 9.5 0.75 
411173:  Double_t \
  -120 120 636.6 28.5 28.5 0.6 57 19 0.75 9.5  \
  57 19 0.75 9.5 57 19 0.75 9.5 
411685:  Double_t \
  -120 120 686.6 28.5 28.5 0.6 19 57 9.5 0.75  \
  19 57 9.5 0.75 19 57 9.5 0.75 
414309:  Double_t \
  100 -100 936.6 48 48 0.6 96 44 0.75 4  \
  96 8 0.75 4 96 44 0.75 4 
414821:  Double_t \
  100 -100 986.6 48 48 0.6 44 96 4 0.75  \
  8 96 4 0.75 44 96 4 0.75 
418373:  Double_t \
  100 -200 786.6 48 48 0.6 96 40 0.75 8  \
  96 16 0.75 8 96 40 0.75 8 
418405:  Double_t \
  100 -200 936.6 48 48 0.6 96 40 0.75 8  \
  96 16 0.75 8 96 40 0.75 8 
418885:  Double_t \
  100 -200 836.6 48 48 0.6 40 96 8 0.75  \
  16 96 8 0.75 40 96 8 0.75 
418917:  Double_t \
  100 -200 986.6 48 48 0.6 40 96 8 0.75  \
  16 96 8 0.75 40 96 8 0.75 
422437:  Double_t \
  100 -200 486.6 48 48 0.6 96 36 0.75 12  \
  96 24 0.75 12 96 36 0.75 12 
422501:  Double_t \
  0 -300 936.6 48 48 0.6 96 36 0.75 12  \
  96 24 0.75 12 96 36 0.75 12 
422949:  Double_t \
  100 -200 536.6 48 48 0.6 36 96 12 0.75  \
  24 96 12 0.75 36 96 12 0.75 
423013:  Double_t \
  0 -300 986.6 48 48 0.6 36 96 12 0.75  \
  24 96 12 0.75 36 96 12 0.75 
423461:  Double_t \
  100 -200 636.6 48 48 0.6 96 36 0.75 12  \
  96 24 0.75 12 96 36 0.75 12 
423973:  Double_t \
  100 -200 686.6 48 48 0.6 36 96 12 0.75  \
  24 96 12 0.75 36 96 12 0.75 
426533:  Double_t \
  200 -200 486.6 48 48 0.6 96 32 0.75 16  \
  96 32 0.75 16 96 32 0.75 16 
426565:  Double_t \
  -200 -300 786.6 48 48 0.6 96 32 0.75 16  \
  96 32 0.75 16 96 32 0.75 16 
426597:  Double_t \
  -300 -400 936.6 48 48 0.6 96 32 0.75 16  \
  96 32 0.75 16 96 32 0.75 16 
427045:  Double_t \
  200 -200 536.6 48 48 0.6 32 96 16 0.75  \
  32 96 16 0.75 32 96 16 0.75 
427077:  Double_t \
  -200 -300 836.6 48 48 0.6 32 96 16 0.75  \
  32 96 16 0.75 32 96 16 0.75 
427109:  Double_t \
  -300 -400 986.6 48 48 0.6 32 96 16 0.75  \
  32 96 16 0.75 32 96 16 0.75 
427557:  Double_t \
  200 -200 636.6 48 48 0.6 96 32 0.75 16  \
  96 32 0.75 16 96 32 0.75 16 
428069:  Double_t \
  200 -200 686.6 48 48 0.6 32 96 16 0.75  \
  32 96 16 0.75 32 96 16 0.75 
528933:  Double_t \
  -60 0 486.6 28.5 28.5 0.6 57 21 0.75 1.5  \
  57 15 0.75 1.5 57 21 0.75 1.5 
529445:  Double_t \
  -60 0 536.6 28.5 28.5 0.6 21 57 1.5 0.75  \
  15 57 1.5 0.75 21 57 1.5 0.75 
529957:  Double_t \
  -60 0 636.6 28.5 28.5 0.6 57 21 0.75 1.5  \
  57 15 0.75 1.5 57 21 0.75 1.5 
530469:  Double_t \
  -60 0 686.6 28.5 28.5 0.6 21 57 1.5 0.75  \
  15 57 1.5 0.75 21 57 1.5 0.75 
533029:  Double_t \
  0 120 486.6 28.5 28.5 0.6 57 21 0.75 3  \
  57 15 0.75 2.5 57 21 0.75 3 
533061:  Double_t \
  -60 0 786.6 28.5 28.5 0.6 57 21 0.75 3  \
  57 15 0.75 2.5 57 21 0.75 3 
533541:  Double_t \
  0 120 536.6 28.5 28.5 0.6 21 57 3 0.75  \
  15 57 2.5 0.75 21 57 3 0.75 
533573:  Double_t \
  -60 0 836.6 28.5 28.5 0.6 21 57 3 0.75  \
  15 57 2.5 0.75 21 57 3 0.75 
534053:  Double_t \
  0 120 636.6 28.5 28.5 0.6 57 21 0.75 3  \
  57 15 0.75 2.5 57 21 0.75 3 
534565:  Double_t \
  0 120 686.6 28.5 28.5 0.6 21 57 3 0.75  \
  15 57 2.5 0.75 21 57 3 0.75 
537125:  Double_t \
  120 -60 486.6 28.5 28.5 0.6 57 12 0.75 6  \
  57 33 0.75 5.5 57 12 0.75 6 
537157:  Double_t \
  -120 -60 786.6 28.5 28.5 0.6 57 12 0.75 6  \
  57 33 0.75 5.5 57 12 0.75 6 
537637:  Double_t \
  120 -60 536.6 28.5 28.5 0.6 12 57 6 0.75  \
  33 57 5.5 0.75 12 57 6 0.75 
537669:  Double_t \
  -120 -60 836.6 28.5 28.5 0.6 12 57 6 0.75  \
  33 57 5.5 0.75 12 57 6 0.75 
538149:  Double_t \
  120 -60 636.6 28.5 28.5 0.6 57 12 0.75 6  \
  57 33 0.75 5.5 57 12 0.75 6 
538661:  Double_t \
  120 -60 686.6 28.5 28.5 0.6 12 57 6 0.75  \
  33 57 5.5 0.75 12 57 6 0.75 
541221:  Double_t \
  120 120 486.6 28.5 28.5 0.6 57 19 0.75 9.5  \
  57 19 0.75 9.5 57 19 0.75 9.5 
541253:  Double_t \
  120 120 786.6 28.5 28.5 0.6 57 19 0.75 9.5  \
  57 19 0.75 9.5 57 19 0.75 9.5 
541733:  Double_t \
  120 120 536.6 28.5 28.5 0.6 19 57 9.5 0.75  \
  19 57 9.5 0.75 19 57 9.5 0.75 
541765:  Double_t \
  120 120 836.6 28.5 28.5 0.6 19 57 9.5 0.75  \
  19 57 9.5 0.75 19 57 9.5 0.75 
542245:  Double_t \
  120 120 636.6 28.5 28.5 0.6 57 19 0.75 9.5  \
  57 19 0.75 9.5 57 19 0.75 9.5 
542757:  Double_t \
  120 120 686.6 28.5 28.5 0.6 19 57 9.5 0.75  \
  19 57 9.5 0.75 19 57 9.5 0.75 
545381:  Double_t \
  -100 0 936.6 48 48 0.6 96 44 0.75 4  \
  96 8 0.75 4 96 44 0.75 4 
545893:  Double_t \
  -100 0 986.6 48 48 0.6 44 96 4 0.75  \
  8 96 4 0.75 44 96 4 0.75 
549445:  Double_t \
  -200 -100 786.6 48 48 0.6 96 40 0.75 8  \
  96 16 0.75 8 96 40 0.75 8 
549477:  Double_t \
  -200 -100 936.6 48 48 0.6 96 40 0.75 8  \
  96 16 0.75 8 96 40 0.75 8 
549957:  Double_t \
  -200 -100 836.6 48 48 0.6 40 96 8 0.75  \
  16 96 8 0.75 40 96 8 0.75 
549989:  Double_t \
  -200 -100 986.6 48 48 0.6 40 96 8 0.75  \
  16 96 8 0.75 40 96 8 0.75 
553509:  Double_t \
  -200 -100 486.6 48 48 0.6 96 36 0.75 12  \
  96 24 0.75 12 96 36 0.75 12 
553573:  Double_t \
  100 -300 936.6 48 48 0.6 96 36 0.75 12  \
  96 24 0.75 12 96 36 0.75 12 
554021:  Double_t \
  -200 -100 536.6 48 48 0.6 36 96 12 0.75  \
  24 96 12 0.75 36 96 12 0.75 
554085:  Double_t \
  100 -300 986.6 48 48 0.6 36 96 12 0.75  \
  24 96 12 0.75 36 96 12 0.75 
554533:  Double_t \
  -200 -100 636.6 48 48 0.6 96 36 0.75 12  \
  96 24 0.75 12 96 36 0.75 12 
555045:  Double_t \
  -200 -100 686.6 48 48 0.6 36 96 12 0.75  \
  24 96 12 0.75 36 96 12 0.75 
557605:  Double_t \
  300 -200 486.6 48 48 0.6 96 32 0.75 16  \
  96 32 0.75 16 96 32 0.75 16 
557637:  Double_t \
  -100 -300 786.6 48 48 0.6 96 32 0.75 16  \
  96 32 0.75 16 96 32 0.75 16 
557669:  Double_t \
  -200 -400 936.6 48 48 0.6 96 32 0.75 16  \
  96 32 0.75 16 96 32 0.75 16 
558117:  Double_t \
  300 -200 536.6 48 48 0.6 32 96 16 0.75  \
  32 96 16 0.75 32 96 16 0.75 
558149:  Double_t \
  -100 -300 836.6 48 48 0.6 32 96 16 0.75  \
  32 96 16 0.75 32 96 16 0.75 
558181:  Double_t \
  -200 -400 986.6 48 48 0.6 32 96 16 0.75  \
  32 96 16 0.75 32 96 16 0.75 
558629:  Double_t \
  300 -200 636.6 48 48 0.6 96 32 0.75 16  \
  96 32 0.75 16 96 32 0.75 16 
559141:  Double_t \
  300 -200 686.6 48 48 0.6 32 96 16 0.75  \
  32 96 16 0.75 32 96 16 0.75 
660005:  Double_t \
  60 0 486.6 28.5 28.5 0.6 57 21 0.75 1.5  \
  57 15 0.75 1.5 57 21 0.75 1.5 
660517:  Double_t \
  60 0 536.6 28.5 28.5 0.6 21 57 1.5 0.75  \
  15 57 1.5 0.75 21 57 1.5 0.75 
661029:  Double_t \
  60 0 636.6 28.5 28.5 0.6 57 21 0.75 1.5  \
  57 15 0.75 1.5 57 21 0.75 1.5 
661541:  Double_t \
  60 0 686.6 28.5 28.5 0.6 21 57 1.5 0.75  \
  15 57 1.5 0.75 21 57 1.5 0.75 
664133:  Double_t \
  60 0 786.6 28.5 28.5 0.6 57 21 0.75 3  \
  57 15 0.75 2.5 57 21 0.75 3 
664645:  Double_t \
  60 0 836.6 28.5 28.5 0.6 21 57 3 0.75  \
  15 57 2.5 0.75 21 57 3 0.75 
668197:  Double_t \
  -120 60 486.6 28.5 28.5 0.6 57 12 0.75 6  \
  57 33 0.75 5.5 57 12 0.75 6 
668229:  Double_t \
  120 -60 786.6 28.5 28.5 0.6 57 12 0.75 6  \
  57 33 0.75 5.5 57 12 0.75 6 
668709:  Double_t \
  -120 60 536.6 28.5 28.5 0.6 12 57 6 0.75  \
  33 57 5.5 0.75 12 57 6 0.75 
668741:  Double_t \
  120 -60 836.6 28.5 28.5 0.6 12 57 6 0.75  \
  33 57 5.5 0.75 12 57 6 0.75 
669221:  Double_t \
  -120 60 636.6 28.5 28.5 0.6 57 12 0.75 6  \
  57 33 0.75 5.5 57 12 0.75 6 
669733:  Double_t \
  -120 60 686.6 28.5 28.5 0.6 12 57 6 0.75  \
  33 57 5.5 0.75 12 57 6 0.75 
676453:  Double_t \
  100 0 936.6 48 48 0.6 96 44 0.75 4  \
  96 8 0.75 4 96 44 0.75 4 
676965:  Double_t \
  100 0 986.6 48 48 0.6 44 96 4 0.75  \
  8 96 4 0.75 44 96 4 0.75 
680517:  Double_t \
  200 -100 786.6 48 48 0.6 96 40 0.75 8  \
  96 16 0.75 8 96 40 0.75 8 
680549:  Double_t \
  200 -100 936.6 48 48 0.6 96 40 0.75 8  \
  96 16 0.75 8 96 40 0.75 8 
681029:  Double_t \
  200 -100 836.6 48 48 0.6 40 96 8 0.75  \
  16 96 8 0.75 40 96 8 0.75 
681061:  Double_t \
  200 -100 986.6 48 48 0.6 40 96 8 0.75  \
  16 96 8 0.75 40 96 8 0.75 
684581:  Double_t \
  200 -100 486.6 48 48 0.6 96 36 0.75 12  \
  96 24 0.75 12 96 36 0.75 12 
684645:  Double_t \
  200 -300 936.6 48 48 0.6 96 36 0.75 12  \
  96 24 0.75 12 96 36 0.75 12 
685093:  Double_t \
  200 -100 536.6 48 48 0.6 36 96 12 0.75  \
  24 96 12 0.75 36 96 12 0.75 
685157:  Double_t \
  200 -300 986.6 48 48 0.6 36 96 12 0.75  \
  24 96 12 0.75 36 96 12 0.75 
685605:  Double_t \
  200 -100 636.6 48 48 0.6 96 36 0.75 12  \
  96 24 0.75 12 96 36 0.75 12 
686117:  Double_t \
  200 -100 686.6 48 48 0.6 36 96 12 0.75  \
  24 96 12 0.75 36 96 12 0.75 
688677:  Double_t \
  -300 -100 486.6 48 48 0.6 96 32 0.75 16  \
  96 32 0.75 16 96 32 0.75 16 
688709:  Double_t \
  0 -300 786.6 48 48 0.6 96 32 0.75 16  \
  96 32 0.75 16 96 32 0.75 16 
688741:  Double_t \
  -100 -400 936.6 48 48 0.6 96 32 0.75 16  \
  96 32 0.75 16 96 32 0.75 16 
689189:  Double_t \
  -300 -100 536.6 48 48 0.6 32 96 16 0.75  \
  32 96 16 0.75 32 96 16 0.75 
689221:  Double_t \
  0 -300 836.6 48 48 0.6 32 96 16 0.75  \
  32 96 16 0.75 32 96 16 0.75 
689253:  Double_t \
  -100 -400 986.6 48 48 0.6 32 96 16 0.75  \
  32 96 16 0.75 32 96 16 0.75 
689701:  Double_t \
  -300 -100 636.6 48 48 0.6 96 32 0.75 16  \
  96 32 0.75 16 96 32 0.75 16 
690213:  Double_t \
  -300 -100 686.6 48 48 0.6 32 96 16 0.75  \
  32 96 16 0.75 32 96 16 0.75 
791077:  Double_t \
  -60 60 486.6 28.5 28.5 0.6 57 21 0.75 1.5  \
  57 15 0.75 1.5 57 21 0.75 1.5 
791589:  Double_t \
  -60 60 536.6 28.5 28.5 0.6 21 57 1.5 0.75  \
  15 57 1.5 0.75 21 57 1.5 0.75 
792101:  Double_t \
  -60 60 636.6 28.5 28.5 0.6 57 21 0.75 1.5  \
  57 15 0.75 1.5 57 21 0.75 1.5 
792613:  Double_t \
  -60 60 686.6 28.5 28.5 0.6 21 57 1.5 0.75  \
  15 57 1.5 0.75 21 57 1.5 0.75 
795205:  Double_t \
  -60 60 786.6 28.5 28.5 0.6 57 21 0.75 3  \
  57 15 0.75 2.5 57 21 0.75 3 
795717:  Double_t \
  -60 60 836.6 28.5 28.5 0.6 21 57 3 0.75  \
  15 57 2.5 0.75 21 57 3 0.75 
799269:  Double_t \
  120 60 486.6 28.5 28.5 0.6 57 12 0.75 6  \
  57 33 0.75 5.5 57 12 0.75 6 
799301:  Double_t \
  -120 0 786.6 28.5 28.5 0.6 57 12 0.75 6  \
  57 33 0.75 5.5 57 12 0.75 6 
799781:  Double_t \
  120 60 536.6 28.5 28.5 0.6 12 57 6 0.75  \
  33 57 5.5 0.75 12 57 6 0.75 
799813:  Double_t \
  -120 0 836.6 28.5 28.5 0.6 12 57 6 0.75  \
  33 57 5.5 0.75 12 57 6 0.75 
800293:  Double_t \
  120 60 636.6 28.5 28.5 0.6 57 12 0.75 6  \
  57 33 0.75 5.5 57 12 0.75 6 
800805:  Double_t \
  120 60 686.6 28.5 28.5 0.6 12 57 6 0.75  \
  33 57 5.5 0.75 12 57 6 0.75 
807525:  Double_t \
  -100 100 936.6 48 48 0.6 96 44 0.75 4  \
  96 8 0.75 4 96 44 0.75 4 
808037:  Double_t \
  -100 100 986.6 48 48 0.6 44 96 4 0.75  \
  8 96 4 0.75 44 96 4 0.75 
811589:  Double_t \
  -200 0 786.6 48 48 0.6 96 40 0.75 8  \
  96 16 0.75 8 96 40 0.75 8 
811621:  Double_t \
  -200 0 936.6 48 48 0.6 96 40 0.75 8  \
  96 16 0.75 8 96 40 0.75 8 
812101:  Double_t \
  -200 0 836.6 48 48 0.6 40 96 8 0.75  \
  16 96 8 0.75 40 96 8 0.75 
812133:  Double_t \
  -200 0 986.6 48 48 0.6 40 96 8 0.75  \
  16 96 8 0.75 40 96 8 0.75 
815653:  Double_t \
  -200 0 486.6 48 48 0.6 96 36 0.75 12  \
  96 24 0.75 12 96 36 0.75 12 
815717:  Double_t \
  -300 -200 936.6 48 48 0.6 96 36 0.75 12  \
  96 24 0.75 12 96 36 0.75 12 
816165:  Double_t \
  -200 0 536.6 48 48 0.6 36 96 12 0.75  \
  24 96 12 0.75 36 96 12 0.75 
816229:  Double_t \
  -300 -200 986.6 48 48 0.6 36 96 12 0.75  \
  24 96 12 0.75 36 96 12 0.75 
816677:  Double_t \
  -200 0 636.6 48 48 0.6 96 36 0.75 12  \
  96 24 0.75 12 96 36 0.75 12 
817189:  Double_t \
  -200 0 686.6 48 48 0.6 36 96 12 0.75  \
  24 96 12 0.75 36 96 12 0.75 
819749:  Double_t \
  300 -100 486.6 48 48 0.6 96 32 0.75 16  \
  96 32 0.75 16 96 32 0.75 16 
819781:  Double_t \
  100 -300 786.6 48 48 0.6 96 32 0.75 16  \
  96 32 0.75 16 96 32 0.75 16 
819813:  Double_t \
  0 -400 936.6 48 48 0.6 96 32 0.75 16  \
  96 32 0.75 16 96 32 0.75 16 
820261:  Double_t \
  300 -100 536.6 48 48 0.6 32 96 16 0.75  \
  32 96 16 0.75 32 96 16 0.75 
820293:  Double_t \
  100 -300 836.6 48 48 0.6 32 96 16 0.75  \
  32 96 16 0.75 32 96 16 0.75 
820325:  Double_t \
  0 -400 986.6 48 48 0.6 32 96 16 0.75  \
  32 96 16 0.75 32 96 16 0.75 
820773:  Double_t \
  300 -100 636.6 48 48 0.6 96 32 0.75 16  \
  96 32 0.75 16 96 32 0.75 16 
821285:  Double_t \
  300 -100 686.6 48 48 0.6 32 96 16 0.75  \
  32 96 16 0.75 32 96 16 0.75 
922149:  Double_t \
  0 60 486.6 28.5 28.5 0.6 57 21 0.75 1.5  \
  57 15 0.75 1.5 57 21 0.75 1.5 
922661:  Double_t \
  0 60 536.6 28.5 28.5 0.6 21 57 1.5 0.75  \
  15 57 1.5 0.75 21 57 1.5 0.75 
923173:  Double_t \
  0 60 636.6 28.5 28.5 0.6 57 21 0.75 1.5  \
  57 15 0.75 1.5 57 21 0.75 1.5 
923685:  Double_t \
  0 60 686.6 28.5 28.5 0.6 21 57 1.5 0.75  \
  15 57 1.5 0.75 21 57 1.5 0.75 
926277:  Double_t \
  0 60 786.6 28.5 28.5 0.6 57 21 0.75 3  \
  57 15 0.75 2.5 57 21 0.75 3 
926789:  Double_t \
  0 60 836.6 28.5 28.5 0.6 21 57 3 0.75  \
  15 57 2.5 0.75 21 57 3 0.75 
930341:  Double_t \
  -60 120 486.6 28.5 28.5 0.6 57 12 0.75 6  \
  57 33 0.75 5.5 57 12 0.75 6 
930373:  Double_t \
  120 0 786.6 28.5 28.5 0.6 57 12 0.75 6  \
  57 33 0.75 5.5 57 12 0.75 6 
930853:  Double_t \
  -60 120 536.6 28.5 28.5 0.6 12 57 6 0.75  \
  33 57 5.5 0.75 12 57 6 0.75 
930885:  Double_t \
  120 0 836.6 28.5 28.5 0.6 12 57 6 0.75  \
  33 57 5.5 0.75 12 57 6 0.75 
931365:  Double_t \
  -60 120 636.6 28.5 28.5 0.6 57 12 0.75 6  \
  57 33 0.75 5.5 57 12 0.75 6 
931877:  Double_t \
  -60 120 686.6 28.5 28.5 0.6 12 57 6 0.75  \
  33 57 5.5 0.75 12 57 6 0.75 
938597:  Double_t \
  0 100 936.6 48 48 0.6 96 44 0.75 4  \
  96 8 0.75 4 96 44 0.75 4 
939109:  Double_t \
  0 100 986.6 48 48 0.6 44 96 4 0.75  \
  8 96 4 0.75 44 96 4 0.75 
942661:  Double_t \
  200 0 786.6 48 48 0.6 96 40 0.75 8  \
  96 16 0.75 8 96 40 0.75 8 
942693:  Double_t \
  200 0 936.6 48 48 0.6 96 40 0.75 8  \
  96 16 0.75 8 96 40 0.75 8 
943173:  Double_t \
  200 0 836.6 48 48 0.6 40 96 8 0.75  \
  16 96 8 0.75 40 96 8 0.75 
943205:  Double_t \
  200 0 986.6 48 48 0.6 40 96 8 0.75  \
  16 96 8 0.75 40 96 8 0.75 
946725:  Double_t \
  200 0 486.6 48 48 0.6 96 36 0.75 12  \
  96 24 0.75 12 96 36 0.75 12 
946789:  Double_t \
  -200 -200 936.6 48 48 0.6 96 36 0.75 12  \
  96 24 0.75 12 96 36 0.75 12 
947237:  Double_t \
  200 0 536.6 48 48 0.6 36 96 12 0.75  \
  24 96 12 0.75 36 96 12 0.75 
947301:  Double_t \
  -200 -200 986.6 48 48 0.6 36 96 12 0.75  \
  24 96 12 0.75 36 96 12 0.75 
947749:  Double_t \
  200 0 636.6 48 48 0.6 96 36 0.75 12  \
  96 24 0.75 12 96 36 0.75 12 
948261:  Double_t \
  200 0 686.6 48 48 0.6 36 96 12 0.75  \
  24 96 12 0.75 36 96 12 0.75 
950821:  Double_t \
  -300 0 486.6 48 48 0.6 96 32 0.75 16  \
  96 32 0.75 16 96 32 0.75 16 
950853:  Double_t \
  200 -300 786.6 48 48 0.6 96 32 0.75 16  \
  96 32 0.75 16 96 32 0.75 16 
950885:  Double_t \
  100 -400 936.6 48 48 0.6 96 32 0.75 16  \
  96 32 0.75 16 96 32 0.75 16 
951333:  Double_t \
  -300 0 536.6 48 48 0.6 32 96 16 0.75  \
  32 96 16 0.75 32 96 16 0.75 
951365:  Double_t \
  200 -300 836.6 48 48 0.6 32 96 16 0.75  \
  32 96 16 0.75 32 96 16 0.75 
951397:  Double_t \
  100 -400 986.6 48 48 0.6 32 96 16 0.75  \
  32 96 16 0.75 32 96 16 0.75 
951845:  Double_t \
  -300 0 636.6 48 48 0.6 96 32 0.75 16  \
  96 32 0.75 16 96 32 0.75 16 
952357:  Double_t \
  -300 0 686.6 48 48 0.6 32 96 16 0.75  \
  32 96 16 0.75 32 96 16 0.75 
1053221:  Double_t \
  60 60 486.6 28.5 28.5 0.6 57 21 0.75 1.5  \
  57 15 0.75 1.5 57 21 0.75 1.5 
1053733:  Double_t \
  60 60 536.6 28.5 28.5 0.6 21 57 1.5 0.75  \
  15 57 1.5 0.75 21 57 1.5 0.75 
1054245:  Double_t \
  60 60 636.6 28.5 28.5 0.6 57 21 0.75 1.5  \
  57 15 0.75 1.5 57 21 0.75 1.5 
1054757:  Double_t \
  60 60 686.6 28.5 28.5 0.6 21 57 1.5 0.75  \
  15 57 1.5 0.75 21 57 1.5 0.75 
1057349:  Double_t \
  60 60 786.6 28.5 28.5 0.6 57 21 0.75 3  \
  57 15 0.75 2.5 57 21 0.75 3 
1057861:  Double_t \
  60 60 836.6 28.5 28.5 0.6 21 57 3 0.75  \
  15 57 2.5 0.75 21 57 3 0.75 
1061413:  Double_t \
  60 120 486.6 28.5 28.5 0.6 57 12 0.75 6  \
  57 33 0.75 5.5 57 12 0.75 6 
1061445:  Double_t \
  -120 60 786.6 28.5 28.5 0.6 57 12 0.75 6  \
  57 33 0.75 5.5 57 12 0.75 6 
1061925:  Double_t \
  60 120 536.6 28.5 28.5 0.6 12 57 6 0.75  \
  33 57 5.5 0.75 12 57 6 0.75 
1061957:  Double_t \
  -120 60 836.6 28.5 28.5 0.6 12 57 6 0.75  \
  33 57 5.5 0.75 12 57 6 0.75 
1062437:  Double_t \
  60 120 636.6 28.5 28.5 0.6 57 12 0.75 6  \
  57 33 0.75 5.5 57 12 0.75 6 
1062949:  Double_t \
  60 120 686.6 28.5 28.5 0.6 12 57 6 0.75  \
  33 57 5.5 0.75 12 57 6 0.75 
1069669:  Double_t \
  100 100 936.6 48 48 0.6 96 44 0.75 4  \
  96 8 0.75 4 96 44 0.75 4 
1070181:  Double_t \
  100 100 986.6 48 48 0.6 44 96 4 0.75  \
  8 96 4 0.75 44 96 4 0.75 
1073733:  Double_t \
  -200 100 786.6 48 48 0.6 96 40 0.75 8  \
  96 16 0.75 8 96 40 0.75 8 
1073765:  Double_t \
  -200 100 936.6 48 48 0.6 96 40 0.75 8  \
  96 16 0.75 8 96 40 0.75 8 
1074245:  Double_t \
  -200 100 836.6 48 48 0.6 40 96 8 0.75  \
  16 96 8 0.75 40 96 8 0.75 
1074277:  Double_t \
  -200 100 986.6 48 48 0.6 40 96 8 0.75  \
  16 96 8 0.75 40 96 8 0.75 
1077797:  Double_t \
  -200 100 486.6 48 48 0.6 96 36 0.75 12  \
  96 24 0.75 12 96 36 0.75 12 
1077861:  Double_t \
  200 -200 936.6 48 48 0.6 96 36 0.75 12  \
  96 24 0.75 12 96 36 0.75 12 
1078309:  Double_t \
  -200 100 536.6 48 48 0.6 36 96 12 0.75  \
  24 96 12 0.75 36 96 12 0.75 
1078373:  Double_t \
  200 -200 986.6 48 48 0.6 36 96 12 0.75  \
  24 96 12 0.75 36 96 12 0.75 
1078821:  Double_t \
  -200 100 636.6 48 48 0.6 96 36 0.75 12  \
  96 24 0.75 12 96 36 0.75 12 
1079333:  Double_t \
  -200 100 686.6 48 48 0.6 36 96 12 0.75  \
  24 96 12 0.75 36 96 12 0.75 
1081893:  Double_t \
  300 0 486.6 48 48 0.6 96 32 0.75 16  \
  96 32 0.75 16 96 32 0.75 16 
1081925:  Double_t \
  300 -300 786.6 48 48 0.6 96 32 0.75 16  \
  96 32 0.75 16 96 32 0.75 16 
1081957:  Double_t \
  200 -400 936.6 48 48 0.6 96 32 0.75 16  \
  96 32 0.75 16 96 32 0.75 16 
1082405:  Double_t \
  300 0 536.6 48 48 0.6 32 96 16 0.75  \
  32 96 16 0.75 32 96 16 0.75 
1082437:  Double_t \
  300 -300 836.6 48 48 0.6 32 96 16 0.75  \
  32 96 16 0.75 32 96 16 0.75 
1082469:  Double_t \
  200 -400 986.6 48 48 0.6 32 96 16 0.75  \
  32 96 16 0.75 32 96 16 0.75 
1082917:  Double_t \
  300 0 636.6 48 48 0.6 96 32 0.75 16  \
  96 32 0.75 16 96 32 0.75 16 
1083429:  Double_t \
  300 0 686.6 48 48 0.6 32 96 16 0.75  \
  32 96 16 0.75 32 96 16 0.75 
1192517:  Double_t \
  120 60 786.6 28.5 28.5 0.6 57 12 0.75 6  \
  57 33 0.75 5.5 57 12 0.75 6 
1193029:  Double_t \
  120 60 836.6 28.5 28.5 0.6 12 57 6 0.75  \
  33 57 5.5 0.75 12 57 6 0.75 
1204805:  Double_t \
  200 100 786.6 48 48 0.6 96 40 0.75 8  \
  96 16 0.75 8 96 40 0.75 8 
1204837:  Double_t \
  200 100 936.6 48 48 0.6 96 40 0.75 8  \
  96 16 0.75 8 96 40 0.75 8 
1205317:  Double_t \
  200 100 836.6 48 48 0.6 40 96 8 0.75  \
  16 96 8 0.75 40 96 8 0.75 
1205349:  Double_t \
  200 100 986.6 48 48 0.6 40 96 8 0.75  \
  16 96 8 0.75 40 96 8 0.75 
1208869:  Double_t \
  200 100 486.6 48 48 0.6 96 36 0.75 12  \
  96 24 0.75 12 96 36 0.75 12 
1208933:  Double_t \
  300 -200 936.6 48 48 0.6 96 36 0.75 12  \
  96 24 0.75 12 96 36 0.75 12 
1209381:  Double_t \
  200 100 536.6 48 48 0.6 36 96 12 0.75  \
  24 96 12 0.75 36 96 12 0.75 
1209445:  Double_t \
  300 -200 986.6 48 48 0.6 36 96 12 0.75  \
  24 96 12 0.75 36 96 12 0.75 
1209893:  Double_t \
  200 100 636.6 48 48 0.6 96 36 0.75 12  \
  96 24 0.75 12 96 36 0.75 12 
1210405:  Double_t \
  200 100 686.6 48 48 0.6 36 96 12 0.75  \
  24 96 12 0.75 36 96 12 0.75 
1212965:  Double_t \
  -300 100 486.6 48 48 0.6 96 32 0.75 16  \
  96 32 0.75 16 96 32 0.75 16 
1212997:  Double_t \
  400 -300 786.6 48 48 0.6 96 32 0.75 16  \
  96 32 0.75 16 96 32 0.75 16 
1213029:  Double_t \
  300 -400 936.6 48 48 0.6 96 32 0.75 16  \
  96 32 0.75 16 96 32 0.75 16 
1213477:  Double_t \
  -300 100 536.6 48 48 0.6 32 96 16 0.75  \
  32 96 16 0.75 32 96 16 0.75 
1213509:  Double_t \
  400 -300 836.6 48 48 0.6 32 96 16 0.75  \
  32 96 16 0.75 32 96 16 0.75 
1213541:  Double_t \
  300 -400 986.6 48 48 0.6 32 96 16 0.75  \
  32 96 16 0.75 32 96 16 0.75 
1213989:  Double_t \
  -300 100 636.6 48 48 0.6 96 32 0.75 16  \
  96 32 0.75 16 96 32 0.75 16 
1214501:  Double_t \
  -300 100 686.6 48 48 0.6 32 96 16 0.75  \
  32 96 16 0.75 32 96 16 0.75 
1323589:  Double_t \
  -60 120 786.6 28.5 28.5 0.6 57 12 0.75 6  \
  57 33 0.75 5.5 57 12 0.75 6 
1324101:  Double_t \
  -60 120 836.6 28.5 28.5 0.6 12 57 6 0.75  \
  33 57 5.5 0.75 12 57 6 0.75 
1335877:  Double_t \
  -100 200 786.6 48 48 0.6 96 40 0.75 8  \
  96 16 0.75 8 96 40 0.75 8 
1335909:  Double_t \
  -100 200 936.6 48 48 0.6 96 40 0.75 8  \
  96 16 0.75 8 96 40 0.75 8 
1336389:  Double_t \
  -100 200 836.6 48 48 0.6 40 96 8 0.75  \
  16 96 8 0.75 40 96 8 0.75 
1336421:  Double_t \
  -100 200 986.6 48 48 0.6 40 96 8 0.75  \
  16 96 8 0.75 40 96 8 0.75 
1339941:  Double_t \
  -100 200 486.6 48 48 0.6 96 36 0.75 12  \
  96 24 0.75 12 96 36 0.75 12 
1340005:  Double_t \
  -300 -100 936.6 48 48 0.6 96 36 0.75 12  \
  96 24 0.75 12 96 36 0.75 12 
1340453:  Double_t \
  -100 200 536.6 48 48 0.6 36 96 12 0.75  \
  24 96 12 0.75 36 96 12 0.75 
1340517:  Double_t \
  -300 -100 986.6 48 48 0.6 36 96 12 0.75  \
  24 96 12 0.75 36 96 12 0.75 
1340965:  Double_t \
  -100 200 636.6 48 48 0.6 96 36 0.75 12  \
  96 24 0.75 12 96 36 0.75 12 
1341477:  Double_t \
  -100 200 686.6 48 48 0.6 36 96 12 0.75  \
  24 96 12 0.75 36 96 12 0.75 
1344037:  Double_t \
  300 100 486.6 48 48 0.6 96 32 0.75 16  \
  96 32 0.75 16 96 32 0.75 16 
1344069:  Double_t \
  -400 -200 786.6 48 48 0.6 96 32 0.75 16  \
  96 32 0.75 16 96 32 0.75 16 
1344101:  Double_t \
  400 -400 936.6 48 48 0.6 96 32 0.75 16  \
  96 32 0.75 16 96 32 0.75 16 
1344549:  Double_t \
  300 100 536.6 48 48 0.6 32 96 16 0.75  \
  32 96 16 0.75 32 96 16 0.75 
1344581:  Double_t \
  -400 -200 836.6 48 48 0.6 32 96 16 0.75  \
  32 96 16 0.75 32 96 16 0.75 
1344613:  Double_t \
  400 -400 986.6 48 48 0.6 32 96 16 0.75  \
  32 96 16 0.75 32 96 16 0.75 
1345061:  Double_t \
  300 100 636.6 48 48 0.6 96 32 0.75 16  \
  96 32 0.75 16 96 32 0.75 16 
1345573:  Double_t \
  300 100 686.6 48 48 0.6 32 96 16 0.75  \
  32 96 16 0.75 32 96 16 0.75 
1454661:  Double_t \
  0 120 786.6 28.5 28.5 0.6 57 12 0.75 6  \
  57 33 0.75 5.5 57 12 0.75 6 
1455173:  Double_t \
  0 120 836.6 28.5 28.5 0.6 12 57 6 0.75  \
  33 57 5.5 0.75 12 57 6 0.75 
1466949:  Double_t \
  0 200 786.6 48 48 0.6 96 40 0.75 8  \
  96 16 0.75 8 96 40 0.75 8 
1466981:  Double_t \
  0 200 936.6 48 48 0.6 96 40 0.75 8  \
  96 16 0.75 8 96 40 0.75 8 
1467461:  Double_t \
  0 200 836.6 48 48 0.6 40 96 8 0.75  \
  16 96 8 0.75 40 96 8 0.75 
1467493:  Double_t \
  0 200 986.6 48 48 0.6 40 96 8 0.75  \
  16 96 8 0.75 40 96 8 0.75 
1471013:  Double_t \
  0 200 486.6 48 48 0.6 96 36 0.75 12  \
  96 24 0.75 12 96 36 0.75 12 
1471077:  Double_t \
  300 -100 936.6 48 48 0.6 96 36 0.75 12  \
  96 24 0.75 12 96 36 0.75 12 
1471525:  Double_t \
  0 200 536.6 48 48 0.6 36 96 12 0.75  \
  24 96 12 0.75 36 96 12 0.75 
1471589:  Double_t \
  300 -100 986.6 48 48 0.6 36 96 12 0.75  \
  24 96 12 0.75 36 96 12 0.75 
1472037:  Double_t \
  0 200 636.6 48 48 0.6 96 36 0.75 12  \
  96 24 0.75 12 96 36 0.75 12 
1472549:  Double_t \
  0 200 686.6 48 48 0.6 36 96 12 0.75  \
  24 96 12 0.75 36 96 12 0.75 
1475109:  Double_t \
  -300 200 486.6 48 48 0.6 96 32 0.75 16  \
  96 32 0.75 16 96 32 0.75 16 
1475141:  Double_t \
  -300 -200 786.6 48 48 0.6 96 32 0.75 16  \
  96 32 0.75 16 96 32 0.75 16 
1475173:  Double_t \
  500 -400 936.6 48 48 0.6 96 32 0.75 16  \
  96 32 0.75 16 96 32 0.75 16 
1475621:  Double_t \
  -300 200 536.6 48 48 0.6 32 96 16 0.75  \
  32 96 16 0.75 32 96 16 0.75 
1475653:  Double_t \
  -300 -200 836.6 48 48 0.6 32 96 16 0.75  \
  32 96 16 0.75 32 96 16 0.75 
1475685:  Double_t \
  500 -400 986.6 48 48 0.6 32 96 16 0.75  \
  32 96 16 0.75 32 96 16 0.75 
1476133:  Double_t \
  -300 200 636.6 48 48 0.6 96 32 0.75 16  \
  96 32 0.75 16 96 32 0.75 16 
1476645:  Double_t \
  -300 200 686.6 48 48 0.6 32 96 16 0.75  \
  32 96 16 0.75 32 96 16 0.75 
1585733:  Double_t \
  60 120 786.6 28.5 28.5 0.6 57 12 0.75 6  \
  57 33 0.75 5.5 57 12 0.75 6 
1586245:  Double_t \
  60 120 836.6 28.5 28.5 0.6 12 57 6 0.75  \
  33 57 5.5 0.75 12 57 6 0.75 
1598021:  Double_t \
  100 200 786.6 48 48 0.6 96 40 0.75 8  \
  96 16 0.75 8 96 40 0.75 8 
1598053:  Double_t \
  100 200 936.6 48 48 0.6 96 40 0.75 8  \
  96 16 0.75 8 96 40 0.75 8 
1598533:  Double_t \
  100 200 836.6 48 48 0.6 40 96 8 0.75  \
  16 96 8 0.75 40 96 8 0.75 
1598565:  Double_t \
  100 200 986.6 48 48 0.6 40 96 8 0.75  \
  16 96 8 0.75 40 96 8 0.75 
1602085:  Double_t \
  100 200 486.6 48 48 0.6 96 36 0.75 12  \
  96 24 0.75 12 96 36 0.75 12 
1602149:  Double_t \
  -300 0 936.6 48 48 0.6 96 36 0.75 12  \
  96 24 0.75 12 96 36 0.75 12 
1602597:  Double_t \
  100 200 536.6 48 48 0.6 36 96 12 0.75  \
  24 96 12 0.75 36 96 12 0.75 
1602661:  Double_t \
  -300 0 986.6 48 48 0.6 36 96 12 0.75  \
  24 96 12 0.75 36 96 12 0.75 
1603109:  Double_t \
  100 200 636.6 48 48 0.6 96 36 0.75 12  \
  96 24 0.75 12 96 36 0.75 12 
1603621:  Double_t \
  100 200 686.6 48 48 0.6 36 96 12 0.75  \
  24 96 12 0.75 36 96 12 0.75 
1606181:  Double_t \
  -200 200 486.6 48 48 0.6 96 32 0.75 16  \
  96 32 0.75 16 96 32 0.75 16 
1606213:  Double_t \
  -200 -200 786.6 48 48 0.6 96 32 0.75 16  \
  96 32 0.75 16 96 32 0.75 16 
1606245:  Double_t \
  -500 -300 936.6 48 48 0.6 96 32 0.75 16  \
  96 32 0.75 16 96 32 0.75 16 
1606693:  Double_t \
  -200 200 536.6 48 48 0.6 32 96 16 0.75  \
  32 96 16 0.75 32 96 16 0.75 
1606725:  Double_t \
  -200 -200 836.6 48 48 0.6 32 96 16 0.75  \
  32 96 16 0.75 32 96 16 0.75 
1606757:  Double_t \
  -500 -300 986.6 48 48 0.6 32 96 16 0.75  \
  32 96 16 0.75 32 96 16 0.75 
1607205:  Double_t \
  -200 200 636.6 48 48 0.6 96 32 0.75 16  \
  96 32 0.75 16 96 32 0.75 16 
1607717:  Double_t \
  -200 200 686.6 48 48 0.6 32 96 16 0.75  \
  32 96 16 0.75 32 96 16 0.75 
1733221:  Double_t \
  300 0 936.6 48 48 0.6 96 36 0.75 12  \
  96 24 0.75 12 96 36 0.75 12 
1733733:  Double_t \
  300 0 986.6 48 48 0.6 36 96 12 0.75  \
  24 96 12 0.75 36 96 12 0.75 
1737253:  Double_t \
  200 200 486.6 48 48 0.6 96 32 0.75 16  \
  96 32 0.75 16 96 32 0.75 16 
1737285:  Double_t \
  200 -200 786.6 48 48 0.6 96 32 0.75 16  \
  96 32 0.75 16 96 32 0.75 16 
1737317:  Double_t \
  -400 -300 936.6 48 48 0.6 96 32 0.75 16  \
  96 32 0.75 16 96 32 0.75 16 
1737765:  Double_t \
  200 200 536.6 48 48 0.6 32 96 16 0.75  \
  32 96 16 0.75 32 96 16 0.75 
1737797:  Double_t \
  200 -200 836.6 48 48 0.6 32 96 16 0.75  \
  32 96 16 0.75 32 96 16 0.75 
1737829:  Double_t \
  -400 -300 986.6 48 48 0.6 32 96 16 0.75  \
  32 96 16 0.75 32 96 16 0.75 
1738277:  Double_t \
  200 200 636.6 48 48 0.6 96 32 0.75 16  \
  96 32 0.75 16 96 32 0.75 16 
1738789:  Double_t \
  200 200 686.6 48 48 0.6 32 96 16 0.75  \
  32 96 16 0.75 32 96 16 0.75 
1864293:  Double_t \
  -300 100 936.6 48 48 0.6 96 36 0.75 12  \
  96 24 0.75 12 96 36 0.75 12 
1864805:  Double_t \
  -300 100 986.6 48 48 0.6 36 96 12 0.75  \
  24 96 12 0.75 36 96 12 0.75 
1868325:  Double_t \
  300 200 486.6 48 48 0.6 96 32 0.75 16  \
  96 32 0.75 16 96 32 0.75 16 
1868357:  Double_t \
  300 -200 786.6 48 48 0.6 96 32 0.75 16  \
  96 32 0.75 16 96 32 0.75 16 
1868389:  Double_t \
  -300 -300 936.6 48 48 0.6 96 32 0.75 16  \
  96 32 0.75 16 96 32 0.75 16 
1868837:  Double_t \
  300 200 536.6 48 48 0.6 32 96 16 0.75  \
  32 96 16 0.75 32 96 16 0.75 
1868869:  Double_t \
  300 -200 836.6 48 48 0.6 32 96 16 0.75  \
  32 96 16 0.75 32 96 16 0.75 
1868901:  Double_t \
  -300 -300 986.6 48 48 0.6 32 96 16 0.75  \
  32 96 16 0.75 32 96 16 0.75 
1869349:  Double_t \
  300 200 636.6 48 48 0.6 96 32 0.75 16  \
  96 32 0.75 16 96 32 0.75 16 
1869861:  Double_t \
  300 200 686.6 48 48 0.6 32 96 16 0.75  \
  32 96 16 0.75 32 96 16 0.75 
1995365:  Double_t \
  300 100 936.6 48 48 0.6 96 36 0.75 12  \
  96 24 0.75 12 96 36 0.75 12 
1995877:  Double_t \
  300 100 986.6 48 48 0.6 36 96 12 0.75  \
  24 96 12 0.75 36 96 12 0.75 
1999429:  Double_t \
  400 -200 786.6 48 48 0.6 96 32 0.75 16  \
  96 32 0.75 16 96 32 0.75 16 
1999461:  Double_t \
  300 -300 936.6 48 48 0.6 96 32 0.75 16  \
  96 32 0.75 16 96 32 0.75 16 
1999941:  Double_t \
  400 -200 836.6 48 48 0.6 32 96 16 0.75  \
  32 96 16 0.75 32 96 16 0.75 
1999973:  Double_t \
  300 -300 986.6 48 48 0.6 32 96 16 0.75  \
  32 96 16 0.75 32 96 16 0.75 
2126437:  Double_t \
  -300 200 936.6 48 48 0.6 96 36 0.75 12  \
  96 24 0.75 12 96 36 0.75 12 
2126949:  Double_t \
  -300 200 986.6 48 48 0.6 36 96 12 0.75  \
  24 96 12 0.75 36 96 12 0.75 
2130501:  Double_t \
  -400 -100 786.6 48 48 0.6 96 32 0.75 16  \
  96 32 0.75 16 96 32 0.75 16 
2130533:  Double_t \
  400 -300 936.6 48 48 0.6 96 32 0.75 16  \
  96 32 0.75 16 96 32 0.75 16 
2131013:  Double_t \
  -400 -100 836.6 48 48 0.6 32 96 16 0.75  \
  32 96 16 0.75 32 96 16 0.75 
2131045:  Double_t \
  400 -300 986.6 48 48 0.6 32 96 16 0.75  \
  32 96 16 0.75 32 96 16 0.75 
2257509:  Double_t \
  -200 200 936.6 48 48 0.6 96 36 0.75 12  \
  96 24 0.75 12 96 36 0.75 12 
2258021:  Double_t \
  -200 200 986.6 48 48 0.6 36 96 12 0.75  \
  24 96 12 0.75 36 96 12 0.75 
2261573:  Double_t \
  -300 -100 786.6 48 48 0.6 96 32 0.75 16  \
  96 32 0.75 16 96 32 0.75 16 
2261605:  Double_t \
  500 -300 936.6 48 48 0.6 96 32 0.75 16  \
  96 32 0.75 16 96 32 0.75 16 
2262085:  Double_t \
  -300 -100 836.6 48 48 0.6 32 96 16 0.75  \
  32 96 16 0.75 32 96 16 0.75 
2262117:  Double_t \
  500 -300 986.6 48 48 0.6 32 96 16 0.75  \
  32 96 16 0.75 32 96 16 0.75 
2388581:  Double_t \
  200 200 936.6 48 48 0.6 96 36 0.75 12  \
  96 24 0.75 12 96 36 0.75 12 
2389093:  Double_t \
  200 200 986.6 48 48 0.6 36 96 12 0.75  \
  24 96 12 0.75 36 96 12 0.75 
2392645:  Double_t \
  300 -100 786.6 48 48 0.6 96 32 0.75 16  \
  96 32 0.75 16 96 32 0.75 16 
2392677:  Double_t \
  -500 -200 936.6 48 48 0.6 96 32 0.75 16  \
  96 32 0.75 16 96 32 0.75 16 
2393157:  Double_t \
  300 -100 836.6 48 48 0.6 32 96 16 0.75  \
  32 96 16 0.75 32 96 16 0.75 
2393189:  Double_t \
  -500 -200 986.6 48 48 0.6 32 96 16 0.75  \
  32 96 16 0.75 32 96 16 0.75 
2519653:  Double_t \
  300 200 936.6 48 48 0.6 96 36 0.75 12  \
  96 24 0.75 12 96 36 0.75 12 
2520165:  Double_t \
  300 200 986.6 48 48 0.6 36 96 12 0.75  \
  24 96 12 0.75 36 96 12 0.75 
2523717:  Double_t \
  400 -100 786.6 48 48 0.6 96 32 0.75 16  \
  96 32 0.75 16 96 32 0.75 16 
2523749:  Double_t \
  -400 -200 936.6 48 48 0.6 96 32 0.75 16  \
  96 32 0.75 16 96 32 0.75 16 
2524229:  Double_t \
  400 -100 836.6 48 48 0.6 32 96 16 0.75  \
  32 96 16 0.75 32 96 16 0.75 
2524261:  Double_t \
  -400 -200 986.6 48 48 0.6 32 96 16 0.75  \
  32 96 16 0.75 32 96 16 0.75 
2650725:  Double_t \
  -200 300 936.6 48 48 0.6 96 36 0.75 12  \
  96 24 0.75 12 96 36 0.75 12 
2651237:  Double_t \
  -200 300 986.6 48 48 0.6 36 96 12 0.75  \
  24 96 12 0.75 36 96 12 0.75 
2654789:  Double_t \
  -400 0 786.6 48 48 0.6 96 32 0.75 16  \
  96 32 0.75 16 96 32 0.75 16 
2654821:  Double_t \
  400 -200 936.6 48 48 0.6 96 32 0.75 16  \
  96 32 0.75 16 96 32 0.75 16 
2655301:  Double_t \
  -400 0 836.6 48 48 0.6 32 96 16 0.75  \
  32 96 16 0.75 32 96 16 0.75 
2655333:  Double_t \
  400 -200 986.6 48 48 0.6 32 96 16 0.75  \
  32 96 16 0.75 32 96 16 0.75 
2781797:  Double_t \
  -100 300 936.6 48 48 0.6 96 36 0.75 12  \
  96 24 0.75 12 96 36 0.75 12 
2782309:  Double_t \
  -100 300 986.6 48 48 0.6 36 96 12 0.75  \
  24 96 12 0.75 36 96 12 0.75 
2785861:  Double_t \
  -300 0 786.6 48 48 0.6 96 32 0.75 16  \
  96 32 0.75 16 96 32 0.75 16 
2785893:  Double_t \
  500 -200 936.6 48 48 0.6 96 32 0.75 16  \
  96 32 0.75 16 96 32 0.75 16 
2786373:  Double_t \
  -300 0 836.6 48 48 0.6 32 96 16 0.75  \
  32 96 16 0.75 32 96 16 0.75 
2786405:  Double_t \
  500 -200 986.6 48 48 0.6 32 96 16 0.75  \
  32 96 16 0.75 32 96 16 0.75 
2912869:  Double_t \
  0 300 936.6 48 48 0.6 96 36 0.75 12  \
  96 24 0.75 12 96 36 0.75 12 
2913381:  Double_t \
  0 300 986.6 48 48 0.6 36 96 12 0.75  \
  24 96 12 0.75 36 96 12 0.75 
2916933:  Double_t \
  300 0 786.6 48 48 0.6 96 32 0.75 16  \
  96 32 0.75 16 96 32 0.75 16 
2916965:  Double_t \
  -500 -100 936.6 48 48 0.6 96 32 0.75 16  \
  96 32 0.75 16 96 32 0.75 16 
2917445:  Double_t \
  300 0 836.6 48 48 0.6 32 96 16 0.75  \
  32 96 16 0.75 32 96 16 0.75 
2917477:  Double_t \
  -500 -100 986.6 48 48 0.6 32 96 16 0.75  \
  32 96 16 0.75 32 96 16 0.75 
3043941:  Double_t \
  100 300 936.6 48 48 0.6 96 36 0.75 12  \
  96 24 0.75 12 96 36 0.75 12 
3044453:  Double_t \
  100 300 986.6 48 48 0.6 36 96 12 0.75  \
  24 96 12 0.75 36 96 12 0.75 
3048005:  Double_t \
  400 0 786.6 48 48 0.6 96 32 0.75 16  \
  96 32 0.75 16 96 32 0.75 16 
3048037:  Double_t \
  -400 -100 936.6 48 48 0.6 96 32 0.75 16  \
  96 32 0.75 16 96 32 0.75 16 
3048517:  Double_t \
  400 0 836.6 48 48 0.6 32 96 16 0.75  \
  32 96 16 0.75 32 96 16 0.75 
3048549:  Double_t \
  -400 -100 986.6 48 48 0.6 32 96 16 0.75  \
  32 96 16 0.75 32 96 16 0.75 
3175013:  Double_t \
  200 300 936.6 48 48 0.6 96 36 0.75 12  \
  96 24 0.75 12 96 36 0.75 12 
3175525:  Double_t \
  200 300 986.6 48 48 0.6 36 96 12 0.75  \
  24 96 12 0.75 36 96 12 0.75 
3179077:  Double_t \
  -400 100 786.6 48 48 0.6 96 32 0.75 16  \
  96 32 0.75 16 96 32 0.75 16 
3179109:  Double_t \
  400 -100 936.6 48 48 0.6 96 32 0.75 16  \
  96 32 0.75 16 96 32 0.75 16 
3179589:  Double_t \
  -400 100 836.6 48 48 0.6 32 96 16 0.75  \
  32 96 16 0.75 32 96 16 0.75 
3179621:  Double_t \
  400 -100 986.6 48 48 0.6 32 96 16 0.75  \
  32 96 16 0.75 32 96 16 0.75 
3310149:  Double_t \
  -300 100 786.6 48 48 0.6 96 32 0.75 16  \
  96 32 0.75 16 96 32 0.75 16 
3310181:  Double_t \
  500 -100 936.6 48 48 0.6 96 32 0.75 16  \
  96 32 0.75 16 96 32 0.75 16 
3310661:  Double_t \
  -300 100 836.6 48 48 0.6 32 96 16 0.75  \
  32 96 16 0.75 32 96 16 0.75 
3310693:  Double_t \
  500 -100 986.6 48 48 0.6 32 96 16 0.75  \
  32 96 16 0.75 32 96 16 0.75 
3441221:  Double_t \
  300 100 786.6 48 48 0.6 96 32 0.75 16  \
  96 32 0.75 16 96 32 0.75 16 
3441253:  Double_t \
  -500 0 936.6 48 48 0.6 96 32 0.75 16  \
  96 32 0.75 16 96 32 0.75 16 
3441733:  Double_t \
  300 100 836.6 48 48 0.6 32 96 16 0.75  \
  32 96 16 0.75 32 96 16 0.75 
3441765:  Double_t \
  -500 0 986.6 48 48 0.6 32 96 16 0.75  \
  32 96 16 0.75 32 96 16 0.75 
3572293:  Double_t \
  400 100 786.6 48 48 0.6 96 32 0.75 16  \
  96 32 0.75 16 96 32 0.75 16 
3572325:  Double_t \
  -400 0 936.6 48 48 0.6 96 32 0.75 16  \
  96 32 0.75 16 96 32 0.75 16 
3572805:  Double_t \
  400 100 836.6 48 48 0.6 32 96 16 0.75  \
  32 96 16 0.75 32 96 16 0.75 
3572837:  Double_t \
  -400 0 986.6 48 48 0.6 32 96 16 0.75  \
  32 96 16 0.75 32 96 16 0.75 
3703365:  Double_t \
  -400 200 786.6 48 48 0.6 96 32 0.75 16  \
  96 32 0.75 16 96 32 0.75 16 
3703397:  Double_t \
  400 0 936.6 48 48 0.6 96 32 0.75 16  \
  96 32 0.75 16 96 32 0.75 16 
3703877:  Double_t \
  -400 200 836.6 48 48 0.6 32 96 16 0.75  \
  32 96 16 0.75 32 96 16 0.75 
3703909:  Double_t \
  400 0 986.6 48 48 0.6 32 96 16 0.75  \
  32 96 16 0.75 32 96 16 0.75 
3834437:  Double_t \
  -300 200 786.6 48 48 0.6 96 32 0.75 16  \
  96 32 0.75 16 96 32 0.75 16 
3834469:  Double_t \
  500 0 936.6 48 48 0.6 96 32 0.75 16  \
  96 32 0.75 16 96 32 0.75 16 
3834949:  Double_t \
  -300 200 836.6 48 48 0.6 32 96 16 0.75  \
  32 96 16 0.75 32 96 16 0.75 
3834981:  Double_t \
  500 0 986.6 48 48 0.6 32 96 16 0.75  \
  32 96 16 0.75 32 96 16 0.75 
3965509:  Double_t \
  -200 200 786.6 48 48 0.6 96 32 0.75 16  \
  96 32 0.75 16 96 32 0.75 16 
3965541:  Double_t \
  -500 100 936.6 48 48 0.6 96 32 0.75 16  \
  96 32 0.75 16 96 32 0.75 16 
3966021:  Double_t \
  -200 200 836.6 48 48 0.6 32 96 16 0.75  \
  32 96 16 0.75 32 96 16 0.75 
3966053:  Double_t \
  -500 100 986.6 48 48 0.6 32 96 16 0.75  \
  32 96 16 0.75 32 96 16 0.75 
4096581:  Double_t \
  200 200 786.6 48 48 0.6 96 32 0.75 16  \
  96 32 0.75 16 96 32 0.75 16 
4096613:  Double_t \
  -400 100 936.6 48 48 0.6 96 32 0.75 16  \
  96 32 0.75 16 96 32 0.75 16 
4097093:  Double_t \
  200 200 836.6 48 48 0.6 32 96 16 0.75  \
  32 96 16 0.75 32 96 16 0.75 
4097125:  Double_t \
  -400 100 986.6 48 48 0.6 32 96 16 0.75  \
  32 96 16 0.75 32 96 16 0.75 
4227653:  Double_t \
  300 200 786.6 48 48 0.6 96 32 0.75 16  \
  96 32 0.75 16 96 32 0.75 16 
4227685:  Double_t \
  400 100 936.6 48 48 0.6 96 32 0.75 16  \
  96 32 0.75 16 96 32 0.75 16 
4228165:  Double_t \
  300 200 836.6 48 48 0.6 32 96 16 0.75  \
  32 96 16 0.75 32 96 16 0.75 
4228197:  Double_t \
  400 100 986.6 48 48 0.6 32 96 16 0.75  \
  32 96 16 0.75 32 96 16 0.75 
4358725:  Double_t \
  400 200 786.6 48 48 0.6 96 32 0.75 16  \
  96 32 0.75 16 96 32 0.75 16 
4358757:  Double_t \
  500 100 936.6 48 48 0.6 96 32 0.75 16  \
  96 32 0.75 16 96 32 0.75 16 
4359237:  Double_t \
  400 200 836.6 48 48 0.6 32 96 16 0.75  \
  32 96 16 0.75 32 96 16 0.75 
4359269:  Double_t \
  500 100 986.6 48 48 0.6 32 96 16 0.75  \
  32 96 16 0.75 32 96 16 0.75 
4489797:  Double_t \
  -400 300 786.6 48 48 0.6 96 32 0.75 16  \
  96 32 0.75 16 96 32 0.75 16 
4489829:  Double_t \
  -500 200 936.6 48 48 0.6 96 32 0.75 16  \
  96 32 0.75 16 96 32 0.75 16 
4490309:  Double_t \
  -400 300 836.6 48 48 0.6 32 96 16 0.75  \
  32 96 16 0.75 32 96 16 0.75 
4490341:  Double_t \
  -500 200 986.6 48 48 0.6 32 96 16 0.75  \
  32 96 16 0.75 32 96 16 0.75 
4620869:  Double_t \
  -300 300 786.6 48 48 0.6 96 32 0.75 16  \
  96 32 0.75 16 96 32 0.75 16 
4620901:  Double_t \
  -400 200 936.6 48 48 0.6 96 32 0.75 16  \
  96 32 0.75 16 96 32 0.75 16 
4621381:  Double_t \
  -300 300 836.6 48 48 0.6 32 96 16 0.75  \
  32 96 16 0.75 32 96 16 0.75 
4621413:  Double_t \
  -400 200 986.6 48 48 0.6 32 96 16 0.75  \
  32 96 16 0.75 32 96 16 0.75 
4751941:  Double_t \
  -200 300 786.6 48 48 0.6 96 32 0.75 16  \
  96 32 0.75 16 96 32 0.75 16 
4751973:  Double_t \
  400 200 936.6 48 48 0.6 96 32 0.75 16  \
  96 32 0.75 16 96 32 0.75 16 
4752453:  Double_t \
  -200 300 836.6 48 48 0.6 32 96 16 0.75  \
  32 96 16 0.75 32 96 16 0.75 
4752485:  Double_t \
  400 200 986.6 48 48 0.6 32 96 16 0.75  \
  32 96 16 0.75 32 96 16 0.75 
4883013:  Double_t \
  -100 300 786.6 48 48 0.6 96 32 0.75 16  \
  96 32 0.75 16 96 32 0.75 16 
4883045:  Double_t \
  500 200 936.6 48 48 0.6 96 32 0.75 16  \
  96 32 0.75 16 96 32 0.75 16 
4883525:  Double_t \
  -100 300 836.6 48 48 0.6 32 96 16 0.75  \
  32 96 16 0.75 32 96 16 0.75 
4883557:  Double_t \
  500 200 986.6 48 48 0.6 32 96 16 0.75  \
  32 96 16 0.75 32 96 16 0.75 
5014085:  Double_t \
  0 300 786.6 48 48 0.6 96 32 0.75 16  \
  96 32 0.75 16 96 32 0.75 16 
5014117:  Double_t \
  -500 300 936.6 48 48 0.6 96 32 0.75 16  \
  96 32 0.75 16 96 32 0.75 16 
5014597:  Double_t \
  0 300 836.6 48 48 0.6 32 96 16 0.75  \
  32 96 16 0.75 32 96 16 0.75 
5014629:  Double_t \
  -500 300 986.6 48 48 0.6 32 96 16 0.75  \
  32 96 16 0.75 32 96 16 0.75 
5145157:  Double_t \
  100 300 786.6 48 48 0.6 96 32 0.75 16  \
  96 32 0.75 16 96 32 0.75 16 
5145189:  Double_t \
  -400 300 936.6 48 48 0.6 96 32 0.75 16  \
  96 32 0.75 16 96 32 0.75 16 
5145669:  Double_t \
  100 300 836.6 48 48 0.6 32 96 16 0.75  \
  32 96 16 0.75 32 96 16 0.75 
5145701:  Double_t \
  -400 300 986.6 48 48 0.6 32 96 16 0.75  \
  32 96 16 0.75 32 96 16 0.75 
5276229:  Double_t \
  200 300 786.6 48 48 0.6 96 32 0.75 16  \
  96 32 0.75 16 96 32 0.75 16 
5276261:  Double_t \
  -300 300 936.6 48 48 0.6 96 32 0.75 16  \
  96 32 0.75 16 96 32 0.75 16 
5276741:  Double_t \
  200 300 836.6 48 48 0.6 32 96 16 0.75  \
  32 96 16 0.75 32 96 16 0.75 
5276773:  Double_t \
  -300 300 986.6 48 48 0.6 32 96 16 0.75  \
  32 96 16 0.75 32 96 16 0.75 
5407301:  Double_t \
  300 300 786.6 48 48 0.6 96 32 0.75 16  \
  96 32 0.75 16 96 32 0.75 16 
5407333:  Double_t \
  300 300 936.6 48 48 0.6 96 32 0.75 16  \
  96 32 0.75 16 96 32 0.75 16 
5407813:  Double_t \
  300 300 836.6 48 48 0.6 32 96 16 0.75  \
  32 96 16 0.75 32 96 16 0.75 
5407845:  Double_t \
  300 300 986.6 48 48 0.6 32 96 16 0.75  \
  32 96 16 0.75 32 96 16 0.75 
5538373:  Double_t \
  400 300 786.6 48 48 0.6 96 32 0.75 16  \
  96 32 0.75 16 96 32 0.75 16 
5538405:  Double_t \
  400 300 936.6 48 48 0.6 96 32 0.75 16  \
  96 32 0.75 16 96 32 0.75 16 
5538885:  Double_t \
  400 300 836.6 48 48 0.6 32 96 16 0.75  \
  32 96 16 0.75 32 96 16 0.75 
5538917:  Double_t \
  400 300 986.6 48 48 0.6 32 96 16 0.75  \
  32 96 16 0.75 32 96 16 0.75 
5669477:  Double_t \
  500 300 936.6 48 48 0.6 96 32 0.75 16  \
  96 32 0.75 16 96 32 0.75 16 
5669989:  Double_t \
  500 300 986.6 48 48 0.6 32 96 16 0.75  \
  32 96 16 0.75 32 96 16 0.75 
5800549:  Double_t \
  -500 400 936.6 48 48 0.6 96 32 0.75 16  \
  96 32 0.75 16 96 32 0.75 16 
5801061:  Double_t \
  -500 400 986.6 48 48 0.6 32 96 16 0.75  \
  32 96 16 0.75 32 96 16 0.75 
5931621:  Double_t \
  -400 400 936.6 48 48 0.6 96 32 0.75 16  \
  96 32 0.75 16 96 32 0.75 16 
5932133:  Double_t \
  -400 400 986.6 48 48 0.6 32 96 16 0.75  \
  32 96 16 0.75 32 96 16 0.75 
6062693:  Double_t \
  -300 400 936.6 48 48 0.6 96 32 0.75 16  \
  96 32 0.75 16 96 32 0.75 16 
6063205:  Double_t \
  -300 400 986.6 48 48 0.6 32 96 16 0.75  \
  32 96 16 0.75 32 96 16 0.75 
6193765:  Double_t \
  -200 400 936.6 48 48 0.6 96 32 0.75 16  \
  96 32 0.75 16 96 32 0.75 16 
6194277:  Double_t \
  -200 400 986.6 48 48 0.6 32 96 16 0.75  \
  32 96 16 0.75 32 96 16 0.75 
6324837:  Double_t \
  -100 400 936.6 48 48 0.6 96 32 0.75 16  \
  96 32 0.75 16 96 32 0.75 16 
6325349:  Double_t \
  -100 400 986.6 48 48 0.6 32 96 16 0.75  \
  32 96 16 0.75 32 96 16 0.75 
6455909:  Double_t \
  0 400 936.6 48 48 0.6 96 32 0.75 16  \
  96 32 0.75 16 96 32 0.75 16 
6456421:  Double_t \
  0 400 986.6 48 48 0.6 32 96 16 0.75  \
  32 96 16 0.75 32 96 16 0.75 
6586981:  Double_t \
  100 400 936.6 48 48 0.6 96 32 0.75 16  \
  96 32 0.75 16 96 32 0.75 16 
6587493:  Double_t \
  100 400 986.6 48 48 0.6 32 96 16 0.75  \
  32 96 16 0.75 32 96 16 0.75 
6718053:  Double_t \
  200 400 936.6 48 48 0.6 96 32 0.75 16  \
  96 32 0.75 16 96 32 0.75 16 
6718565:  Double_t \
  200 400 986.6 48 48 0.6 32 96 16 0.75  \
  32 96 16 0.75 32 96 16 0.75 
6849125:  Double_t \
  300 400 936.6 48 48 0.6 96 32 0.75 16  \
  96 32 0.75 16 96 32 0.75 16 
6849637:  Double_t \
  300 400 986.6 48 48 0.6 32 96 16 0.75  \
  32 96 16 0.75 32 96 16 0.75 
6980197:  Double_t \
  400 400 936.6 48 48 0.6 96 32 0.75 16  \
  96 32 0.75 16 96 32 0.75 16 
6980709:  Double_t \
  400 400 986.6 48 48 0.6 32 96 16 0.75  \
  32 96 16 0.75 32 96 16 0.75 
7111269:  Double_t \
  500 400 936.6 48 48 0.6 96 32 0.75 16  \
  96 32 0.75 16 96 32 0.75 16 
7111781:  Double_t \
  500 400 986.6 48 48 0.6 32 96 16 0.75  \
  32 96 16 0.75 32 96 16 0.75 