##############################################################################
# Class:   CbmTrdDigiPar
# Context: TestDefaultContext
##############################################################################
[CbmTrdDigiPar]
//----------------------------------------------------------------------------
NrOfModules:  Int_t  708 
MaxSectors:  Int_t  3 
ModuleIdArray:  Int_t \
  135717 135749 136229 136261 136741 136773 137253 137285 139813 139845  \
  140325 140357 140837 140869 141349 141381 143909 143941 143973 144421  \
  144453 144485 144933 144965 145445 145477 266789 266821 267301 267333  \
  267813 267845 268325 268357 270885 270917 271397 271429 271909 271941  \
  272421 272453 274981 275013 275045 275493 275525 275557 276005 276037  \
  276517 276549 397861 397893 398373 398405 398885 398917 399397 399429  \
  401957 401989 402469 402501 402981 403013 403493 403525 406053 406085  \
  406117 406565 406597 406629 407077 407109 407589 407621 528933 528965  \
  529445 529477 529957 529989 530469 530501 533029 533061 533541 533573  \
  534053 534085 534565 534597 537125 537157 537189 537637 537669 537701  \
  538149 538181 538661 538693 660005 660037 660517 660549 661029 661061  \
  661541 661573 664101 664133 664613 664645 665125 665157 665637 665669  \
  668197 668229 668261 668709 668741 668773 669221 669253 669733 669765  \
  791077 791109 791589 791621 792101 792133 792613 792645 795173 795205  \
  795685 795717 796197 796229 796709 796741 799269 799301 799333 799781  \
  799813 799845 800293 800325 800805 800837 922149 922181 922661 922693  \
  923173 923205 923685 923717 926245 926277 926757 926789 927269 927301  \
  927781 927813 930341 930373 930405 930853 930885 930917 931365 931397  \
  931877 931909 1053221 1053253 1053733 1053765 1054245 1054277 1054757 1054789  \
  1057317 1057349 1057829 1057861 1058341 1058373 1058853 1058885 1061413 1061445  \
  1061477 1061925 1061957 1061989 1062437 1062469 1062949 1062981 1188389 1188421  \
  1188901 1188933 1189413 1189445 1189925 1189957 1192485 1192517 1192549 1192997  \
  1193029 1193061 1193509 1193541 1194021 1194053 1319461 1319493 1319973 1320005  \
  1320485 1320517 1320997 1321029 1323557 1323589 1323621 1324069 1324101 1324133  \
  1324581 1324613 1325093 1325125 1450533 1450565 1451045 1451077 1451557 1451589  \
  1452069 1452101 1454629 1454661 1454693 1455141 1455173 1455205 1455653 1455685  \
  1456165 1456197 1581605 1581637 1582117 1582149 1582629 1582661 1583141 1583173  \
  1585701 1585733 1585765 1586213 1586245 1586277 1586725 1586757 1587237 1587269  \
  1712677 1712709 1713189 1713221 1713701 1713733 1714213 1714245 1716773 1716805  \
  1716837 1717285 1717317 1717349 1717797 1717829 1718309 1718341 1843749 1843781  \
  1844261 1844293 1844773 1844805 1845285 1845317 1847845 1847877 1847909 1848357  \
  1848389 1848421 1848869 1848901 1849381 1849413 1974821 1974853 1975333 1975365  \
  1975845 1975877 1976357 1976389 1978917 1978949 1978981 1979429 1979461 1979493  \
  1979941 1979973 1980453 1980485 2105893 2105925 2106405 2106437 2106917 2106949  \
  2107429 2107461 2109989 2110021 2110053 2110501 2110533 2110565 2111013 2111045  \
  2111525 2111557 2241061 2241093 2241125 2241573 2241605 2241637 2242085 2242117  \
  2242597 2242629 2372133 2372165 2372197 2372645 2372677 2372709 2373157 2373189  \
  2373669 2373701 2503205 2503237 2503269 2503717 2503749 2503781 2504229 2504261  \
  2504741 2504773 2634277 2634309 2634341 2634789 2634821 2634853 2635301 2635333  \
  2635813 2635845 2765349 2765381 2765413 2765861 2765893 2765925 2766373 2766405  \
  2766885 2766917 2896421 2896453 2896485 2896933 2896965 2896997 2897445 2897477  \
  2897957 2897989 3027493 3027525 3027557 3028005 3028037 3028069 3028517 3028549  \
  3029029 3029061 3158565 3158597 3158629 3159077 3159109 3159141 3159589 3159621  \
  3160101 3160133 3289637 3289669 3289701 3290149 3290181 3290213 3290661 3290693  \
  3291173 3291205 3420709 3420741 3420773 3421221 3421253 3421285 3421733 3421765  \
  3422245 3422277 3551813 3551845 3552325 3552357 3552837 3553349 3682885 3682917  \
  3683397 3683429 3683909 3684421 3813957 3813989 3814469 3814501 3814981 3815493  \
  3945029 3945061 3945541 3945573 3946053 3946565 4076101 4076133 4076613 4076645  \
  4077125 4077637 4207173 4207205 4207685 4207717 4208197 4208709 4338245 4338277  \
  4338757 4338789 4339269 4339781 4469317 4469349 4469829 4469861 4470341 4470853  \
  4600389 4600421 4600901 4600933 4601413 4601925 4731461 4731493 4731973 4732005  \
  4732485 4732997 4862533 4862565 4863045 4863077 4863557 4864069 4993605 4993637  \
  4994117 4994149 4994629 4995141 5124677 5124709 5125189 5125221 5125701 5126213  \
  5255749 5255781 5256261 5256293 5256773 5257285 5386821 5386853 5387333 5387365  \
  5387845 5388357 5517893 5517925 5518405 5518437 5518917 5519429 5648965 5648997  \
  5649477 5649509 5649989 5650501 5780037 5780069 5780549 5780581 5781061 5781573  \
  5911109 5911141 5911621 5911653 5912133 5912645 6042181 6042213 6042693 6042725  \
  6043205 6043717 6173253 6173285 6173765 6173797 6174277 6174789 6304325 6304357  \
  6304837 6304869 6305349 6305861 6435397 6435429 6435909 6435941 6436421 6436933  \
  6566469 6566501 6566981 6567013 6567493 6568005 6697541 6697573 6698053 6698085  \
  6698565 6699077 6828613 6828645 6829125 6829157 6829637 6830149 6959685 6959717  \
  6960197 6960229 6960709 6961221 7090757 7090789 7091269 7091301 7091781 7092293  \
  7221861 7222373 7352933 7353445 7484005 7484517 7615077 7615589 7746149 7746661  \
  7877221 7877733 8008293 8008805 8139365 8139877 8270437 8270949 8401509 8402021  \
  8532581 8533093 8663653 8664165 8794725 8795237 8925797 8926309 9056869 9057381  \
  9187941 9188453 9319013 9319525 9450085 9450597 9581157 9581669 9712229 9712741  \
  9843301 9843813 9974373 9974885 10105445 10105957 10236517 10237029 10367589 10368101  \
  10498661 10499173 10629733 10630245 10760805 10761317 10891877 10892389 11022949 11023461  \
  11154021 11154533 11285093 11285605 11416165 11416677 11547237 11547749 11678309 11678821  \
  11809381 11809893 11940453 11940965 12071525 12072037 12202597 12203109 12333669 12334181  \
  12464741 12465253 12595813 12596325 12726885 12727397 12857957 12858469 
135717:  Double_t \
  60 0 486.6 28.5 28.5 0.6 57 21 0.75 1.5  \
  57 15 0.75 1.5 57 21 0.75 1.5 
135749:  Double_t \
  60 0 711.6 28.5 28.5 0.6 57 21 0.75 3  \
  57 15 0.75 2.5 57 21 0.75 3 
136229:  Double_t \
  60 0 536.6 28.5 28.5 0.6 21 57 1.5 0.75  \
  15 57 1.5 0.75 21 57 1.5 0.75 
136261:  Double_t \
  60 0 761.6 28.5 28.5 0.6 21 57 3 0.75  \
  15 57 2.5 0.75 21 57 3 0.75 
136741:  Double_t \
  60 0 586.6 28.5 28.5 0.6 57 21 0.75 1.5  \
  57 15 0.75 1.5 57 21 0.75 1.5 
136773:  Double_t \
  60 0 811.6 28.5 28.5 0.6 57 21 0.75 3  \
  57 15 0.75 2.5 57 21 0.75 3 
137253:  Double_t \
  60 0 636.6 28.5 28.5 0.6 21 57 1.5 0.75  \
  15 57 1.5 0.75 21 57 1.5 0.75 
137285:  Double_t \
  60 0 861.6 28.5 28.5 0.6 21 57 3 0.75  \
  15 57 2.5 0.75 21 57 3 0.75 
139813:  Double_t \
  120 0 486.6 28.5 28.5 0.6 57 21 0.75 3  \
  57 15 0.75 2.5 57 21 0.75 3 
139845:  Double_t \
  120 0 711.6 28.5 28.5 0.6 57 12 0.75 6  \
  57 33 0.75 5.5 57 12 0.75 6 
140325:  Double_t \
  120 0 536.6 28.5 28.5 0.6 21 57 3 0.75  \
  15 57 2.5 0.75 21 57 3 0.75 
140357:  Double_t \
  120 0 761.6 28.5 28.5 0.6 12 57 6 0.75  \
  33 57 5.5 0.75 12 57 6 0.75 
140837:  Double_t \
  120 0 586.6 28.5 28.5 0.6 57 21 0.75 3  \
  57 15 0.75 2.5 57 21 0.75 3 
140869:  Double_t \
  120 0 811.6 28.5 28.5 0.6 57 12 0.75 6  \
  57 33 0.75 5.5 57 12 0.75 6 
141349:  Double_t \
  120 0 636.6 28.5 28.5 0.6 21 57 3 0.75  \
  15 57 2.5 0.75 21 57 3 0.75 
141381:  Double_t \
  120 0 861.6 28.5 28.5 0.6 12 57 6 0.75  \
  33 57 5.5 0.75 12 57 6 0.75 
143909:  Double_t \
  200 0 486.6 48 48 0.6 96 36 0.75 12  \
  96 24 0.75 12 96 36 0.75 12 
143941:  Double_t \
  200 0 711.6 48 48 0.6 96 40 0.75 8  \
  96 16 0.75 8 96 40 0.75 8 
143973:  Double_t \
  -100 100 936.6 48 48 0.6 96 36 0.75 6  \
  96 24 0.75 6 96 36 0.75 6 
144421:  Double_t \
  200 0 536.6 48 48 0.6 36 96 12 0.75  \
  24 96 12 0.75 36 96 12 0.75 
144453:  Double_t \
  200 0 761.6 48 48 0.6 40 96 8 0.75  \
  16 96 8 0.75 40 96 8 0.75 
144485:  Double_t \
  -100 100 986.6 48 48 0.6 36 96 6 0.75  \
  24 96 6 0.75 36 96 6 0.75 
144933:  Double_t \
  200 0 586.6 48 48 0.6 96 36 0.75 12  \
  96 24 0.75 12 96 36 0.75 12 
144965:  Double_t \
  200 0 811.6 48 48 0.6 96 40 0.75 8  \
  96 16 0.75 8 96 40 0.75 8 
145445:  Double_t \
  200 0 636.6 48 48 0.6 36 96 12 0.75  \
  24 96 12 0.75 36 96 12 0.75 
145477:  Double_t \
  200 0 861.6 48 48 0.6 40 96 8 0.75  \
  16 96 8 0.75 40 96 8 0.75 
266789:  Double_t \
  -60 0 486.6 28.5 28.5 0.6 57 21 0.75 1.5  \
  57 15 0.75 1.5 57 21 0.75 1.5 
266821:  Double_t \
  -60 0 711.6 28.5 28.5 0.6 57 21 0.75 3  \
  57 15 0.75 2.5 57 21 0.75 3 
267301:  Double_t \
  -60 0 536.6 28.5 28.5 0.6 21 57 1.5 0.75  \
  15 57 1.5 0.75 21 57 1.5 0.75 
267333:  Double_t \
  -60 0 761.6 28.5 28.5 0.6 21 57 3 0.75  \
  15 57 2.5 0.75 21 57 3 0.75 
267813:  Double_t \
  -60 0 586.6 28.5 28.5 0.6 57 21 0.75 1.5  \
  57 15 0.75 1.5 57 21 0.75 1.5 
267845:  Double_t \
  -60 0 811.6 28.5 28.5 0.6 57 21 0.75 3  \
  57 15 0.75 2.5 57 21 0.75 3 
268325:  Double_t \
  -60 0 636.6 28.5 28.5 0.6 21 57 1.5 0.75  \
  15 57 1.5 0.75 21 57 1.5 0.75 
268357:  Double_t \
  -60 0 861.6 28.5 28.5 0.6 21 57 3 0.75  \
  15 57 2.5 0.75 21 57 3 0.75 
270885:  Double_t \
  -120 0 486.6 28.5 28.5 0.6 57 21 0.75 3  \
  57 15 0.75 2.5 57 21 0.75 3 
270917:  Double_t \
  -120 0 711.6 28.5 28.5 0.6 57 12 0.75 6  \
  57 33 0.75 5.5 57 12 0.75 6 
271397:  Double_t \
  -120 0 536.6 28.5 28.5 0.6 21 57 3 0.75  \
  15 57 2.5 0.75 21 57 3 0.75 
271429:  Double_t \
  -120 0 761.6 28.5 28.5 0.6 12 57 6 0.75  \
  33 57 5.5 0.75 12 57 6 0.75 
271909:  Double_t \
  -120 0 586.6 28.5 28.5 0.6 57 21 0.75 3  \
  57 15 0.75 2.5 57 21 0.75 3 
271941:  Double_t \
  -120 0 811.6 28.5 28.5 0.6 57 12 0.75 6  \
  57 33 0.75 5.5 57 12 0.75 6 
272421:  Double_t \
  -120 0 636.6 28.5 28.5 0.6 21 57 3 0.75  \
  15 57 2.5 0.75 21 57 3 0.75 
272453:  Double_t \
  -120 0 861.6 28.5 28.5 0.6 12 57 6 0.75  \
  33 57 5.5 0.75 12 57 6 0.75 
274981:  Double_t \
  -200 0 486.6 48 48 0.6 96 36 0.75 12  \
  96 24 0.75 12 96 36 0.75 12 
275013:  Double_t \
  -200 0 711.6 48 48 0.6 96 40 0.75 8  \
  96 16 0.75 8 96 40 0.75 8 
275045:  Double_t \
  0 100 936.6 48 48 0.6 96 36 0.75 6  \
  96 24 0.75 6 96 36 0.75 6 
275493:  Double_t \
  -200 0 536.6 48 48 0.6 36 96 12 0.75  \
  24 96 12 0.75 36 96 12 0.75 
275525:  Double_t \
  -200 0 761.6 48 48 0.6 40 96 8 0.75  \
  16 96 8 0.75 40 96 8 0.75 
275557:  Double_t \
  0 100 986.6 48 48 0.6 36 96 6 0.75  \
  24 96 6 0.75 36 96 6 0.75 
276005:  Double_t \
  -200 0 586.6 48 48 0.6 96 36 0.75 12  \
  96 24 0.75 12 96 36 0.75 12 
276037:  Double_t \
  -200 0 811.6 48 48 0.6 96 40 0.75 8  \
  96 16 0.75 8 96 40 0.75 8 
276517:  Double_t \
  -200 0 636.6 48 48 0.6 36 96 12 0.75  \
  24 96 12 0.75 36 96 12 0.75 
276549:  Double_t \
  -200 0 861.6 48 48 0.6 40 96 8 0.75  \
  16 96 8 0.75 40 96 8 0.75 
397861:  Double_t \
  0 60 486.6 28.5 28.5 0.6 57 21 0.75 1.5  \
  57 15 0.75 1.5 57 21 0.75 1.5 
397893:  Double_t \
  0 60 711.6 28.5 28.5 0.6 57 21 0.75 3  \
  57 15 0.75 2.5 57 21 0.75 3 
398373:  Double_t \
  0 60 536.6 28.5 28.5 0.6 21 57 1.5 0.75  \
  15 57 1.5 0.75 21 57 1.5 0.75 
398405:  Double_t \
  0 60 761.6 28.5 28.5 0.6 21 57 3 0.75  \
  15 57 2.5 0.75 21 57 3 0.75 
398885:  Double_t \
  0 60 586.6 28.5 28.5 0.6 57 21 0.75 1.5  \
  57 15 0.75 1.5 57 21 0.75 1.5 
398917:  Double_t \
  0 60 811.6 28.5 28.5 0.6 57 21 0.75 3  \
  57 15 0.75 2.5 57 21 0.75 3 
399397:  Double_t \
  0 60 636.6 28.5 28.5 0.6 21 57 1.5 0.75  \
  15 57 1.5 0.75 21 57 1.5 0.75 
399429:  Double_t \
  0 60 861.6 28.5 28.5 0.6 21 57 3 0.75  \
  15 57 2.5 0.75 21 57 3 0.75 
401957:  Double_t \
  0 120 486.6 28.5 28.5 0.6 57 21 0.75 3  \
  57 15 0.75 2.5 57 21 0.75 3 
401989:  Double_t \
  0 120 711.6 28.5 28.5 0.6 57 12 0.75 6  \
  57 33 0.75 5.5 57 12 0.75 6 
402469:  Double_t \
  0 120 536.6 28.5 28.5 0.6 21 57 3 0.75  \
  15 57 2.5 0.75 21 57 3 0.75 
402501:  Double_t \
  0 120 761.6 28.5 28.5 0.6 12 57 6 0.75  \
  33 57 5.5 0.75 12 57 6 0.75 
402981:  Double_t \
  0 120 586.6 28.5 28.5 0.6 57 21 0.75 3  \
  57 15 0.75 2.5 57 21 0.75 3 
403013:  Double_t \
  0 120 811.6 28.5 28.5 0.6 57 12 0.75 6  \
  57 33 0.75 5.5 57 12 0.75 6 
403493:  Double_t \
  0 120 636.6 28.5 28.5 0.6 21 57 3 0.75  \
  15 57 2.5 0.75 21 57 3 0.75 
403525:  Double_t \
  0 120 861.6 28.5 28.5 0.6 12 57 6 0.75  \
  33 57 5.5 0.75 12 57 6 0.75 
406053:  Double_t \
  200 100 486.6 48 48 0.6 96 36 0.75 12  \
  96 24 0.75 12 96 36 0.75 12 
406085:  Double_t \
  200 100 711.6 48 48 0.6 96 40 0.75 8  \
  96 16 0.75 8 96 40 0.75 8 
406117:  Double_t \
  100 100 936.6 48 48 0.6 96 36 0.75 6  \
  96 24 0.75 6 96 36 0.75 6 
406565:  Double_t \
  200 100 536.6 48 48 0.6 36 96 12 0.75  \
  24 96 12 0.75 36 96 12 0.75 
406597:  Double_t \
  200 100 761.6 48 48 0.6 40 96 8 0.75  \
  16 96 8 0.75 40 96 8 0.75 
406629:  Double_t \
  100 100 986.6 48 48 0.6 36 96 6 0.75  \
  24 96 6 0.75 36 96 6 0.75 
407077:  Double_t \
  200 100 586.6 48 48 0.6 96 36 0.75 12  \
  96 24 0.75 12 96 36 0.75 12 
407109:  Double_t \
  200 100 811.6 48 48 0.6 96 40 0.75 8  \
  96 16 0.75 8 96 40 0.75 8 
407589:  Double_t \
  200 100 636.6 48 48 0.6 36 96 12 0.75  \
  24 96 12 0.75 36 96 12 0.75 
407621:  Double_t \
  200 100 861.6 48 48 0.6 40 96 8 0.75  \
  16 96 8 0.75 40 96 8 0.75 
528933:  Double_t \
  0 -60 486.6 28.5 28.5 0.6 57 21 0.75 1.5  \
  57 15 0.75 1.5 57 21 0.75 1.5 
528965:  Double_t \
  0 -60 711.6 28.5 28.5 0.6 57 21 0.75 3  \
  57 15 0.75 2.5 57 21 0.75 3 
529445:  Double_t \
  0 -60 536.6 28.5 28.5 0.6 21 57 1.5 0.75  \
  15 57 1.5 0.75 21 57 1.5 0.75 
529477:  Double_t \
  0 -60 761.6 28.5 28.5 0.6 21 57 3 0.75  \
  15 57 2.5 0.75 21 57 3 0.75 
529957:  Double_t \
  0 -60 586.6 28.5 28.5 0.6 57 21 0.75 1.5  \
  57 15 0.75 1.5 57 21 0.75 1.5 
529989:  Double_t \
  0 -60 811.6 28.5 28.5 0.6 57 21 0.75 3  \
  57 15 0.75 2.5 57 21 0.75 3 
530469:  Double_t \
  0 -60 636.6 28.5 28.5 0.6 21 57 1.5 0.75  \
  15 57 1.5 0.75 21 57 1.5 0.75 
530501:  Double_t \
  0 -60 861.6 28.5 28.5 0.6 21 57 3 0.75  \
  15 57 2.5 0.75 21 57 3 0.75 
533029:  Double_t \
  0 -120 486.6 28.5 28.5 0.6 57 21 0.75 3  \
  57 15 0.75 2.5 57 21 0.75 3 
533061:  Double_t \
  0 -120 711.6 28.5 28.5 0.6 57 12 0.75 6  \
  57 33 0.75 5.5 57 12 0.75 6 
533541:  Double_t \
  0 -120 536.6 28.5 28.5 0.6 21 57 3 0.75  \
  15 57 2.5 0.75 21 57 3 0.75 
533573:  Double_t \
  0 -120 761.6 28.5 28.5 0.6 12 57 6 0.75  \
  33 57 5.5 0.75 12 57 6 0.75 
534053:  Double_t \
  0 -120 586.6 28.5 28.5 0.6 57 21 0.75 3  \
  57 15 0.75 2.5 57 21 0.75 3 
534085:  Double_t \
  0 -120 811.6 28.5 28.5 0.6 57 12 0.75 6  \
  57 33 0.75 5.5 57 12 0.75 6 
534565:  Double_t \
  0 -120 636.6 28.5 28.5 0.6 21 57 3 0.75  \
  15 57 2.5 0.75 21 57 3 0.75 
534597:  Double_t \
  0 -120 861.6 28.5 28.5 0.6 12 57 6 0.75  \
  33 57 5.5 0.75 12 57 6 0.75 
537125:  Double_t \
  200 -100 486.6 48 48 0.6 96 36 0.75 12  \
  96 24 0.75 12 96 36 0.75 12 
537157:  Double_t \
  200 -100 711.6 48 48 0.6 96 40 0.75 8  \
  96 16 0.75 8 96 40 0.75 8 
537189:  Double_t \
  -100 0 936.6 48 48 0.6 96 36 0.75 6  \
  96 24 0.75 6 96 36 0.75 6 
537637:  Double_t \
  200 -100 536.6 48 48 0.6 36 96 12 0.75  \
  24 96 12 0.75 36 96 12 0.75 
537669:  Double_t \
  200 -100 761.6 48 48 0.6 40 96 8 0.75  \
  16 96 8 0.75 40 96 8 0.75 
537701:  Double_t \
  -100 0 986.6 48 48 0.6 36 96 6 0.75  \
  24 96 6 0.75 36 96 6 0.75 
538149:  Double_t \
  200 -100 586.6 48 48 0.6 96 36 0.75 12  \
  96 24 0.75 12 96 36 0.75 12 
538181:  Double_t \
  200 -100 811.6 48 48 0.6 96 40 0.75 8  \
  96 16 0.75 8 96 40 0.75 8 
538661:  Double_t \
  200 -100 636.6 48 48 0.6 36 96 12 0.75  \
  24 96 12 0.75 36 96 12 0.75 
538693:  Double_t \
  200 -100 861.6 48 48 0.6 40 96 8 0.75  \
  16 96 8 0.75 40 96 8 0.75 
660005:  Double_t \
  60 60 486.6 28.5 28.5 0.6 57 21 0.75 1.5  \
  57 15 0.75 1.5 57 21 0.75 1.5 
660037:  Double_t \
  60 60 711.6 28.5 28.5 0.6 57 21 0.75 3  \
  57 15 0.75 2.5 57 21 0.75 3 
660517:  Double_t \
  60 60 536.6 28.5 28.5 0.6 21 57 1.5 0.75  \
  15 57 1.5 0.75 21 57 1.5 0.75 
660549:  Double_t \
  60 60 761.6 28.5 28.5 0.6 21 57 3 0.75  \
  15 57 2.5 0.75 21 57 3 0.75 
661029:  Double_t \
  60 60 586.6 28.5 28.5 0.6 57 21 0.75 1.5  \
  57 15 0.75 1.5 57 21 0.75 1.5 
661061:  Double_t \
  60 60 811.6 28.5 28.5 0.6 57 21 0.75 3  \
  57 15 0.75 2.5 57 21 0.75 3 
661541:  Double_t \
  60 60 636.6 28.5 28.5 0.6 21 57 1.5 0.75  \
  15 57 1.5 0.75 21 57 1.5 0.75 
661573:  Double_t \
  60 60 861.6 28.5 28.5 0.6 21 57 3 0.75  \
  15 57 2.5 0.75 21 57 3 0.75 
664101:  Double_t \
  120 60 486.6 28.5 28.5 0.6 57 12 0.75 6  \
  57 33 0.75 5.5 57 12 0.75 6 
664133:  Double_t \
  120 60 711.6 28.5 28.5 0.6 57 12 0.75 6  \
  57 33 0.75 5.5 57 12 0.75 6 
664613:  Double_t \
  120 60 536.6 28.5 28.5 0.6 12 57 6 0.75  \
  33 57 5.5 0.75 12 57 6 0.75 
664645:  Double_t \
  120 60 761.6 28.5 28.5 0.6 12 57 6 0.75  \
  33 57 5.5 0.75 12 57 6 0.75 
665125:  Double_t \
  120 60 586.6 28.5 28.5 0.6 57 12 0.75 6  \
  57 33 0.75 5.5 57 12 0.75 6 
665157:  Double_t \
  120 60 811.6 28.5 28.5 0.6 57 12 0.75 6  \
  57 33 0.75 5.5 57 12 0.75 6 
665637:  Double_t \
  120 60 636.6 28.5 28.5 0.6 12 57 6 0.75  \
  33 57 5.5 0.75 12 57 6 0.75 
665669:  Double_t \
  120 60 861.6 28.5 28.5 0.6 12 57 6 0.75  \
  33 57 5.5 0.75 12 57 6 0.75 
668197:  Double_t \
  -200 -100 486.6 48 48 0.6 96 36 0.75 12  \
  96 24 0.75 12 96 36 0.75 12 
668229:  Double_t \
  -200 -100 711.6 48 48 0.6 96 40 0.75 8  \
  96 16 0.75 8 96 40 0.75 8 
668261:  Double_t \
  100 0 936.6 48 48 0.6 96 36 0.75 6  \
  96 24 0.75 6 96 36 0.75 6 
668709:  Double_t \
  -200 -100 536.6 48 48 0.6 36 96 12 0.75  \
  24 96 12 0.75 36 96 12 0.75 
668741:  Double_t \
  -200 -100 761.6 48 48 0.6 40 96 8 0.75  \
  16 96 8 0.75 40 96 8 0.75 
668773:  Double_t \
  100 0 986.6 48 48 0.6 36 96 6 0.75  \
  24 96 6 0.75 36 96 6 0.75 
669221:  Double_t \
  -200 -100 586.6 48 48 0.6 96 36 0.75 12  \
  96 24 0.75 12 96 36 0.75 12 
669253:  Double_t \
  -200 -100 811.6 48 48 0.6 96 40 0.75 8  \
  96 16 0.75 8 96 40 0.75 8 
669733:  Double_t \
  -200 -100 636.6 48 48 0.6 36 96 12 0.75  \
  24 96 12 0.75 36 96 12 0.75 
669765:  Double_t \
  -200 -100 861.6 48 48 0.6 40 96 8 0.75  \
  16 96 8 0.75 40 96 8 0.75 
791077:  Double_t \
  60 -60 486.6 28.5 28.5 0.6 57 21 0.75 1.5  \
  57 15 0.75 1.5 57 21 0.75 1.5 
791109:  Double_t \
  60 -60 711.6 28.5 28.5 0.6 57 21 0.75 3  \
  57 15 0.75 2.5 57 21 0.75 3 
791589:  Double_t \
  60 -60 536.6 28.5 28.5 0.6 21 57 1.5 0.75  \
  15 57 1.5 0.75 21 57 1.5 0.75 
791621:  Double_t \
  60 -60 761.6 28.5 28.5 0.6 21 57 3 0.75  \
  15 57 2.5 0.75 21 57 3 0.75 
792101:  Double_t \
  60 -60 586.6 28.5 28.5 0.6 57 21 0.75 1.5  \
  57 15 0.75 1.5 57 21 0.75 1.5 
792133:  Double_t \
  60 -60 811.6 28.5 28.5 0.6 57 21 0.75 3  \
  57 15 0.75 2.5 57 21 0.75 3 
792613:  Double_t \
  60 -60 636.6 28.5 28.5 0.6 21 57 1.5 0.75  \
  15 57 1.5 0.75 21 57 1.5 0.75 
792645:  Double_t \
  60 -60 861.6 28.5 28.5 0.6 21 57 3 0.75  \
  15 57 2.5 0.75 21 57 3 0.75 
795173:  Double_t \
  120 -60 486.6 28.5 28.5 0.6 57 12 0.75 6  \
  57 33 0.75 5.5 57 12 0.75 6 
795205:  Double_t \
  120 -60 711.6 28.5 28.5 0.6 57 12 0.75 6  \
  57 33 0.75 5.5 57 12 0.75 6 
795685:  Double_t \
  120 -60 536.6 28.5 28.5 0.6 12 57 6 0.75  \
  33 57 5.5 0.75 12 57 6 0.75 
795717:  Double_t \
  120 -60 761.6 28.5 28.5 0.6 12 57 6 0.75  \
  33 57 5.5 0.75 12 57 6 0.75 
796197:  Double_t \
  120 -60 586.6 28.5 28.5 0.6 57 12 0.75 6  \
  57 33 0.75 5.5 57 12 0.75 6 
796229:  Double_t \
  120 -60 811.6 28.5 28.5 0.6 57 12 0.75 6  \
  57 33 0.75 5.5 57 12 0.75 6 
796709:  Double_t \
  120 -60 636.6 28.5 28.5 0.6 12 57 6 0.75  \
  33 57 5.5 0.75 12 57 6 0.75 
796741:  Double_t \
  120 -60 861.6 28.5 28.5 0.6 12 57 6 0.75  \
  33 57 5.5 0.75 12 57 6 0.75 
799269:  Double_t \
  -200 100 486.6 48 48 0.6 96 36 0.75 12  \
  96 24 0.75 12 96 36 0.75 12 
799301:  Double_t \
  -200 100 711.6 48 48 0.6 96 40 0.75 8  \
  96 16 0.75 8 96 40 0.75 8 
799333:  Double_t \
  -100 -100 936.6 48 48 0.6 96 36 0.75 6  \
  96 24 0.75 6 96 36 0.75 6 
799781:  Double_t \
  -200 100 536.6 48 48 0.6 36 96 12 0.75  \
  24 96 12 0.75 36 96 12 0.75 
799813:  Double_t \
  -200 100 761.6 48 48 0.6 40 96 8 0.75  \
  16 96 8 0.75 40 96 8 0.75 
799845:  Double_t \
  -100 -100 986.6 48 48 0.6 36 96 6 0.75  \
  24 96 6 0.75 36 96 6 0.75 
800293:  Double_t \
  -200 100 586.6 48 48 0.6 96 36 0.75 12  \
  96 24 0.75 12 96 36 0.75 12 
800325:  Double_t \
  -200 100 811.6 48 48 0.6 96 40 0.75 8  \
  96 16 0.75 8 96 40 0.75 8 
800805:  Double_t \
  -200 100 636.6 48 48 0.6 36 96 12 0.75  \
  24 96 12 0.75 36 96 12 0.75 
800837:  Double_t \
  -200 100 861.6 48 48 0.6 40 96 8 0.75  \
  16 96 8 0.75 40 96 8 0.75 
922149:  Double_t \
  -60 -60 486.6 28.5 28.5 0.6 57 21 0.75 1.5  \
  57 15 0.75 1.5 57 21 0.75 1.5 
922181:  Double_t \
  -60 -60 711.6 28.5 28.5 0.6 57 21 0.75 3  \
  57 15 0.75 2.5 57 21 0.75 3 
922661:  Double_t \
  -60 -60 536.6 28.5 28.5 0.6 21 57 1.5 0.75  \
  15 57 1.5 0.75 21 57 1.5 0.75 
922693:  Double_t \
  -60 -60 761.6 28.5 28.5 0.6 21 57 3 0.75  \
  15 57 2.5 0.75 21 57 3 0.75 
923173:  Double_t \
  -60 -60 586.6 28.5 28.5 0.6 57 21 0.75 1.5  \
  57 15 0.75 1.5 57 21 0.75 1.5 
923205:  Double_t \
  -60 -60 811.6 28.5 28.5 0.6 57 21 0.75 3  \
  57 15 0.75 2.5 57 21 0.75 3 
923685:  Double_t \
  -60 -60 636.6 28.5 28.5 0.6 21 57 1.5 0.75  \
  15 57 1.5 0.75 21 57 1.5 0.75 
923717:  Double_t \
  -60 -60 861.6 28.5 28.5 0.6 21 57 3 0.75  \
  15 57 2.5 0.75 21 57 3 0.75 
926245:  Double_t \
  -120 -60 486.6 28.5 28.5 0.6 57 12 0.75 6  \
  57 33 0.75 5.5 57 12 0.75 6 
926277:  Double_t \
  -120 -60 711.6 28.5 28.5 0.6 57 12 0.75 6  \
  57 33 0.75 5.5 57 12 0.75 6 
926757:  Double_t \
  -120 -60 536.6 28.5 28.5 0.6 12 57 6 0.75  \
  33 57 5.5 0.75 12 57 6 0.75 
926789:  Double_t \
  -120 -60 761.6 28.5 28.5 0.6 12 57 6 0.75  \
  33 57 5.5 0.75 12 57 6 0.75 
927269:  Double_t \
  -120 -60 586.6 28.5 28.5 0.6 57 12 0.75 6  \
  57 33 0.75 5.5 57 12 0.75 6 
927301:  Double_t \
  -120 -60 811.6 28.5 28.5 0.6 57 12 0.75 6  \
  57 33 0.75 5.5 57 12 0.75 6 
927781:  Double_t \
  -120 -60 636.6 28.5 28.5 0.6 12 57 6 0.75  \
  33 57 5.5 0.75 12 57 6 0.75 
927813:  Double_t \
  -120 -60 861.6 28.5 28.5 0.6 12 57 6 0.75  \
  33 57 5.5 0.75 12 57 6 0.75 
930341:  Double_t \
  0 200 486.6 48 48 0.6 96 36 0.75 12  \
  96 24 0.75 12 96 36 0.75 12 
930373:  Double_t \
  0 200 711.6 48 48 0.6 96 40 0.75 8  \
  96 16 0.75 8 96 40 0.75 8 
930405:  Double_t \
  0 -100 936.6 48 48 0.6 96 36 0.75 6  \
  96 24 0.75 6 96 36 0.75 6 
930853:  Double_t \
  0 200 536.6 48 48 0.6 36 96 12 0.75  \
  24 96 12 0.75 36 96 12 0.75 
930885:  Double_t \
  0 200 761.6 48 48 0.6 40 96 8 0.75  \
  16 96 8 0.75 40 96 8 0.75 
930917:  Double_t \
  0 -100 986.6 48 48 0.6 36 96 6 0.75  \
  24 96 6 0.75 36 96 6 0.75 
931365:  Double_t \
  0 200 586.6 48 48 0.6 96 36 0.75 12  \
  96 24 0.75 12 96 36 0.75 12 
931397:  Double_t \
  0 200 811.6 48 48 0.6 96 40 0.75 8  \
  96 16 0.75 8 96 40 0.75 8 
931877:  Double_t \
  0 200 636.6 48 48 0.6 36 96 12 0.75  \
  24 96 12 0.75 36 96 12 0.75 
931909:  Double_t \
  0 200 861.6 48 48 0.6 40 96 8 0.75  \
  16 96 8 0.75 40 96 8 0.75 
1053221:  Double_t \
  -60 60 486.6 28.5 28.5 0.6 57 21 0.75 1.5  \
  57 15 0.75 1.5 57 21 0.75 1.5 
1053253:  Double_t \
  -60 60 711.6 28.5 28.5 0.6 57 21 0.75 3  \
  57 15 0.75 2.5 57 21 0.75 3 
1053733:  Double_t \
  -60 60 536.6 28.5 28.5 0.6 21 57 1.5 0.75  \
  15 57 1.5 0.75 21 57 1.5 0.75 
1053765:  Double_t \
  -60 60 761.6 28.5 28.5 0.6 21 57 3 0.75  \
  15 57 2.5 0.75 21 57 3 0.75 
1054245:  Double_t \
  -60 60 586.6 28.5 28.5 0.6 57 21 0.75 1.5  \
  57 15 0.75 1.5 57 21 0.75 1.5 
1054277:  Double_t \
  -60 60 811.6 28.5 28.5 0.6 57 21 0.75 3  \
  57 15 0.75 2.5 57 21 0.75 3 
1054757:  Double_t \
  -60 60 636.6 28.5 28.5 0.6 21 57 1.5 0.75  \
  15 57 1.5 0.75 21 57 1.5 0.75 
1054789:  Double_t \
  -60 60 861.6 28.5 28.5 0.6 21 57 3 0.75  \
  15 57 2.5 0.75 21 57 3 0.75 
1057317:  Double_t \
  -120 60 486.6 28.5 28.5 0.6 57 12 0.75 6  \
  57 33 0.75 5.5 57 12 0.75 6 
1057349:  Double_t \
  -120 60 711.6 28.5 28.5 0.6 57 12 0.75 6  \
  57 33 0.75 5.5 57 12 0.75 6 
1057829:  Double_t \
  -120 60 536.6 28.5 28.5 0.6 12 57 6 0.75  \
  33 57 5.5 0.75 12 57 6 0.75 
1057861:  Double_t \
  -120 60 761.6 28.5 28.5 0.6 12 57 6 0.75  \
  33 57 5.5 0.75 12 57 6 0.75 
1058341:  Double_t \
  -120 60 586.6 28.5 28.5 0.6 57 12 0.75 6  \
  57 33 0.75 5.5 57 12 0.75 6 
1058373:  Double_t \
  -120 60 811.6 28.5 28.5 0.6 57 12 0.75 6  \
  57 33 0.75 5.5 57 12 0.75 6 
1058853:  Double_t \
  -120 60 636.6 28.5 28.5 0.6 12 57 6 0.75  \
  33 57 5.5 0.75 12 57 6 0.75 
1058885:  Double_t \
  -120 60 861.6 28.5 28.5 0.6 12 57 6 0.75  \
  33 57 5.5 0.75 12 57 6 0.75 
1061413:  Double_t \
  0 -200 486.6 48 48 0.6 96 36 0.75 12  \
  96 24 0.75 12 96 36 0.75 12 
1061445:  Double_t \
  0 -200 711.6 48 48 0.6 96 40 0.75 8  \
  96 16 0.75 8 96 40 0.75 8 
1061477:  Double_t \
  100 -100 936.6 48 48 0.6 96 36 0.75 6  \
  96 24 0.75 6 96 36 0.75 6 
1061925:  Double_t \
  0 -200 536.6 48 48 0.6 36 96 12 0.75  \
  24 96 12 0.75 36 96 12 0.75 
1061957:  Double_t \
  0 -200 761.6 48 48 0.6 40 96 8 0.75  \
  16 96 8 0.75 40 96 8 0.75 
1061989:  Double_t \
  100 -100 986.6 48 48 0.6 36 96 6 0.75  \
  24 96 6 0.75 36 96 6 0.75 
1062437:  Double_t \
  0 -200 586.6 48 48 0.6 96 36 0.75 12  \
  96 24 0.75 12 96 36 0.75 12 
1062469:  Double_t \
  0 -200 811.6 48 48 0.6 96 40 0.75 8  \
  96 16 0.75 8 96 40 0.75 8 
1062949:  Double_t \
  0 -200 636.6 48 48 0.6 36 96 12 0.75  \
  24 96 12 0.75 36 96 12 0.75 
1062981:  Double_t \
  0 -200 861.6 48 48 0.6 40 96 8 0.75  \
  16 96 8 0.75 40 96 8 0.75 
1188389:  Double_t \
  60 120 486.6 28.5 28.5 0.6 57 12 0.75 6  \
  57 33 0.75 5.5 57 12 0.75 6 
1188421:  Double_t \
  60 120 711.6 28.5 28.5 0.6 57 12 0.75 6  \
  57 33 0.75 5.5 57 12 0.75 6 
1188901:  Double_t \
  60 120 536.6 28.5 28.5 0.6 12 57 6 0.75  \
  33 57 5.5 0.75 12 57 6 0.75 
1188933:  Double_t \
  60 120 761.6 28.5 28.5 0.6 12 57 6 0.75  \
  33 57 5.5 0.75 12 57 6 0.75 
1189413:  Double_t \
  60 120 586.6 28.5 28.5 0.6 57 12 0.75 6  \
  57 33 0.75 5.5 57 12 0.75 6 
1189445:  Double_t \
  60 120 811.6 28.5 28.5 0.6 57 12 0.75 6  \
  57 33 0.75 5.5 57 12 0.75 6 
1189925:  Double_t \
  60 120 636.6 28.5 28.5 0.6 12 57 6 0.75  \
  33 57 5.5 0.75 12 57 6 0.75 
1189957:  Double_t \
  60 120 861.6 28.5 28.5 0.6 12 57 6 0.75  \
  33 57 5.5 0.75 12 57 6 0.75 
1192485:  Double_t \
  100 200 486.6 48 48 0.6 96 36 0.75 12  \
  96 24 0.75 12 96 36 0.75 12 
1192517:  Double_t \
  100 200 711.6 48 48 0.6 96 40 0.75 8  \
  96 16 0.75 8 96 40 0.75 8 
1192549:  Double_t \
  -100 200 936.6 48 48 0.6 96 40 0.75 8  \
  96 16 0.75 8 96 40 0.75 8 
1192997:  Double_t \
  100 200 536.6 48 48 0.6 36 96 12 0.75  \
  24 96 12 0.75 36 96 12 0.75 
1193029:  Double_t \
  100 200 761.6 48 48 0.6 40 96 8 0.75  \
  16 96 8 0.75 40 96 8 0.75 
1193061:  Double_t \
  -100 200 986.6 48 48 0.6 40 96 8 0.75  \
  16 96 8 0.75 40 96 8 0.75 
1193509:  Double_t \
  100 200 586.6 48 48 0.6 96 36 0.75 12  \
  96 24 0.75 12 96 36 0.75 12 
1193541:  Double_t \
  100 200 811.6 48 48 0.6 96 40 0.75 8  \
  96 16 0.75 8 96 40 0.75 8 
1194021:  Double_t \
  100 200 636.6 48 48 0.6 36 96 12 0.75  \
  24 96 12 0.75 36 96 12 0.75 
1194053:  Double_t \
  100 200 861.6 48 48 0.6 40 96 8 0.75  \
  16 96 8 0.75 40 96 8 0.75 
1319461:  Double_t \
  -60 120 486.6 28.5 28.5 0.6 57 12 0.75 6  \
  57 33 0.75 5.5 57 12 0.75 6 
1319493:  Double_t \
  -60 120 711.6 28.5 28.5 0.6 57 12 0.75 6  \
  57 33 0.75 5.5 57 12 0.75 6 
1319973:  Double_t \
  -60 120 536.6 28.5 28.5 0.6 12 57 6 0.75  \
  33 57 5.5 0.75 12 57 6 0.75 
1320005:  Double_t \
  -60 120 761.6 28.5 28.5 0.6 12 57 6 0.75  \
  33 57 5.5 0.75 12 57 6 0.75 
1320485:  Double_t \
  -60 120 586.6 28.5 28.5 0.6 57 12 0.75 6  \
  57 33 0.75 5.5 57 12 0.75 6 
1320517:  Double_t \
  -60 120 811.6 28.5 28.5 0.6 57 12 0.75 6  \
  57 33 0.75 5.5 57 12 0.75 6 
1320997:  Double_t \
  -60 120 636.6 28.5 28.5 0.6 12 57 6 0.75  \
  33 57 5.5 0.75 12 57 6 0.75 
1321029:  Double_t \
  -60 120 861.6 28.5 28.5 0.6 12 57 6 0.75  \
  33 57 5.5 0.75 12 57 6 0.75 
1323557:  Double_t \
  -100 200 486.6 48 48 0.6 96 36 0.75 12  \
  96 24 0.75 12 96 36 0.75 12 
1323589:  Double_t \
  -100 200 711.6 48 48 0.6 96 40 0.75 8  \
  96 16 0.75 8 96 40 0.75 8 
1323621:  Double_t \
  0 200 936.6 48 48 0.6 96 40 0.75 8  \
  96 16 0.75 8 96 40 0.75 8 
1324069:  Double_t \
  -100 200 536.6 48 48 0.6 36 96 12 0.75  \
  24 96 12 0.75 36 96 12 0.75 
1324101:  Double_t \
  -100 200 761.6 48 48 0.6 40 96 8 0.75  \
  16 96 8 0.75 40 96 8 0.75 
1324133:  Double_t \
  0 200 986.6 48 48 0.6 40 96 8 0.75  \
  16 96 8 0.75 40 96 8 0.75 
1324581:  Double_t \
  -100 200 586.6 48 48 0.6 96 36 0.75 12  \
  96 24 0.75 12 96 36 0.75 12 
1324613:  Double_t \
  -100 200 811.6 48 48 0.6 96 40 0.75 8  \
  96 16 0.75 8 96 40 0.75 8 
1325093:  Double_t \
  -100 200 636.6 48 48 0.6 36 96 12 0.75  \
  24 96 12 0.75 36 96 12 0.75 
1325125:  Double_t \
  -100 200 861.6 48 48 0.6 40 96 8 0.75  \
  16 96 8 0.75 40 96 8 0.75 
1450533:  Double_t \
  -60 -120 486.6 28.5 28.5 0.6 57 12 0.75 6  \
  57 33 0.75 5.5 57 12 0.75 6 
1450565:  Double_t \
  -60 -120 711.6 28.5 28.5 0.6 57 12 0.75 6  \
  57 33 0.75 5.5 57 12 0.75 6 
1451045:  Double_t \
  -60 -120 536.6 28.5 28.5 0.6 12 57 6 0.75  \
  33 57 5.5 0.75 12 57 6 0.75 
1451077:  Double_t \
  -60 -120 761.6 28.5 28.5 0.6 12 57 6 0.75  \
  33 57 5.5 0.75 12 57 6 0.75 
1451557:  Double_t \
  -60 -120 586.6 28.5 28.5 0.6 57 12 0.75 6  \
  57 33 0.75 5.5 57 12 0.75 6 
1451589:  Double_t \
  -60 -120 811.6 28.5 28.5 0.6 57 12 0.75 6  \
  57 33 0.75 5.5 57 12 0.75 6 
1452069:  Double_t \
  -60 -120 636.6 28.5 28.5 0.6 12 57 6 0.75  \
  33 57 5.5 0.75 12 57 6 0.75 
1452101:  Double_t \
  -60 -120 861.6 28.5 28.5 0.6 12 57 6 0.75  \
  33 57 5.5 0.75 12 57 6 0.75 
1454629:  Double_t \
  -100 -200 486.6 48 48 0.6 96 36 0.75 12  \
  96 24 0.75 12 96 36 0.75 12 
1454661:  Double_t \
  -100 -200 711.6 48 48 0.6 96 40 0.75 8  \
  96 16 0.75 8 96 40 0.75 8 
1454693:  Double_t \
  100 200 936.6 48 48 0.6 96 40 0.75 8  \
  96 16 0.75 8 96 40 0.75 8 
1455141:  Double_t \
  -100 -200 536.6 48 48 0.6 36 96 12 0.75  \
  24 96 12 0.75 36 96 12 0.75 
1455173:  Double_t \
  -100 -200 761.6 48 48 0.6 40 96 8 0.75  \
  16 96 8 0.75 40 96 8 0.75 
1455205:  Double_t \
  100 200 986.6 48 48 0.6 40 96 8 0.75  \
  16 96 8 0.75 40 96 8 0.75 
1455653:  Double_t \
  -100 -200 586.6 48 48 0.6 96 36 0.75 12  \
  96 24 0.75 12 96 36 0.75 12 
1455685:  Double_t \
  -100 -200 811.6 48 48 0.6 96 40 0.75 8  \
  96 16 0.75 8 96 40 0.75 8 
1456165:  Double_t \
  -100 -200 636.6 48 48 0.6 36 96 12 0.75  \
  24 96 12 0.75 36 96 12 0.75 
1456197:  Double_t \
  -100 -200 861.6 48 48 0.6 40 96 8 0.75  \
  16 96 8 0.75 40 96 8 0.75 
1581605:  Double_t \
  60 -120 486.6 28.5 28.5 0.6 57 12 0.75 6  \
  57 33 0.75 5.5 57 12 0.75 6 
1581637:  Double_t \
  60 -120 711.6 28.5 28.5 0.6 57 12 0.75 6  \
  57 33 0.75 5.5 57 12 0.75 6 
1582117:  Double_t \
  60 -120 536.6 28.5 28.5 0.6 12 57 6 0.75  \
  33 57 5.5 0.75 12 57 6 0.75 
1582149:  Double_t \
  60 -120 761.6 28.5 28.5 0.6 12 57 6 0.75  \
  33 57 5.5 0.75 12 57 6 0.75 
1582629:  Double_t \
  60 -120 586.6 28.5 28.5 0.6 57 12 0.75 6  \
  57 33 0.75 5.5 57 12 0.75 6 
1582661:  Double_t \
  60 -120 811.6 28.5 28.5 0.6 57 12 0.75 6  \
  57 33 0.75 5.5 57 12 0.75 6 
1583141:  Double_t \
  60 -120 636.6 28.5 28.5 0.6 12 57 6 0.75  \
  33 57 5.5 0.75 12 57 6 0.75 
1583173:  Double_t \
  60 -120 861.6 28.5 28.5 0.6 12 57 6 0.75  \
  33 57 5.5 0.75 12 57 6 0.75 
1585701:  Double_t \
  100 -200 486.6 48 48 0.6 96 36 0.75 12  \
  96 24 0.75 12 96 36 0.75 12 
1585733:  Double_t \
  100 -200 711.6 48 48 0.6 96 40 0.75 8  \
  96 16 0.75 8 96 40 0.75 8 
1585765:  Double_t \
  -200 100 936.6 48 48 0.6 96 40 0.75 8  \
  96 16 0.75 8 96 40 0.75 8 
1586213:  Double_t \
  100 -200 536.6 48 48 0.6 36 96 12 0.75  \
  24 96 12 0.75 36 96 12 0.75 
1586245:  Double_t \
  100 -200 761.6 48 48 0.6 40 96 8 0.75  \
  16 96 8 0.75 40 96 8 0.75 
1586277:  Double_t \
  -200 100 986.6 48 48 0.6 40 96 8 0.75  \
  16 96 8 0.75 40 96 8 0.75 
1586725:  Double_t \
  100 -200 586.6 48 48 0.6 96 36 0.75 12  \
  96 24 0.75 12 96 36 0.75 12 
1586757:  Double_t \
  100 -200 811.6 48 48 0.6 96 40 0.75 8  \
  96 16 0.75 8 96 40 0.75 8 
1587237:  Double_t \
  100 -200 636.6 48 48 0.6 36 96 12 0.75  \
  24 96 12 0.75 36 96 12 0.75 
1587269:  Double_t \
  100 -200 861.6 48 48 0.6 40 96 8 0.75  \
  16 96 8 0.75 40 96 8 0.75 
1712677:  Double_t \
  120 120 486.6 28.5 28.5 0.6 57 19 0.75 9.5  \
  57 19 0.75 9.5 57 19 0.75 9.5 
1712709:  Double_t \
  120 120 711.6 28.5 28.5 0.6 57 19 0.75 9.5  \
  57 19 0.75 9.5 57 19 0.75 9.5 
1713189:  Double_t \
  120 120 536.6 28.5 28.5 0.6 19 57 9.5 0.75  \
  19 57 9.5 0.75 19 57 9.5 0.75 
1713221:  Double_t \
  120 120 761.6 28.5 28.5 0.6 19 57 9.5 0.75  \
  19 57 9.5 0.75 19 57 9.5 0.75 
1713701:  Double_t \
  120 120 586.6 28.5 28.5 0.6 57 19 0.75 9.5  \
  57 19 0.75 9.5 57 19 0.75 9.5 
1713733:  Double_t \
  120 120 811.6 28.5 28.5 0.6 57 19 0.75 9.5  \
  57 19 0.75 9.5 57 19 0.75 9.5 
1714213:  Double_t \
  120 120 636.6 28.5 28.5 0.6 19 57 9.5 0.75  \
  19 57 9.5 0.75 19 57 9.5 0.75 
1714245:  Double_t \
  120 120 861.6 28.5 28.5 0.6 19 57 9.5 0.75  \
  19 57 9.5 0.75 19 57 9.5 0.75 
1716773:  Double_t \
  200 200 486.6 48 48 0.6 96 32 0.75 16  \
  96 32 0.75 16 96 32 0.75 16 
1716805:  Double_t \
  200 200 711.6 48 48 0.6 96 32 0.75 16  \
  96 32 0.75 16 96 32 0.75 16 
1716837:  Double_t \
  200 100 936.6 48 48 0.6 96 40 0.75 8  \
  96 16 0.75 8 96 40 0.75 8 
1717285:  Double_t \
  200 200 536.6 48 48 0.6 32 96 16 0.75  \
  32 96 16 0.75 32 96 16 0.75 
1717317:  Double_t \
  200 200 761.6 48 48 0.6 32 96 16 0.75  \
  32 96 16 0.75 32 96 16 0.75 
1717349:  Double_t \
  200 100 986.6 48 48 0.6 40 96 8 0.75  \
  16 96 8 0.75 40 96 8 0.75 
1717797:  Double_t \
  200 200 586.6 48 48 0.6 96 32 0.75 16  \
  96 32 0.75 16 96 32 0.75 16 
1717829:  Double_t \
  200 200 811.6 48 48 0.6 96 32 0.75 16  \
  96 32 0.75 16 96 32 0.75 16 
1718309:  Double_t \
  200 200 636.6 48 48 0.6 32 96 16 0.75  \
  32 96 16 0.75 32 96 16 0.75 
1718341:  Double_t \
  200 200 861.6 48 48 0.6 32 96 16 0.75  \
  32 96 16 0.75 32 96 16 0.75 
1843749:  Double_t \
  -120 120 486.6 28.5 28.5 0.6 57 19 0.75 9.5  \
  57 19 0.75 9.5 57 19 0.75 9.5 
1843781:  Double_t \
  -120 120 711.6 28.5 28.5 0.6 57 19 0.75 9.5  \
  57 19 0.75 9.5 57 19 0.75 9.5 
1844261:  Double_t \
  -120 120 536.6 28.5 28.5 0.6 19 57 9.5 0.75  \
  19 57 9.5 0.75 19 57 9.5 0.75 
1844293:  Double_t \
  -120 120 761.6 28.5 28.5 0.6 19 57 9.5 0.75  \
  19 57 9.5 0.75 19 57 9.5 0.75 
1844773:  Double_t \
  -120 120 586.6 28.5 28.5 0.6 57 19 0.75 9.5  \
  57 19 0.75 9.5 57 19 0.75 9.5 
1844805:  Double_t \
  -120 120 811.6 28.5 28.5 0.6 57 19 0.75 9.5  \
  57 19 0.75 9.5 57 19 0.75 9.5 
1845285:  Double_t \
  -120 120 636.6 28.5 28.5 0.6 19 57 9.5 0.75  \
  19 57 9.5 0.75 19 57 9.5 0.75 
1845317:  Double_t \
  -120 120 861.6 28.5 28.5 0.6 19 57 9.5 0.75  \
  19 57 9.5 0.75 19 57 9.5 0.75 
1847845:  Double_t \
  200 -200 486.6 48 48 0.6 96 32 0.75 16  \
  96 32 0.75 16 96 32 0.75 16 
1847877:  Double_t \
  200 -200 711.6 48 48 0.6 96 32 0.75 16  \
  96 32 0.75 16 96 32 0.75 16 
1847909:  Double_t \
  -200 0 936.6 48 48 0.6 96 40 0.75 8  \
  96 16 0.75 8 96 40 0.75 8 
1848357:  Double_t \
  200 -200 536.6 48 48 0.6 32 96 16 0.75  \
  32 96 16 0.75 32 96 16 0.75 
1848389:  Double_t \
  200 -200 761.6 48 48 0.6 32 96 16 0.75  \
  32 96 16 0.75 32 96 16 0.75 
1848421:  Double_t \
  -200 0 986.6 48 48 0.6 40 96 8 0.75  \
  16 96 8 0.75 40 96 8 0.75 
1848869:  Double_t \
  200 -200 586.6 48 48 0.6 96 32 0.75 16  \
  96 32 0.75 16 96 32 0.75 16 
1848901:  Double_t \
  200 -200 811.6 48 48 0.6 96 32 0.75 16  \
  96 32 0.75 16 96 32 0.75 16 
1849381:  Double_t \
  200 -200 636.6 48 48 0.6 32 96 16 0.75  \
  32 96 16 0.75 32 96 16 0.75 
1849413:  Double_t \
  200 -200 861.6 48 48 0.6 32 96 16 0.75  \
  32 96 16 0.75 32 96 16 0.75 
1974821:  Double_t \
  -120 -120 486.6 28.5 28.5 0.6 57 19 0.75 9.5  \
  57 19 0.75 9.5 57 19 0.75 9.5 
1974853:  Double_t \
  -120 -120 711.6 28.5 28.5 0.6 57 19 0.75 9.5  \
  57 19 0.75 9.5 57 19 0.75 9.5 
1975333:  Double_t \
  -120 -120 536.6 28.5 28.5 0.6 19 57 9.5 0.75  \
  19 57 9.5 0.75 19 57 9.5 0.75 
1975365:  Double_t \
  -120 -120 761.6 28.5 28.5 0.6 19 57 9.5 0.75  \
  19 57 9.5 0.75 19 57 9.5 0.75 
1975845:  Double_t \
  -120 -120 586.6 28.5 28.5 0.6 57 19 0.75 9.5  \
  57 19 0.75 9.5 57 19 0.75 9.5 
1975877:  Double_t \
  -120 -120 811.6 28.5 28.5 0.6 57 19 0.75 9.5  \
  57 19 0.75 9.5 57 19 0.75 9.5 
1976357:  Double_t \
  -120 -120 636.6 28.5 28.5 0.6 19 57 9.5 0.75  \
  19 57 9.5 0.75 19 57 9.5 0.75 
1976389:  Double_t \
  -120 -120 861.6 28.5 28.5 0.6 19 57 9.5 0.75  \
  19 57 9.5 0.75 19 57 9.5 0.75 
1978917:  Double_t \
  -200 -200 486.6 48 48 0.6 96 32 0.75 16  \
  96 32 0.75 16 96 32 0.75 16 
1978949:  Double_t \
  -200 -200 711.6 48 48 0.6 96 32 0.75 16  \
  96 32 0.75 16 96 32 0.75 16 
1978981:  Double_t \
  200 0 936.6 48 48 0.6 96 40 0.75 8  \
  96 16 0.75 8 96 40 0.75 8 
1979429:  Double_t \
  -200 -200 536.6 48 48 0.6 32 96 16 0.75  \
  32 96 16 0.75 32 96 16 0.75 
1979461:  Double_t \
  -200 -200 761.6 48 48 0.6 32 96 16 0.75  \
  32 96 16 0.75 32 96 16 0.75 
1979493:  Double_t \
  200 0 986.6 48 48 0.6 40 96 8 0.75  \
  16 96 8 0.75 40 96 8 0.75 
1979941:  Double_t \
  -200 -200 586.6 48 48 0.6 96 32 0.75 16  \
  96 32 0.75 16 96 32 0.75 16 
1979973:  Double_t \
  -200 -200 811.6 48 48 0.6 96 32 0.75 16  \
  96 32 0.75 16 96 32 0.75 16 
1980453:  Double_t \
  -200 -200 636.6 48 48 0.6 32 96 16 0.75  \
  32 96 16 0.75 32 96 16 0.75 
1980485:  Double_t \
  -200 -200 861.6 48 48 0.6 32 96 16 0.75  \
  32 96 16 0.75 32 96 16 0.75 
2105893:  Double_t \
  120 -120 486.6 28.5 28.5 0.6 57 19 0.75 9.5  \
  57 19 0.75 9.5 57 19 0.75 9.5 
2105925:  Double_t \
  120 -120 711.6 28.5 28.5 0.6 57 19 0.75 9.5  \
  57 19 0.75 9.5 57 19 0.75 9.5 
2106405:  Double_t \
  120 -120 536.6 28.5 28.5 0.6 19 57 9.5 0.75  \
  19 57 9.5 0.75 19 57 9.5 0.75 
2106437:  Double_t \
  120 -120 761.6 28.5 28.5 0.6 19 57 9.5 0.75  \
  19 57 9.5 0.75 19 57 9.5 0.75 
2106917:  Double_t \
  120 -120 586.6 28.5 28.5 0.6 57 19 0.75 9.5  \
  57 19 0.75 9.5 57 19 0.75 9.5 
2106949:  Double_t \
  120 -120 811.6 28.5 28.5 0.6 57 19 0.75 9.5  \
  57 19 0.75 9.5 57 19 0.75 9.5 
2107429:  Double_t \
  120 -120 636.6 28.5 28.5 0.6 19 57 9.5 0.75  \
  19 57 9.5 0.75 19 57 9.5 0.75 
2107461:  Double_t \
  120 -120 861.6 28.5 28.5 0.6 19 57 9.5 0.75  \
  19 57 9.5 0.75 19 57 9.5 0.75 
2109989:  Double_t \
  -200 200 486.6 48 48 0.6 96 32 0.75 16  \
  96 32 0.75 16 96 32 0.75 16 
2110021:  Double_t \
  -200 200 711.6 48 48 0.6 96 32 0.75 16  \
  96 32 0.75 16 96 32 0.75 16 
2110053:  Double_t \
  -200 -100 936.6 48 48 0.6 96 40 0.75 8  \
  96 16 0.75 8 96 40 0.75 8 
2110501:  Double_t \
  -200 200 536.6 48 48 0.6 32 96 16 0.75  \
  32 96 16 0.75 32 96 16 0.75 
2110533:  Double_t \
  -200 200 761.6 48 48 0.6 32 96 16 0.75  \
  32 96 16 0.75 32 96 16 0.75 
2110565:  Double_t \
  -200 -100 986.6 48 48 0.6 40 96 8 0.75  \
  16 96 8 0.75 40 96 8 0.75 
2111013:  Double_t \
  -200 200 586.6 48 48 0.6 96 32 0.75 16  \
  96 32 0.75 16 96 32 0.75 16 
2111045:  Double_t \
  -200 200 811.6 48 48 0.6 96 32 0.75 16  \
  96 32 0.75 16 96 32 0.75 16 
2111525:  Double_t \
  -200 200 636.6 48 48 0.6 32 96 16 0.75  \
  32 96 16 0.75 32 96 16 0.75 
2111557:  Double_t \
  -200 200 861.6 48 48 0.6 32 96 16 0.75  \
  32 96 16 0.75 32 96 16 0.75 
2241061:  Double_t \
  300 200 486.6 48 48 0.6 96 32 0.75 16  \
  96 32 0.75 16 96 32 0.75 16 
2241093:  Double_t \
  300 200 711.6 48 48 0.6 96 32 0.75 16  \
  96 32 0.75 16 96 32 0.75 16 
2241125:  Double_t \
  200 -100 936.6 48 48 0.6 96 40 0.75 8  \
  96 16 0.75 8 96 40 0.75 8 
2241573:  Double_t \
  300 200 536.6 48 48 0.6 32 96 16 0.75  \
  32 96 16 0.75 32 96 16 0.75 
2241605:  Double_t \
  300 200 761.6 48 48 0.6 32 96 16 0.75  \
  32 96 16 0.75 32 96 16 0.75 
2241637:  Double_t \
  200 -100 986.6 48 48 0.6 40 96 8 0.75  \
  16 96 8 0.75 40 96 8 0.75 
2242085:  Double_t \
  300 200 586.6 48 48 0.6 96 32 0.75 16  \
  96 32 0.75 16 96 32 0.75 16 
2242117:  Double_t \
  300 200 811.6 48 48 0.6 96 32 0.75 16  \
  96 32 0.75 16 96 32 0.75 16 
2242597:  Double_t \
  300 200 636.6 48 48 0.6 32 96 16 0.75  \
  32 96 16 0.75 32 96 16 0.75 
2242629:  Double_t \
  300 200 861.6 48 48 0.6 32 96 16 0.75  \
  32 96 16 0.75 32 96 16 0.75 
2372133:  Double_t \
  300 100 486.6 48 48 0.6 96 32 0.75 16  \
  96 32 0.75 16 96 32 0.75 16 
2372165:  Double_t \
  300 100 711.6 48 48 0.6 96 32 0.75 16  \
  96 32 0.75 16 96 32 0.75 16 
2372197:  Double_t \
  -100 -200 936.6 48 48 0.6 96 40 0.75 8  \
  96 16 0.75 8 96 40 0.75 8 
2372645:  Double_t \
  300 100 536.6 48 48 0.6 32 96 16 0.75  \
  32 96 16 0.75 32 96 16 0.75 
2372677:  Double_t \
  300 100 761.6 48 48 0.6 32 96 16 0.75  \
  32 96 16 0.75 32 96 16 0.75 
2372709:  Double_t \
  -100 -200 986.6 48 48 0.6 40 96 8 0.75  \
  16 96 8 0.75 40 96 8 0.75 
2373157:  Double_t \
  300 100 586.6 48 48 0.6 96 32 0.75 16  \
  96 32 0.75 16 96 32 0.75 16 
2373189:  Double_t \
  300 100 811.6 48 48 0.6 96 32 0.75 16  \
  96 32 0.75 16 96 32 0.75 16 
2373669:  Double_t \
  300 100 636.6 48 48 0.6 32 96 16 0.75  \
  32 96 16 0.75 32 96 16 0.75 
2373701:  Double_t \
  300 100 861.6 48 48 0.6 32 96 16 0.75  \
  32 96 16 0.75 32 96 16 0.75 
2503205:  Double_t \
  300 0 486.6 48 48 0.6 96 32 0.75 16  \
  96 32 0.75 16 96 32 0.75 16 
2503237:  Double_t \
  300 0 711.6 48 48 0.6 96 32 0.75 16  \
  96 32 0.75 16 96 32 0.75 16 
2503269:  Double_t \
  0 -200 936.6 48 48 0.6 96 40 0.75 8  \
  96 16 0.75 8 96 40 0.75 8 
2503717:  Double_t \
  300 0 536.6 48 48 0.6 32 96 16 0.75  \
  32 96 16 0.75 32 96 16 0.75 
2503749:  Double_t \
  300 0 761.6 48 48 0.6 32 96 16 0.75  \
  32 96 16 0.75 32 96 16 0.75 
2503781:  Double_t \
  0 -200 986.6 48 48 0.6 40 96 8 0.75  \
  16 96 8 0.75 40 96 8 0.75 
2504229:  Double_t \
  300 0 586.6 48 48 0.6 96 32 0.75 16  \
  96 32 0.75 16 96 32 0.75 16 
2504261:  Double_t \
  300 0 811.6 48 48 0.6 96 32 0.75 16  \
  96 32 0.75 16 96 32 0.75 16 
2504741:  Double_t \
  300 0 636.6 48 48 0.6 32 96 16 0.75  \
  32 96 16 0.75 32 96 16 0.75 
2504773:  Double_t \
  300 0 861.6 48 48 0.6 32 96 16 0.75  \
  32 96 16 0.75 32 96 16 0.75 
2634277:  Double_t \
  300 -100 486.6 48 48 0.6 96 32 0.75 16  \
  96 32 0.75 16 96 32 0.75 16 
2634309:  Double_t \
  300 -100 711.6 48 48 0.6 96 32 0.75 16  \
  96 32 0.75 16 96 32 0.75 16 
2634341:  Double_t \
  100 -200 936.6 48 48 0.6 96 40 0.75 8  \
  96 16 0.75 8 96 40 0.75 8 
2634789:  Double_t \
  300 -100 536.6 48 48 0.6 32 96 16 0.75  \
  32 96 16 0.75 32 96 16 0.75 
2634821:  Double_t \
  300 -100 761.6 48 48 0.6 32 96 16 0.75  \
  32 96 16 0.75 32 96 16 0.75 
2634853:  Double_t \
  100 -200 986.6 48 48 0.6 40 96 8 0.75  \
  16 96 8 0.75 40 96 8 0.75 
2635301:  Double_t \
  300 -100 586.6 48 48 0.6 96 32 0.75 16  \
  96 32 0.75 16 96 32 0.75 16 
2635333:  Double_t \
  300 -100 811.6 48 48 0.6 96 32 0.75 16  \
  96 32 0.75 16 96 32 0.75 16 
2635813:  Double_t \
  300 -100 636.6 48 48 0.6 32 96 16 0.75  \
  32 96 16 0.75 32 96 16 0.75 
2635845:  Double_t \
  300 -100 861.6 48 48 0.6 32 96 16 0.75  \
  32 96 16 0.75 32 96 16 0.75 
2765349:  Double_t \
  300 -200 486.6 48 48 0.6 96 32 0.75 16  \
  96 32 0.75 16 96 32 0.75 16 
2765381:  Double_t \
  300 -200 711.6 48 48 0.6 96 32 0.75 16  \
  96 32 0.75 16 96 32 0.75 16 
2765413:  Double_t \
  -200 300 936.6 48 48 0.6 96 36 0.75 12  \
  96 24 0.75 12 96 36 0.75 12 
2765861:  Double_t \
  300 -200 536.6 48 48 0.6 32 96 16 0.75  \
  32 96 16 0.75 32 96 16 0.75 
2765893:  Double_t \
  300 -200 761.6 48 48 0.6 32 96 16 0.75  \
  32 96 16 0.75 32 96 16 0.75 
2765925:  Double_t \
  -200 300 986.6 48 48 0.6 36 96 12 0.75  \
  24 96 12 0.75 36 96 12 0.75 
2766373:  Double_t \
  300 -200 586.6 48 48 0.6 96 32 0.75 16  \
  96 32 0.75 16 96 32 0.75 16 
2766405:  Double_t \
  300 -200 811.6 48 48 0.6 96 32 0.75 16  \
  96 32 0.75 16 96 32 0.75 16 
2766885:  Double_t \
  300 -200 636.6 48 48 0.6 32 96 16 0.75  \
  32 96 16 0.75 32 96 16 0.75 
2766917:  Double_t \
  300 -200 861.6 48 48 0.6 32 96 16 0.75  \
  32 96 16 0.75 32 96 16 0.75 
2896421:  Double_t \
  -300 -200 486.6 48 48 0.6 96 32 0.75 16  \
  96 32 0.75 16 96 32 0.75 16 
2896453:  Double_t \
  -300 -200 711.6 48 48 0.6 96 32 0.75 16  \
  96 32 0.75 16 96 32 0.75 16 
2896485:  Double_t \
  -100 300 936.6 48 48 0.6 96 36 0.75 12  \
  96 24 0.75 12 96 36 0.75 12 
2896933:  Double_t \
  -300 -200 536.6 48 48 0.6 32 96 16 0.75  \
  32 96 16 0.75 32 96 16 0.75 
2896965:  Double_t \
  -300 -200 761.6 48 48 0.6 32 96 16 0.75  \
  32 96 16 0.75 32 96 16 0.75 
2896997:  Double_t \
  -100 300 986.6 48 48 0.6 36 96 12 0.75  \
  24 96 12 0.75 36 96 12 0.75 
2897445:  Double_t \
  -300 -200 586.6 48 48 0.6 96 32 0.75 16  \
  96 32 0.75 16 96 32 0.75 16 
2897477:  Double_t \
  -300 -200 811.6 48 48 0.6 96 32 0.75 16  \
  96 32 0.75 16 96 32 0.75 16 
2897957:  Double_t \
  -300 -200 636.6 48 48 0.6 32 96 16 0.75  \
  32 96 16 0.75 32 96 16 0.75 
2897989:  Double_t \
  -300 -200 861.6 48 48 0.6 32 96 16 0.75  \
  32 96 16 0.75 32 96 16 0.75 
3027493:  Double_t \
  -300 -100 486.6 48 48 0.6 96 32 0.75 16  \
  96 32 0.75 16 96 32 0.75 16 
3027525:  Double_t \
  -300 -100 711.6 48 48 0.6 96 32 0.75 16  \
  96 32 0.75 16 96 32 0.75 16 
3027557:  Double_t \
  0 300 936.6 48 48 0.6 96 36 0.75 12  \
  96 24 0.75 12 96 36 0.75 12 
3028005:  Double_t \
  -300 -100 536.6 48 48 0.6 32 96 16 0.75  \
  32 96 16 0.75 32 96 16 0.75 
3028037:  Double_t \
  -300 -100 761.6 48 48 0.6 32 96 16 0.75  \
  32 96 16 0.75 32 96 16 0.75 
3028069:  Double_t \
  0 300 986.6 48 48 0.6 36 96 12 0.75  \
  24 96 12 0.75 36 96 12 0.75 
3028517:  Double_t \
  -300 -100 586.6 48 48 0.6 96 32 0.75 16  \
  96 32 0.75 16 96 32 0.75 16 
3028549:  Double_t \
  -300 -100 811.6 48 48 0.6 96 32 0.75 16  \
  96 32 0.75 16 96 32 0.75 16 
3029029:  Double_t \
  -300 -100 636.6 48 48 0.6 32 96 16 0.75  \
  32 96 16 0.75 32 96 16 0.75 
3029061:  Double_t \
  -300 -100 861.6 48 48 0.6 32 96 16 0.75  \
  32 96 16 0.75 32 96 16 0.75 
3158565:  Double_t \
  -300 0 486.6 48 48 0.6 96 32 0.75 16  \
  96 32 0.75 16 96 32 0.75 16 
3158597:  Double_t \
  -300 0 711.6 48 48 0.6 96 32 0.75 16  \
  96 32 0.75 16 96 32 0.75 16 
3158629:  Double_t \
  100 300 936.6 48 48 0.6 96 36 0.75 12  \
  96 24 0.75 12 96 36 0.75 12 
3159077:  Double_t \
  -300 0 536.6 48 48 0.6 32 96 16 0.75  \
  32 96 16 0.75 32 96 16 0.75 
3159109:  Double_t \
  -300 0 761.6 48 48 0.6 32 96 16 0.75  \
  32 96 16 0.75 32 96 16 0.75 
3159141:  Double_t \
  100 300 986.6 48 48 0.6 36 96 12 0.75  \
  24 96 12 0.75 36 96 12 0.75 
3159589:  Double_t \
  -300 0 586.6 48 48 0.6 96 32 0.75 16  \
  96 32 0.75 16 96 32 0.75 16 
3159621:  Double_t \
  -300 0 811.6 48 48 0.6 96 32 0.75 16  \
  96 32 0.75 16 96 32 0.75 16 
3160101:  Double_t \
  -300 0 636.6 48 48 0.6 32 96 16 0.75  \
  32 96 16 0.75 32 96 16 0.75 
3160133:  Double_t \
  -300 0 861.6 48 48 0.6 32 96 16 0.75  \
  32 96 16 0.75 32 96 16 0.75 
3289637:  Double_t \
  -300 100 486.6 48 48 0.6 96 32 0.75 16  \
  96 32 0.75 16 96 32 0.75 16 
3289669:  Double_t \
  -300 100 711.6 48 48 0.6 96 32 0.75 16  \
  96 32 0.75 16 96 32 0.75 16 
3289701:  Double_t \
  200 300 936.6 48 48 0.6 96 36 0.75 12  \
  96 24 0.75 12 96 36 0.75 12 
3290149:  Double_t \
  -300 100 536.6 48 48 0.6 32 96 16 0.75  \
  32 96 16 0.75 32 96 16 0.75 
3290181:  Double_t \
  -300 100 761.6 48 48 0.6 32 96 16 0.75  \
  32 96 16 0.75 32 96 16 0.75 
3290213:  Double_t \
  200 300 986.6 48 48 0.6 36 96 12 0.75  \
  24 96 12 0.75 36 96 12 0.75 
3290661:  Double_t \
  -300 100 586.6 48 48 0.6 96 32 0.75 16  \
  96 32 0.75 16 96 32 0.75 16 
3290693:  Double_t \
  -300 100 811.6 48 48 0.6 96 32 0.75 16  \
  96 32 0.75 16 96 32 0.75 16 
3291173:  Double_t \
  -300 100 636.6 48 48 0.6 32 96 16 0.75  \
  32 96 16 0.75 32 96 16 0.75 
3291205:  Double_t \
  -300 100 861.6 48 48 0.6 32 96 16 0.75  \
  32 96 16 0.75 32 96 16 0.75 
3420709:  Double_t \
  -300 200 486.6 48 48 0.6 96 32 0.75 16  \
  96 32 0.75 16 96 32 0.75 16 
3420741:  Double_t \
  -300 200 711.6 48 48 0.6 96 32 0.75 16  \
  96 32 0.75 16 96 32 0.75 16 
3420773:  Double_t \
  -300 200 936.6 48 48 0.6 96 36 0.75 12  \
  96 24 0.75 12 96 36 0.75 12 
3421221:  Double_t \
  -300 200 536.6 48 48 0.6 32 96 16 0.75  \
  32 96 16 0.75 32 96 16 0.75 
3421253:  Double_t \
  -300 200 761.6 48 48 0.6 32 96 16 0.75  \
  32 96 16 0.75 32 96 16 0.75 
3421285:  Double_t \
  -300 200 986.6 48 48 0.6 36 96 12 0.75  \
  24 96 12 0.75 36 96 12 0.75 
3421733:  Double_t \
  -300 200 586.6 48 48 0.6 96 32 0.75 16  \
  96 32 0.75 16 96 32 0.75 16 
3421765:  Double_t \
  -300 200 811.6 48 48 0.6 96 32 0.75 16  \
  96 32 0.75 16 96 32 0.75 16 
3422245:  Double_t \
  -300 200 636.6 48 48 0.6 32 96 16 0.75  \
  32 96 16 0.75 32 96 16 0.75 
3422277:  Double_t \
  -300 200 861.6 48 48 0.6 32 96 16 0.75  \
  32 96 16 0.75 32 96 16 0.75 
3551813:  Double_t \
  400 200 711.6 48 48 0.6 96 32 0.75 16  \
  96 32 0.75 16 96 32 0.75 16 
3551845:  Double_t \
  -200 200 936.6 48 48 0.6 96 36 0.75 12  \
  96 24 0.75 12 96 36 0.75 12 
3552325:  Double_t \
  400 200 761.6 48 48 0.6 32 96 16 0.75  \
  32 96 16 0.75 32 96 16 0.75 
3552357:  Double_t \
  -200 200 986.6 48 48 0.6 36 96 12 0.75  \
  24 96 12 0.75 36 96 12 0.75 
3552837:  Double_t \
  400 200 811.6 48 48 0.6 96 32 0.75 16  \
  96 32 0.75 16 96 32 0.75 16 
3553349:  Double_t \
  400 200 861.6 48 48 0.6 32 96 16 0.75  \
  32 96 16 0.75 32 96 16 0.75 
3682885:  Double_t \
  400 100 711.6 48 48 0.6 96 32 0.75 16  \
  96 32 0.75 16 96 32 0.75 16 
3682917:  Double_t \
  200 200 936.6 48 48 0.6 96 36 0.75 12  \
  96 24 0.75 12 96 36 0.75 12 
3683397:  Double_t \
  400 100 761.6 48 48 0.6 32 96 16 0.75  \
  32 96 16 0.75 32 96 16 0.75 
3683429:  Double_t \
  200 200 986.6 48 48 0.6 36 96 12 0.75  \
  24 96 12 0.75 36 96 12 0.75 
3683909:  Double_t \
  400 100 811.6 48 48 0.6 96 32 0.75 16  \
  96 32 0.75 16 96 32 0.75 16 
3684421:  Double_t \
  400 100 861.6 48 48 0.6 32 96 16 0.75  \
  32 96 16 0.75 32 96 16 0.75 
3813957:  Double_t \
  400 0 711.6 48 48 0.6 96 32 0.75 16  \
  96 32 0.75 16 96 32 0.75 16 
3813989:  Double_t \
  300 200 936.6 48 48 0.6 96 36 0.75 12  \
  96 24 0.75 12 96 36 0.75 12 
3814469:  Double_t \
  400 0 761.6 48 48 0.6 32 96 16 0.75  \
  32 96 16 0.75 32 96 16 0.75 
3814501:  Double_t \
  300 200 986.6 48 48 0.6 36 96 12 0.75  \
  24 96 12 0.75 36 96 12 0.75 
3814981:  Double_t \
  400 0 811.6 48 48 0.6 96 32 0.75 16  \
  96 32 0.75 16 96 32 0.75 16 
3815493:  Double_t \
  400 0 861.6 48 48 0.6 32 96 16 0.75  \
  32 96 16 0.75 32 96 16 0.75 
3945029:  Double_t \
  400 -100 711.6 48 48 0.6 96 32 0.75 16  \
  96 32 0.75 16 96 32 0.75 16 
3945061:  Double_t \
  -300 100 936.6 48 48 0.6 96 36 0.75 12  \
  96 24 0.75 12 96 36 0.75 12 
3945541:  Double_t \
  400 -100 761.6 48 48 0.6 32 96 16 0.75  \
  32 96 16 0.75 32 96 16 0.75 
3945573:  Double_t \
  -300 100 986.6 48 48 0.6 36 96 12 0.75  \
  24 96 12 0.75 36 96 12 0.75 
3946053:  Double_t \
  400 -100 811.6 48 48 0.6 96 32 0.75 16  \
  96 32 0.75 16 96 32 0.75 16 
3946565:  Double_t \
  400 -100 861.6 48 48 0.6 32 96 16 0.75  \
  32 96 16 0.75 32 96 16 0.75 
4076101:  Double_t \
  400 -200 711.6 48 48 0.6 96 32 0.75 16  \
  96 32 0.75 16 96 32 0.75 16 
4076133:  Double_t \
  300 100 936.6 48 48 0.6 96 36 0.75 12  \
  96 24 0.75 12 96 36 0.75 12 
4076613:  Double_t \
  400 -200 761.6 48 48 0.6 32 96 16 0.75  \
  32 96 16 0.75 32 96 16 0.75 
4076645:  Double_t \
  300 100 986.6 48 48 0.6 36 96 12 0.75  \
  24 96 12 0.75 36 96 12 0.75 
4077125:  Double_t \
  400 -200 811.6 48 48 0.6 96 32 0.75 16  \
  96 32 0.75 16 96 32 0.75 16 
4077637:  Double_t \
  400 -200 861.6 48 48 0.6 32 96 16 0.75  \
  32 96 16 0.75 32 96 16 0.75 
4207173:  Double_t \
  -400 -200 711.6 48 48 0.6 96 32 0.75 16  \
  96 32 0.75 16 96 32 0.75 16 
4207205:  Double_t \
  -300 0 936.6 48 48 0.6 96 36 0.75 12  \
  96 24 0.75 12 96 36 0.75 12 
4207685:  Double_t \
  -400 -200 761.6 48 48 0.6 32 96 16 0.75  \
  32 96 16 0.75 32 96 16 0.75 
4207717:  Double_t \
  -300 0 986.6 48 48 0.6 36 96 12 0.75  \
  24 96 12 0.75 36 96 12 0.75 
4208197:  Double_t \
  -400 -200 811.6 48 48 0.6 96 32 0.75 16  \
  96 32 0.75 16 96 32 0.75 16 
4208709:  Double_t \
  -400 -200 861.6 48 48 0.6 32 96 16 0.75  \
  32 96 16 0.75 32 96 16 0.75 
4338245:  Double_t \
  -400 -100 711.6 48 48 0.6 96 32 0.75 16  \
  96 32 0.75 16 96 32 0.75 16 
4338277:  Double_t \
  300 0 936.6 48 48 0.6 96 36 0.75 12  \
  96 24 0.75 12 96 36 0.75 12 
4338757:  Double_t \
  -400 -100 761.6 48 48 0.6 32 96 16 0.75  \
  32 96 16 0.75 32 96 16 0.75 
4338789:  Double_t \
  300 0 986.6 48 48 0.6 36 96 12 0.75  \
  24 96 12 0.75 36 96 12 0.75 
4339269:  Double_t \
  -400 -100 811.6 48 48 0.6 96 32 0.75 16  \
  96 32 0.75 16 96 32 0.75 16 
4339781:  Double_t \
  -400 -100 861.6 48 48 0.6 32 96 16 0.75  \
  32 96 16 0.75 32 96 16 0.75 
4469317:  Double_t \
  -400 0 711.6 48 48 0.6 96 32 0.75 16  \
  96 32 0.75 16 96 32 0.75 16 
4469349:  Double_t \
  -300 -100 936.6 48 48 0.6 96 36 0.75 12  \
  96 24 0.75 12 96 36 0.75 12 
4469829:  Double_t \
  -400 0 761.6 48 48 0.6 32 96 16 0.75  \
  32 96 16 0.75 32 96 16 0.75 
4469861:  Double_t \
  -300 -100 986.6 48 48 0.6 36 96 12 0.75  \
  24 96 12 0.75 36 96 12 0.75 
4470341:  Double_t \
  -400 0 811.6 48 48 0.6 96 32 0.75 16  \
  96 32 0.75 16 96 32 0.75 16 
4470853:  Double_t \
  -400 0 861.6 48 48 0.6 32 96 16 0.75  \
  32 96 16 0.75 32 96 16 0.75 
4600389:  Double_t \
  -400 100 711.6 48 48 0.6 96 32 0.75 16  \
  96 32 0.75 16 96 32 0.75 16 
4600421:  Double_t \
  300 -100 936.6 48 48 0.6 96 36 0.75 12  \
  96 24 0.75 12 96 36 0.75 12 
4600901:  Double_t \
  -400 100 761.6 48 48 0.6 32 96 16 0.75  \
  32 96 16 0.75 32 96 16 0.75 
4600933:  Double_t \
  300 -100 986.6 48 48 0.6 36 96 12 0.75  \
  24 96 12 0.75 36 96 12 0.75 
4601413:  Double_t \
  -400 100 811.6 48 48 0.6 96 32 0.75 16  \
  96 32 0.75 16 96 32 0.75 16 
4601925:  Double_t \
  -400 100 861.6 48 48 0.6 32 96 16 0.75  \
  32 96 16 0.75 32 96 16 0.75 
4731461:  Double_t \
  -400 200 711.6 48 48 0.6 96 32 0.75 16  \
  96 32 0.75 16 96 32 0.75 16 
4731493:  Double_t \
  -300 -200 936.6 48 48 0.6 96 36 0.75 12  \
  96 24 0.75 12 96 36 0.75 12 
4731973:  Double_t \
  -400 200 761.6 48 48 0.6 32 96 16 0.75  \
  32 96 16 0.75 32 96 16 0.75 
4732005:  Double_t \
  -300 -200 986.6 48 48 0.6 36 96 12 0.75  \
  24 96 12 0.75 36 96 12 0.75 
4732485:  Double_t \
  -400 200 811.6 48 48 0.6 96 32 0.75 16  \
  96 32 0.75 16 96 32 0.75 16 
4732997:  Double_t \
  -400 200 861.6 48 48 0.6 32 96 16 0.75  \
  32 96 16 0.75 32 96 16 0.75 
4862533:  Double_t \
  400 300 711.6 48 48 0.6 96 32 0.75 16  \
  96 32 0.75 16 96 32 0.75 16 
4862565:  Double_t \
  -200 -200 936.6 48 48 0.6 96 36 0.75 12  \
  96 24 0.75 12 96 36 0.75 12 
4863045:  Double_t \
  400 300 761.6 48 48 0.6 32 96 16 0.75  \
  32 96 16 0.75 32 96 16 0.75 
4863077:  Double_t \
  -200 -200 986.6 48 48 0.6 36 96 12 0.75  \
  24 96 12 0.75 36 96 12 0.75 
4863557:  Double_t \
  400 300 811.6 48 48 0.6 96 32 0.75 16  \
  96 32 0.75 16 96 32 0.75 16 
4864069:  Double_t \
  400 300 861.6 48 48 0.6 32 96 16 0.75  \
  32 96 16 0.75 32 96 16 0.75 
4993605:  Double_t \
  400 -300 711.6 48 48 0.6 96 32 0.75 16  \
  96 32 0.75 16 96 32 0.75 16 
4993637:  Double_t \
  200 -200 936.6 48 48 0.6 96 36 0.75 12  \
  96 24 0.75 12 96 36 0.75 12 
4994117:  Double_t \
  400 -300 761.6 48 48 0.6 32 96 16 0.75  \
  32 96 16 0.75 32 96 16 0.75 
4994149:  Double_t \
  200 -200 986.6 48 48 0.6 36 96 12 0.75  \
  24 96 12 0.75 36 96 12 0.75 
4994629:  Double_t \
  400 -300 811.6 48 48 0.6 96 32 0.75 16  \
  96 32 0.75 16 96 32 0.75 16 
4995141:  Double_t \
  400 -300 861.6 48 48 0.6 32 96 16 0.75  \
  32 96 16 0.75 32 96 16 0.75 
5124677:  Double_t \
  300 300 711.6 48 48 0.6 96 32 0.75 16  \
  96 32 0.75 16 96 32 0.75 16 
5124709:  Double_t \
  300 -200 936.6 48 48 0.6 96 36 0.75 12  \
  96 24 0.75 12 96 36 0.75 12 
5125189:  Double_t \
  300 300 761.6 48 48 0.6 32 96 16 0.75  \
  32 96 16 0.75 32 96 16 0.75 
5125221:  Double_t \
  300 -200 986.6 48 48 0.6 36 96 12 0.75  \
  24 96 12 0.75 36 96 12 0.75 
5125701:  Double_t \
  300 300 811.6 48 48 0.6 96 32 0.75 16  \
  96 32 0.75 16 96 32 0.75 16 
5126213:  Double_t \
  300 300 861.6 48 48 0.6 32 96 16 0.75  \
  32 96 16 0.75 32 96 16 0.75 
5255749:  Double_t \
  300 -300 711.6 48 48 0.6 96 32 0.75 16  \
  96 32 0.75 16 96 32 0.75 16 
5255781:  Double_t \
  -200 -300 936.6 48 48 0.6 96 36 0.75 12  \
  96 24 0.75 12 96 36 0.75 12 
5256261:  Double_t \
  300 -300 761.6 48 48 0.6 32 96 16 0.75  \
  32 96 16 0.75 32 96 16 0.75 
5256293:  Double_t \
  -200 -300 986.6 48 48 0.6 36 96 12 0.75  \
  24 96 12 0.75 36 96 12 0.75 
5256773:  Double_t \
  300 -300 811.6 48 48 0.6 96 32 0.75 16  \
  96 32 0.75 16 96 32 0.75 16 
5257285:  Double_t \
  300 -300 861.6 48 48 0.6 32 96 16 0.75  \
  32 96 16 0.75 32 96 16 0.75 
5386821:  Double_t \
  200 300 711.6 48 48 0.6 96 32 0.75 16  \
  96 32 0.75 16 96 32 0.75 16 
5386853:  Double_t \
  -100 -300 936.6 48 48 0.6 96 36 0.75 12  \
  96 24 0.75 12 96 36 0.75 12 
5387333:  Double_t \
  200 300 761.6 48 48 0.6 32 96 16 0.75  \
  32 96 16 0.75 32 96 16 0.75 
5387365:  Double_t \
  -100 -300 986.6 48 48 0.6 36 96 12 0.75  \
  24 96 12 0.75 36 96 12 0.75 
5387845:  Double_t \
  200 300 811.6 48 48 0.6 96 32 0.75 16  \
  96 32 0.75 16 96 32 0.75 16 
5388357:  Double_t \
  200 300 861.6 48 48 0.6 32 96 16 0.75  \
  32 96 16 0.75 32 96 16 0.75 
5517893:  Double_t \
  200 -300 711.6 48 48 0.6 96 32 0.75 16  \
  96 32 0.75 16 96 32 0.75 16 
5517925:  Double_t \
  0 -300 936.6 48 48 0.6 96 36 0.75 12  \
  96 24 0.75 12 96 36 0.75 12 
5518405:  Double_t \
  200 -300 761.6 48 48 0.6 32 96 16 0.75  \
  32 96 16 0.75 32 96 16 0.75 
5518437:  Double_t \
  0 -300 986.6 48 48 0.6 36 96 12 0.75  \
  24 96 12 0.75 36 96 12 0.75 
5518917:  Double_t \
  200 -300 811.6 48 48 0.6 96 32 0.75 16  \
  96 32 0.75 16 96 32 0.75 16 
5519429:  Double_t \
  200 -300 861.6 48 48 0.6 32 96 16 0.75  \
  32 96 16 0.75 32 96 16 0.75 
5648965:  Double_t \
  100 300 711.6 48 48 0.6 96 32 0.75 16  \
  96 32 0.75 16 96 32 0.75 16 
5648997:  Double_t \
  100 -300 936.6 48 48 0.6 96 36 0.75 12  \
  96 24 0.75 12 96 36 0.75 12 
5649477:  Double_t \
  100 300 761.6 48 48 0.6 32 96 16 0.75  \
  32 96 16 0.75 32 96 16 0.75 
5649509:  Double_t \
  100 -300 986.6 48 48 0.6 36 96 12 0.75  \
  24 96 12 0.75 36 96 12 0.75 
5649989:  Double_t \
  100 300 811.6 48 48 0.6 96 32 0.75 16  \
  96 32 0.75 16 96 32 0.75 16 
5650501:  Double_t \
  100 300 861.6 48 48 0.6 32 96 16 0.75  \
  32 96 16 0.75 32 96 16 0.75 
5780037:  Double_t \
  100 -300 711.6 48 48 0.6 96 32 0.75 16  \
  96 32 0.75 16 96 32 0.75 16 
5780069:  Double_t \
  200 -300 936.6 48 48 0.6 96 36 0.75 12  \
  96 24 0.75 12 96 36 0.75 12 
5780549:  Double_t \
  100 -300 761.6 48 48 0.6 32 96 16 0.75  \
  32 96 16 0.75 32 96 16 0.75 
5780581:  Double_t \
  200 -300 986.6 48 48 0.6 36 96 12 0.75  \
  24 96 12 0.75 36 96 12 0.75 
5781061:  Double_t \
  100 -300 811.6 48 48 0.6 96 32 0.75 16  \
  96 32 0.75 16 96 32 0.75 16 
5781573:  Double_t \
  100 -300 861.6 48 48 0.6 32 96 16 0.75  \
  32 96 16 0.75 32 96 16 0.75 
5911109:  Double_t \
  0 300 711.6 48 48 0.6 96 32 0.75 16  \
  96 32 0.75 16 96 32 0.75 16 
5911141:  Double_t \
  -500 400 936.6 48 48 0.6 96 32 0.75 16  \
  96 32 0.75 16 96 32 0.75 16 
5911621:  Double_t \
  0 300 761.6 48 48 0.6 32 96 16 0.75  \
  32 96 16 0.75 32 96 16 0.75 
5911653:  Double_t \
  -500 400 986.6 48 48 0.6 32 96 16 0.75  \
  32 96 16 0.75 32 96 16 0.75 
5912133:  Double_t \
  0 300 811.6 48 48 0.6 96 32 0.75 16  \
  96 32 0.75 16 96 32 0.75 16 
5912645:  Double_t \
  0 300 861.6 48 48 0.6 32 96 16 0.75  \
  32 96 16 0.75 32 96 16 0.75 
6042181:  Double_t \
  -400 -300 711.6 48 48 0.6 96 32 0.75 16  \
  96 32 0.75 16 96 32 0.75 16 
6042213:  Double_t \
  -400 400 936.6 48 48 0.6 96 32 0.75 16  \
  96 32 0.75 16 96 32 0.75 16 
6042693:  Double_t \
  -400 -300 761.6 48 48 0.6 32 96 16 0.75  \
  32 96 16 0.75 32 96 16 0.75 
6042725:  Double_t \
  -400 400 986.6 48 48 0.6 32 96 16 0.75  \
  32 96 16 0.75 32 96 16 0.75 
6043205:  Double_t \
  -400 -300 811.6 48 48 0.6 96 32 0.75 16  \
  96 32 0.75 16 96 32 0.75 16 
6043717:  Double_t \
  -400 -300 861.6 48 48 0.6 32 96 16 0.75  \
  32 96 16 0.75 32 96 16 0.75 
6173253:  Double_t \
  -400 300 711.6 48 48 0.6 96 32 0.75 16  \
  96 32 0.75 16 96 32 0.75 16 
6173285:  Double_t \
  -300 400 936.6 48 48 0.6 96 32 0.75 16  \
  96 32 0.75 16 96 32 0.75 16 
6173765:  Double_t \
  -400 300 761.6 48 48 0.6 32 96 16 0.75  \
  32 96 16 0.75 32 96 16 0.75 
6173797:  Double_t \
  -300 400 986.6 48 48 0.6 32 96 16 0.75  \
  32 96 16 0.75 32 96 16 0.75 
6174277:  Double_t \
  -400 300 811.6 48 48 0.6 96 32 0.75 16  \
  96 32 0.75 16 96 32 0.75 16 
6174789:  Double_t \
  -400 300 861.6 48 48 0.6 32 96 16 0.75  \
  32 96 16 0.75 32 96 16 0.75 
6304325:  Double_t \
  -300 -300 711.6 48 48 0.6 96 32 0.75 16  \
  96 32 0.75 16 96 32 0.75 16 
6304357:  Double_t \
  -200 400 936.6 48 48 0.6 96 32 0.75 16  \
  96 32 0.75 16 96 32 0.75 16 
6304837:  Double_t \
  -300 -300 761.6 48 48 0.6 32 96 16 0.75  \
  32 96 16 0.75 32 96 16 0.75 
6304869:  Double_t \
  -200 400 986.6 48 48 0.6 32 96 16 0.75  \
  32 96 16 0.75 32 96 16 0.75 
6305349:  Double_t \
  -300 -300 811.6 48 48 0.6 96 32 0.75 16  \
  96 32 0.75 16 96 32 0.75 16 
6305861:  Double_t \
  -300 -300 861.6 48 48 0.6 32 96 16 0.75  \
  32 96 16 0.75 32 96 16 0.75 
6435397:  Double_t \
  -300 300 711.6 48 48 0.6 96 32 0.75 16  \
  96 32 0.75 16 96 32 0.75 16 
6435429:  Double_t \
  -100 400 936.6 48 48 0.6 96 32 0.75 16  \
  96 32 0.75 16 96 32 0.75 16 
6435909:  Double_t \
  -300 300 761.6 48 48 0.6 32 96 16 0.75  \
  32 96 16 0.75 32 96 16 0.75 
6435941:  Double_t \
  -100 400 986.6 48 48 0.6 32 96 16 0.75  \
  32 96 16 0.75 32 96 16 0.75 
6436421:  Double_t \
  -300 300 811.6 48 48 0.6 96 32 0.75 16  \
  96 32 0.75 16 96 32 0.75 16 
6436933:  Double_t \
  -300 300 861.6 48 48 0.6 32 96 16 0.75  \
  32 96 16 0.75 32 96 16 0.75 
6566469:  Double_t \
  -200 -300 711.6 48 48 0.6 96 32 0.75 16  \
  96 32 0.75 16 96 32 0.75 16 
6566501:  Double_t \
  0 400 936.6 48 48 0.6 96 32 0.75 16  \
  96 32 0.75 16 96 32 0.75 16 
6566981:  Double_t \
  -200 -300 761.6 48 48 0.6 32 96 16 0.75  \
  32 96 16 0.75 32 96 16 0.75 
6567013:  Double_t \
  0 400 986.6 48 48 0.6 32 96 16 0.75  \
  32 96 16 0.75 32 96 16 0.75 
6567493:  Double_t \
  -200 -300 811.6 48 48 0.6 96 32 0.75 16  \
  96 32 0.75 16 96 32 0.75 16 
6568005:  Double_t \
  -200 -300 861.6 48 48 0.6 32 96 16 0.75  \
  32 96 16 0.75 32 96 16 0.75 
6697541:  Double_t \
  -200 300 711.6 48 48 0.6 96 32 0.75 16  \
  96 32 0.75 16 96 32 0.75 16 
6697573:  Double_t \
  100 400 936.6 48 48 0.6 96 32 0.75 16  \
  96 32 0.75 16 96 32 0.75 16 
6698053:  Double_t \
  -200 300 761.6 48 48 0.6 32 96 16 0.75  \
  32 96 16 0.75 32 96 16 0.75 
6698085:  Double_t \
  100 400 986.6 48 48 0.6 32 96 16 0.75  \
  32 96 16 0.75 32 96 16 0.75 
6698565:  Double_t \
  -200 300 811.6 48 48 0.6 96 32 0.75 16  \
  96 32 0.75 16 96 32 0.75 16 
6699077:  Double_t \
  -200 300 861.6 48 48 0.6 32 96 16 0.75  \
  32 96 16 0.75 32 96 16 0.75 
6828613:  Double_t \
  -100 -300 711.6 48 48 0.6 96 32 0.75 16  \
  96 32 0.75 16 96 32 0.75 16 
6828645:  Double_t \
  200 400 936.6 48 48 0.6 96 32 0.75 16  \
  96 32 0.75 16 96 32 0.75 16 
6829125:  Double_t \
  -100 -300 761.6 48 48 0.6 32 96 16 0.75  \
  32 96 16 0.75 32 96 16 0.75 
6829157:  Double_t \
  200 400 986.6 48 48 0.6 32 96 16 0.75  \
  32 96 16 0.75 32 96 16 0.75 
6829637:  Double_t \
  -100 -300 811.6 48 48 0.6 96 32 0.75 16  \
  96 32 0.75 16 96 32 0.75 16 
6830149:  Double_t \
  -100 -300 861.6 48 48 0.6 32 96 16 0.75  \
  32 96 16 0.75 32 96 16 0.75 
6959685:  Double_t \
  -100 300 711.6 48 48 0.6 96 32 0.75 16  \
  96 32 0.75 16 96 32 0.75 16 
6959717:  Double_t \
  300 400 936.6 48 48 0.6 96 32 0.75 16  \
  96 32 0.75 16 96 32 0.75 16 
6960197:  Double_t \
  -100 300 761.6 48 48 0.6 32 96 16 0.75  \
  32 96 16 0.75 32 96 16 0.75 
6960229:  Double_t \
  300 400 986.6 48 48 0.6 32 96 16 0.75  \
  32 96 16 0.75 32 96 16 0.75 
6960709:  Double_t \
  -100 300 811.6 48 48 0.6 96 32 0.75 16  \
  96 32 0.75 16 96 32 0.75 16 
6961221:  Double_t \
  -100 300 861.6 48 48 0.6 32 96 16 0.75  \
  32 96 16 0.75 32 96 16 0.75 
7090757:  Double_t \
  0 -300 711.6 48 48 0.6 96 32 0.75 16  \
  96 32 0.75 16 96 32 0.75 16 
7090789:  Double_t \
  400 400 936.6 48 48 0.6 96 32 0.75 16  \
  96 32 0.75 16 96 32 0.75 16 
7091269:  Double_t \
  0 -300 761.6 48 48 0.6 32 96 16 0.75  \
  32 96 16 0.75 32 96 16 0.75 
7091301:  Double_t \
  400 400 986.6 48 48 0.6 32 96 16 0.75  \
  32 96 16 0.75 32 96 16 0.75 
7091781:  Double_t \
  0 -300 811.6 48 48 0.6 96 32 0.75 16  \
  96 32 0.75 16 96 32 0.75 16 
7092293:  Double_t \
  0 -300 861.6 48 48 0.6 32 96 16 0.75  \
  32 96 16 0.75 32 96 16 0.75 
7221861:  Double_t \
  500 400 936.6 48 48 0.6 96 32 0.75 16  \
  96 32 0.75 16 96 32 0.75 16 
7222373:  Double_t \
  500 400 986.6 48 48 0.6 32 96 16 0.75  \
  32 96 16 0.75 32 96 16 0.75 
7352933:  Double_t \
  -500 300 936.6 48 48 0.6 96 32 0.75 16  \
  96 32 0.75 16 96 32 0.75 16 
7353445:  Double_t \
  -500 300 986.6 48 48 0.6 32 96 16 0.75  \
  32 96 16 0.75 32 96 16 0.75 
7484005:  Double_t \
  -400 300 936.6 48 48 0.6 96 32 0.75 16  \
  96 32 0.75 16 96 32 0.75 16 
7484517:  Double_t \
  -400 300 986.6 48 48 0.6 32 96 16 0.75  \
  32 96 16 0.75 32 96 16 0.75 
7615077:  Double_t \
  -300 300 936.6 48 48 0.6 96 32 0.75 16  \
  96 32 0.75 16 96 32 0.75 16 
7615589:  Double_t \
  -300 300 986.6 48 48 0.6 32 96 16 0.75  \
  32 96 16 0.75 32 96 16 0.75 
7746149:  Double_t \
  300 300 936.6 48 48 0.6 96 32 0.75 16  \
  96 32 0.75 16 96 32 0.75 16 
7746661:  Double_t \
  300 300 986.6 48 48 0.6 32 96 16 0.75  \
  32 96 16 0.75 32 96 16 0.75 
7877221:  Double_t \
  400 300 936.6 48 48 0.6 96 32 0.75 16  \
  96 32 0.75 16 96 32 0.75 16 
7877733:  Double_t \
  400 300 986.6 48 48 0.6 32 96 16 0.75  \
  32 96 16 0.75 32 96 16 0.75 
8008293:  Double_t \
  500 300 936.6 48 48 0.6 96 32 0.75 16  \
  96 32 0.75 16 96 32 0.75 16 
8008805:  Double_t \
  500 300 986.6 48 48 0.6 32 96 16 0.75  \
  32 96 16 0.75 32 96 16 0.75 
8139365:  Double_t \
  -500 200 936.6 48 48 0.6 96 32 0.75 16  \
  96 32 0.75 16 96 32 0.75 16 
8139877:  Double_t \
  -500 200 986.6 48 48 0.6 32 96 16 0.75  \
  32 96 16 0.75 32 96 16 0.75 
8270437:  Double_t \
  -400 200 936.6 48 48 0.6 96 32 0.75 16  \
  96 32 0.75 16 96 32 0.75 16 
8270949:  Double_t \
  -400 200 986.6 48 48 0.6 32 96 16 0.75  \
  32 96 16 0.75 32 96 16 0.75 
8401509:  Double_t \
  400 200 936.6 48 48 0.6 96 32 0.75 16  \
  96 32 0.75 16 96 32 0.75 16 
8402021:  Double_t \
  400 200 986.6 48 48 0.6 32 96 16 0.75  \
  32 96 16 0.75 32 96 16 0.75 
8532581:  Double_t \
  500 200 936.6 48 48 0.6 96 32 0.75 16  \
  96 32 0.75 16 96 32 0.75 16 
8533093:  Double_t \
  500 200 986.6 48 48 0.6 32 96 16 0.75  \
  32 96 16 0.75 32 96 16 0.75 
8663653:  Double_t \
  -500 100 936.6 48 48 0.6 96 32 0.75 16  \
  96 32 0.75 16 96 32 0.75 16 
8664165:  Double_t \
  -500 100 986.6 48 48 0.6 32 96 16 0.75  \
  32 96 16 0.75 32 96 16 0.75 
8794725:  Double_t \
  -400 100 936.6 48 48 0.6 96 32 0.75 16  \
  96 32 0.75 16 96 32 0.75 16 
8795237:  Double_t \
  -400 100 986.6 48 48 0.6 32 96 16 0.75  \
  32 96 16 0.75 32 96 16 0.75 
8925797:  Double_t \
  400 100 936.6 48 48 0.6 96 32 0.75 16  \
  96 32 0.75 16 96 32 0.75 16 
8926309:  Double_t \
  400 100 986.6 48 48 0.6 32 96 16 0.75  \
  32 96 16 0.75 32 96 16 0.75 
9056869:  Double_t \
  500 100 936.6 48 48 0.6 96 32 0.75 16  \
  96 32 0.75 16 96 32 0.75 16 
9057381:  Double_t \
  500 100 986.6 48 48 0.6 32 96 16 0.75  \
  32 96 16 0.75 32 96 16 0.75 
9187941:  Double_t \
  -500 0 936.6 48 48 0.6 96 32 0.75 16  \
  96 32 0.75 16 96 32 0.75 16 
9188453:  Double_t \
  -500 0 986.6 48 48 0.6 32 96 16 0.75  \
  32 96 16 0.75 32 96 16 0.75 
9319013:  Double_t \
  -400 0 936.6 48 48 0.6 96 32 0.75 16  \
  96 32 0.75 16 96 32 0.75 16 
9319525:  Double_t \
  -400 0 986.6 48 48 0.6 32 96 16 0.75  \
  32 96 16 0.75 32 96 16 0.75 
9450085:  Double_t \
  400 0 936.6 48 48 0.6 96 32 0.75 16  \
  96 32 0.75 16 96 32 0.75 16 
9450597:  Double_t \
  400 0 986.6 48 48 0.6 32 96 16 0.75  \
  32 96 16 0.75 32 96 16 0.75 
9581157:  Double_t \
  500 0 936.6 48 48 0.6 96 32 0.75 16  \
  96 32 0.75 16 96 32 0.75 16 
9581669:  Double_t \
  500 0 986.6 48 48 0.6 32 96 16 0.75  \
  32 96 16 0.75 32 96 16 0.75 
9712229:  Double_t \
  -500 -100 936.6 48 48 0.6 96 32 0.75 16  \
  96 32 0.75 16 96 32 0.75 16 
9712741:  Double_t \
  -500 -100 986.6 48 48 0.6 32 96 16 0.75  \
  32 96 16 0.75 32 96 16 0.75 
9843301:  Double_t \
  -400 -100 936.6 48 48 0.6 96 32 0.75 16  \
  96 32 0.75 16 96 32 0.75 16 
9843813:  Double_t \
  -400 -100 986.6 48 48 0.6 32 96 16 0.75  \
  32 96 16 0.75 32 96 16 0.75 
9974373:  Double_t \
  400 -100 936.6 48 48 0.6 96 32 0.75 16  \
  96 32 0.75 16 96 32 0.75 16 
9974885:  Double_t \
  400 -100 986.6 48 48 0.6 32 96 16 0.75  \
  32 96 16 0.75 32 96 16 0.75 
10105445:  Double_t \
  500 -100 936.6 48 48 0.6 96 32 0.75 16  \
  96 32 0.75 16 96 32 0.75 16 
10105957:  Double_t \
  500 -100 986.6 48 48 0.6 32 96 16 0.75  \
  32 96 16 0.75 32 96 16 0.75 
10236517:  Double_t \
  -500 -200 936.6 48 48 0.6 96 32 0.75 16  \
  96 32 0.75 16 96 32 0.75 16 
10237029:  Double_t \
  -500 -200 986.6 48 48 0.6 32 96 16 0.75  \
  32 96 16 0.75 32 96 16 0.75 
10367589:  Double_t \
  -400 -200 936.6 48 48 0.6 96 32 0.75 16  \
  96 32 0.75 16 96 32 0.75 16 
10368101:  Double_t \
  -400 -200 986.6 48 48 0.6 32 96 16 0.75  \
  32 96 16 0.75 32 96 16 0.75 
10498661:  Double_t \
  400 -200 936.6 48 48 0.6 96 32 0.75 16  \
  96 32 0.75 16 96 32 0.75 16 
10499173:  Double_t \
  400 -200 986.6 48 48 0.6 32 96 16 0.75  \
  32 96 16 0.75 32 96 16 0.75 
10629733:  Double_t \
  500 -200 936.6 48 48 0.6 96 32 0.75 16  \
  96 32 0.75 16 96 32 0.75 16 
10630245:  Double_t \
  500 -200 986.6 48 48 0.6 32 96 16 0.75  \
  32 96 16 0.75 32 96 16 0.75 
10760805:  Double_t \
  -500 -300 936.6 48 48 0.6 96 32 0.75 16  \
  96 32 0.75 16 96 32 0.75 16 
10761317:  Double_t \
  -500 -300 986.6 48 48 0.6 32 96 16 0.75  \
  32 96 16 0.75 32 96 16 0.75 
10891877:  Double_t \
  -400 -300 936.6 48 48 0.6 96 32 0.75 16  \
  96 32 0.75 16 96 32 0.75 16 
10892389:  Double_t \
  -400 -300 986.6 48 48 0.6 32 96 16 0.75  \
  32 96 16 0.75 32 96 16 0.75 
11022949:  Double_t \
  -300 -300 936.6 48 48 0.6 96 32 0.75 16  \
  96 32 0.75 16 96 32 0.75 16 
11023461:  Double_t \
  -300 -300 986.6 48 48 0.6 32 96 16 0.75  \
  32 96 16 0.75 32 96 16 0.75 
11154021:  Double_t \
  300 -300 936.6 48 48 0.6 96 32 0.75 16  \
  96 32 0.75 16 96 32 0.75 16 
11154533:  Double_t \
  300 -300 986.6 48 48 0.6 32 96 16 0.75  \
  32 96 16 0.75 32 96 16 0.75 
11285093:  Double_t \
  400 -300 936.6 48 48 0.6 96 32 0.75 16  \
  96 32 0.75 16 96 32 0.75 16 
11285605:  Double_t \
  400 -300 986.6 48 48 0.6 32 96 16 0.75  \
  32 96 16 0.75 32 96 16 0.75 
11416165:  Double_t \
  500 -300 936.6 48 48 0.6 96 32 0.75 16  \
  96 32 0.75 16 96 32 0.75 16 
11416677:  Double_t \
  500 -300 986.6 48 48 0.6 32 96 16 0.75  \
  32 96 16 0.75 32 96 16 0.75 
11547237:  Double_t \
  -500 -400 936.6 48 48 0.6 96 32 0.75 16  \
  96 32 0.75 16 96 32 0.75 16 
11547749:  Double_t \
  -500 -400 986.6 48 48 0.6 32 96 16 0.75  \
  32 96 16 0.75 32 96 16 0.75 
11678309:  Double_t \
  -400 -400 936.6 48 48 0.6 96 32 0.75 16  \
  96 32 0.75 16 96 32 0.75 16 
11678821:  Double_t \
  -400 -400 986.6 48 48 0.6 32 96 16 0.75  \
  32 96 16 0.75 32 96 16 0.75 
11809381:  Double_t \
  -300 -400 936.6 48 48 0.6 96 32 0.75 16  \
  96 32 0.75 16 96 32 0.75 16 
11809893:  Double_t \
  -300 -400 986.6 48 48 0.6 32 96 16 0.75  \
  32 96 16 0.75 32 96 16 0.75 
11940453:  Double_t \
  -200 -400 936.6 48 48 0.6 96 32 0.75 16  \
  96 32 0.75 16 96 32 0.75 16 
11940965:  Double_t \
  -200 -400 986.6 48 48 0.6 32 96 16 0.75  \
  32 96 16 0.75 32 96 16 0.75 
12071525:  Double_t \
  -100 -400 936.6 48 48 0.6 96 32 0.75 16  \
  96 32 0.75 16 96 32 0.75 16 
12072037:  Double_t \
  -100 -400 986.6 48 48 0.6 32 96 16 0.75  \
  32 96 16 0.75 32 96 16 0.75 
12202597:  Double_t \
  0 -400 936.6 48 48 0.6 96 32 0.75 16  \
  96 32 0.75 16 96 32 0.75 16 
12203109:  Double_t \
  0 -400 986.6 48 48 0.6 32 96 16 0.75  \
  32 96 16 0.75 32 96 16 0.75 
12333669:  Double_t \
  100 -400 936.6 48 48 0.6 96 32 0.75 16  \
  96 32 0.75 16 96 32 0.75 16 
12334181:  Double_t \
  100 -400 986.6 48 48 0.6 32 96 16 0.75  \
  32 96 16 0.75 32 96 16 0.75 
12464741:  Double_t \
  200 -400 936.6 48 48 0.6 96 32 0.75 16  \
  96 32 0.75 16 96 32 0.75 16 
12465253:  Double_t \
  200 -400 986.6 48 48 0.6 32 96 16 0.75  \
  32 96 16 0.75 32 96 16 0.75 
12595813:  Double_t \
  300 -400 936.6 48 48 0.6 96 32 0.75 16  \
  96 32 0.75 16 96 32 0.75 16 
12596325:  Double_t \
  300 -400 986.6 48 48 0.6 32 96 16 0.75  \
  32 96 16 0.75 32 96 16 0.75 
12726885:  Double_t \
  400 -400 936.6 48 48 0.6 96 32 0.75 16  \
  96 32 0.75 16 96 32 0.75 16 
12727397:  Double_t \
  400 -400 986.6 48 48 0.6 32 96 16 0.75  \
  32 96 16 0.75 32 96 16 0.75 
12857957:  Double_t \
  500 -400 936.6 48 48 0.6 96 32 0.75 16  \
  96 32 0.75 16 96 32 0.75 16 
12858469:  Double_t \
  500 -400 986.6 48 48 0.6 32 96 16 0.75  \
  32 96 16 0.75 32 96 16 0.75 