#input normalization
1 0
1 0
1 0
1 0
1 0
1 0
#output normalization
1 0
#neurons weights
-0.341721
-0.10997
0.342569
-0.386703
-0.0520803
0.390575
-0.742863
0.610952
-21.3916
-2.30168
-1.94139
2.42038
-0.702903
-2.11035
0.764188
-3.47716
-2.02901
6.92443
-1.52307
#synapses weights
-0.64608
0.0607257
-0.287399
0.51391
0.15344
-0.314048
0.871758
1.04623
0.147424
-0.0489043
-1.99366
-0.982724
1.18343
2.04163
1.95544
1.82873
16.3399
3.60179
0.212297
-0.618749
-0.441311
-0.701401
1.08291
-0.0625312
-0.485625
-0.213001
0.713044
0.0605902
0.00575028
-0.865158
-1.04059
0.0119556
0.897086
1.40632
-1.63208
-0.592204
0.000536216
-0.484937
0.0558522
-1.781
-2.3913
-1.26596
0.317146
2.40032
1.51343
1.20783
-2.19585
0.113259
-0.727406
-0.65403
-0.444657
-0.494786
0.377297
0.474844
-2.19543
-2.0694
-0.0529843
-1.26108
-1.31427
-1.87816
0.293869
-0.847239
-0.773502
-0.265009
-0.349759
-0.78668
-0.584186
-1.45316
-1.27475
0.576698
-5.43542
-0.1164
-0.870368
-1.265
2.94633
0.668912
1.25144
-1.82884
0.544242
1.44831
-0.604848
2.30465
-0.292714
2.88074
