#input normalization
1 0
1 0
1 0
1 0
#output normalization
1 0
#neurons weights
0
0
0
0
0.787782
-0.955459
0.503043
-7.03641
-0.356201
0.793738
1.07747
0.769423
-87.9656
#synapses weights
-0.232556
-0.0495615
-0.0733922
0.135443
0.424295
-0.636871
-0.105409
-0.0645038
-0.00699893
-0.227649
0.186011
0.553644
0.235797
2.01868
3.65797
0.843979
0.161099
-0.475059
-0.158956
0.022717
-0.480713
0.179267
-0.257254
-0.125499
0.211604
0.448864
-1.26935
-1.08316
-0.0158925
-0.582924
0.0415571
0.50299
23.3244
22.9537
23.1794
23.1111
23.0128
23.3782
23.1224
23.2049
