#input normalization
1 0
1 0
1 0
1 0
1 0
1 0
#output normalization
1 0
#neurons weights
0
0
0
0
0
0
-34.9622
-34.8504
-34.8553
-33.6237
-35.0795
-34.8655
-33.565
-33.4002
-34.349
-34.9441
-34.9606
-34.673
-1.00007
#synapses weights
1.71124
6.27035
11.1379
10.4043
10.4583
-1.01509
1.83641
6.4309
11.2547
10.4443
10.4709
-0.986164
1.82757
6.55092
11.1932
10.1775
10.1457
-1.24689
1.87155
9.21089
11.3121
8.36671
7.95509
-2.63064
1.62667
6.47506
10.9266
9.74765
9.67325
-1.66568
1.82286
6.4055
11.2448
10.454
10.4864
-0.976745
2.14729
8.4795
11.6732
9.3617
9.0524
-1.78975
2.20636
8.7821
11.7291
9.18338
8.82136
-1.9331
2.15423
6.91231
11.6094
10.6333
10.6235
-0.754751
1.7351
6.27684
11.1755
10.464
10.5211
-0.96332
1.71353
6.25991
11.1506
10.4366
10.4946
-0.986746
1.94872
6.61847
11.3561
10.4572
10.4666
-0.948239
1.5717
1.3174
0.469464
-1.88057
-0.0517438
1.39593
-2.30375
-2.82693
0.0722915
1.68709
1.6613
0.743299
