#input normalization
1 0
1 0
1 0
1 0
1 0
1 0
1 0
#output normalization
1 0
#neurons weights
0
0
0
0
0
0
0
-46.9478
-46.6756
-47.1998
-46.8444
-46.9878
-46.9861
-46.9939
-46.9705
-47.2187
-47.077
-47.2484
-47.3669
-47.9139
-47.3188
-1.00112
#synapses weights
1.26023
1.8574
7.814
13.2734
16.3033
14.254
-3.3479
1.12562
1.74625
8.21031
13.6432
16.3552
13.7245
-3.58085
1.85536
1.09213
9.32856
15.9792
17.0521
12.0053
-4.53131
1.9018
1.81876
8.3671
14.1635
16.6356
13.3777
-3.59958
1.28427
1.95657
7.73314
13.1646
16.292
14.3989
-3.26977
1.27779
1.94567
7.73821
13.1724
16.2915
14.385
-3.27798
1.31381
1.99684
7.71583
13.1372
16.294
14.4472
-3.24108
1.25645
1.88715
7.77516
13.2248
16.2926
14.3038
-3.32429
1.70754
2.42385
7.41543
12.6864
16.1245
14.7249
-3.14845
2.00999
1.3419
8.8735
15.2381
16.8643
12.5314
-4.13685
1.737
2.46582
7.38381
12.6449
16.1211
14.7774
-3.12624
1.93593
2.59927
7.27885
12.5016
16.1142
14.9467
-3.05894
1.59991
2.76004
7.88666
12.8757
17.7268
13.3517
-4.47983
1.84112
2.47634
7.34051
12.5997
16.1341
14.8519
-3.1011
0.985998
0.237398
-2.657
-1.38162
1.11925
1.10967
1.15363
1.04582
1.71595
-2.09074
1.77976
1.98399
-4.922
1.85448
