#input normalization
1 0
1 0
1 0
1 0
1 0
#output normalization
1 0
#neurons weights
0
0
0
0
0
-55.6864
-55.6915
-56.1958
-56.4297
-55.7684
-55.743
-55.7853
-56.1651
-56.4379
-56.263
-0.998087
#synapses weights
2.45417
4.53433
19.2316
28.2346
8.88971
2.64597
3.16085
19.88
27.9326
7.19138
2.87253
2.85299
18.8067
27.8742
7.38528
2.76533
3.48694
17.398
28.9593
9.05805
2.85251
3.28706
19.8224
28.7747
7.38655
2.70166
3.28938
19.6231
28.8604
7.57705
2.92672
3.28137
19.9412
28.6447
7.29442
2.83298
2.94322
18.8153
27.9386
7.44489
2.78621
3.49872
17.3607
28.9809
9.09074
2.3863
3.46302
17.6915
28.9725
8.97982
0.682184
-1.00373
-0.916778
3.08763
-1.75816
-1.80064
-1.45854
-0.802406
3.1516
2.78412
