#input normalization
1 0
1 0
1 0
1 0
1 0
1 0
1 0
1 0
1 0
1 0
1 0
1 0
#output normalization
1 0
#neurons weights
0.146332
-0.113212
0.296948
0.137154
-0.331941
0.0465731
-0.0388953
-0.324246
0.344305
0.423266
0.161956
-0.182841
-3.52953
-0.305114
2.6407
-0.374667
1.14151
25.036
-1.79338
-0.125783
-0.908033
6.18768
0.204389
-1.08264
0.486087
#synapses weights
1.30655
-0.0223742
0.198456
0.583607
-0.069097
0.487724
1.60696
3.32518
2.4341
1.71744
0.425967
-0.546111
0.290455
-0.633107
-0.81239
-1.10444
-1.66755
-1.50461
-1.3542
-1.66183
-0.957411
-0.896463
-0.678999
-0.815247
-0.536334
1.72141
0.889315
1.93837
1.73498
0.734812
-0.645522
-2.05207
-2.10339
-1.50025
-0.912788
-0.234997
0.118346
-0.535856
-0.073132
-1.03444
-0.346715
0.470497
-0.0505287
-0.551706
-0.246738
-0.0218576
0.277287
0.268114
0.652458
-0.318714
-0.691827
0.0565287
-0.276239
-1.22714
-1.2298
-1.71986
-1.24954
-1.22737
-0.0392617
0.425549
-2.09121
-2.31468
-3.10509
-2.09766
0.20232
-1.39306
-4.8984
-4.17737
-7.60486
-8.98809
-6.02148
5.97081
0.393618
0.421872
0.50482
0.328071
0.497626
-0.0732306
-0.293029
0.0124955
-0.65597
-1.02265
-1.22596
-1.0657
1.07523
0.215606
-0.817373
-0.154167
-1.0127
-0.95529
-1.24806
-1.36997
-0.755914
-1.54752
-0.904228
-1.35912
0.0213797
-0.0854571
-0.674418
-0.303786
-0.22209
-0.402893
-0.964303
-0.713456
-0.795242
-0.943506
-0.643996
-0.754812
-2.08808
-2.86416
-3.23073
-1.71813
-1.10324
-2.85552
-2.7578
-2.82085
-0.896575
0.600674
2.3149
2.96675
-0.0794322
0.653276
0.862359
0.764764
1.52375
1.18918
0.802279
0.245883
0.272203
0.176705
-0.17105
-0.00514298
0.00926578
-0.23681
-0.287461
-1.29073
-1.47424
-0.772744
-0.640792
-1.00981
-0.543802
-0.756856
-0.265804
-0.700885
0.491579
0.151396
0.210675
0.528435
0.352045
-2.56204
1.82002
-0.658377
-0.560802
0.556362
-0.238082
0.873538
