#input normalization
1 0
1 0
1 0
1 0
1 0
1 0
#output normalization
1 0
#neurons weights
-0.212346
0.0257881
0.346222
0.220834
0.235419
-0.144333
1.56864
-1.05703
8.57308
1.88181
0.586616
-3.30294
5.24692
-1.76508
-24.059
-2.08731
-5.07325
3.07087
0.99912
#synapses weights
0.176497
1.55749
2.01526
1.20916
-0.904585
-0.119925
-0.0839308
-0.816987
-1.4599
-0.738845
-0.22578
-0.60867
-1.7007
-0.784483
-1.742
-2.89449
-6.20842
1.22654
0.665363
1.50864
0.534625
-0.768705
-0.503244
-0.195741
-0.143094
-0.553962
-0.18158
-0.535053
-0.166144
-0.281095
0.85826
0.803212
-0.16476
-0.0013739
-0.331358
-0.452008
0.0592525
1.42235
0.345463
-1.39645
-1.205
1.23956
-0.39993
-1.3445
-0.349361
0.705707
0.508826
-0.329752
3.04278
1.70151
3.11321
5.08972
17.2303
2.21274
1.25576
0.843274
0.710079
1.2728
0.164378
0.199221
-2.1889
-2.10063
2.70614
1.48024
1.03325
-1.26626
0.297831
1.33862
1.1115
-0.392261
-0.503365
0.473534
-1.246
0.750873
1.32768
0.511257
-0.529937
0.923379
-2.21462
-0.311316
2.64524
0.89348
3.71142
-0.491164
