#input normalization
1 0
1 0
1 0
1 0
1 0
1 0
1 0
#output normalization
1 0
#neurons weights
0.278525
0.384904
-0.244369
0.478134
0.243213
0.111093
-0.10664
0.477421
4.74357
-3.15522
-16.9029
0.272742
5.13542
-3.37679
-2.97542
3.39261
-6.29766
0.553831
0.886919
0.581237
#synapses weights
0.779214
1.59419
2.35145
1.1599
0.6611
-1.22165
-2.64613
0.861294
0.0181423
0.292629
-1.28121
-2.57358
-2.93899
0.0763087
1.46451
1.46254
1.80828
1.69472
1.91304
1.9954
-1.07124
0.910707
1.84284
1.67618
2.47395
5.0119
8.77339
1.38505
-0.874908
0.113049
0.570551
0.674188
0.762089
-1.79793
-0.919091
0.427528
-0.293157
0.237361
-0.138949
-0.206366
-0.628533
1.30283
-0.0459974
-0.26432
-1.00082
-0.22665
-0.356282
1.65726
0.498423
0.0442819
0.257257
-0.415945
-0.271857
0.0791219
-0.700172
-1.26597
-0.114715
0.515921
1.6511
0.663582
0.411999
-2.41641
-1.05599
-1.33107
-0.874912
-1.17152
0.67348
1.40787
2.01311
-0.294014
-0.380745
-0.190327
0.311749
-0.554209
-0.446385
-1.43699
-0.865695
0.50428
0.926945
0.693122
0.208573
0.19093
-0.486724
-0.169472
-2.50585
3.20661
3.00196
3.91002
3.18204
-4.0609
2.76535
3.27139
-2.21934
2.85152
1.74344
-0.122316
