##############################################################################
# Class:   CbmTrdDigiPar
# Context: TestDefaultContext
##############################################################################
[CbmTrdDigiPar]
//----------------------------------------------------------------------------
NrOfModules:  Int_t  400 
MaxSectors:  Int_t  3 
ModuleIdArray:  Int_t \
  135717 136229 136741 137253 139813 140325 140837 141349 143909 144421  \
  144933 145445 266789 267301 267813 268325 270885 271397 271909 272421  \
  274981 275493 276005 276517 397861 398373 398885 399397 401957 402469  \
  402981 403493 406053 406565 407077 407589 528933 529445 529957 530469  \
  533029 533541 534053 534565 537125 537637 538149 538661 660005 660517  \
  661029 661541 664101 664613 665125 665637 668197 668709 669221 669733  \
  791077 791589 792101 792613 795173 795685 796197 796709 799269 799781  \
  800293 800805 922149 922661 923173 923685 926245 926757 927269 927781  \
  930341 930853 931365 931877 1053221 1053733 1054245 1054757 1057317 1057829  \
  1058341 1058853 1061413 1061925 1062437 1062949 1188389 1188901 1189413 1189925  \
  1192485 1192997 1193509 1194021 1319461 1319973 1320485 1320997 1323557 1324069  \
  1324581 1325093 1450533 1451045 1451557 1452069 1454629 1455141 1455653 1456165  \
  1581605 1582117 1582629 1583141 1585701 1586213 1586725 1587237 1716773 1717285  \
  1717797 1718309 1847845 1848357 1848869 1849381 1978917 1979429 1979941 1980453  \
  2109989 2110501 2111013 2111525 2241061 2241573 2242085 2242597 2372133 2372645  \
  2373157 2373669 2503205 2503717 2504229 2504741 2634277 2634789 2635301 2635813  \
  2765349 2765861 2766373 2766885 2896421 2896933 2897445 2897957 3027493 3028005  \
  3028517 3029029 3158565 3159077 3159589 3160101 3289637 3290149 3290661 3291173  \
  3420709 3421221 3421733 3422245 3551781 3552293 3552805 3553317 3682853 3683365  \
  3683877 3684389 3813925 3814437 3814949 3815461 3944997 3945509 3946021 3946533  \
  4076069 4076581 4077093 4077605 4207141 4207653 4208165 4208677 4338213 4338725  \
  4339237 4339749 4469285 4469797 4470309 4470821 4600357 4600869 4601381 4601893  \
  4731429 4731941 4732453 4732965 4862501 4863013 4863525 4864037 4993573 4994085  \
  4994597 4995109 5124645 5125157 5125669 5126181 5255717 5256229 5256741 5257253  \
  5386789 5387301 5387813 5388325 5517861 5518373 5518885 5519397 5648933 5649445  \
  5649957 5650469 5780005 5780517 5781029 5781541 5911077 5911589 5912101 5912613  \
  6042149 6042661 6043173 6043685 6173221 6173733 6174245 6174757 6304293 6304805  \
  6305317 6305829 6435365 6435877 6436389 6436901 6566437 6566949 6567461 6567973  \
  6697509 6698021 6698533 6699045 6828581 6829093 6829605 6830117 6959653 6960165  \
  6960677 6961189 7090725 7091237 7091749 7092261 7221797 7222309 7222821 7223333  \
  7352869 7353381 7353893 7354405 7483941 7484453 7484965 7485477 7615013 7615525  \
  7616037 7616549 7746085 7746597 7747109 7747621 7877157 7877669 7878181 7878693  \
  8008229 8008741 8009253 8009765 8139301 8139813 8140325 8140837 8270373 8270885  \
  8271397 8271909 8401445 8401957 8402469 8402981 8532517 8533029 8533541 8534053  \
  8663589 8664101 8664613 8665125 8794661 8795173 8795685 8796197 8925733 8926245  \
  8926757 8927269 9056805 9057317 9057829 9058341 9187877 9188389 9188901 9189413  \
  9318949 9319461 9319973 9320485 9450021 9450533 9451045 9451557 9581093 9581605  \
  9582117 9582629 9712165 9712677 9713189 9713701 9843237 9843749 9844261 9844773  \
  9974309 9974821 9975333 9975845 10105381 10105893 10106405 10106917 10236453 10236965  \
  10237477 10237989 10367525 10368037 10368549 10369061 10498597 10499109 10499621 10500133 
135717:  Double_t \
  50 0 678.2 23 23 0.3 46 18 0.5 4.5  \
  46 10 0.5 5 46 18 0.5 4.5 
136229:  Double_t \
  50 0 693.2 23 23 0.3 18 46 4.5 0.5  \
  10 46 5 0.5 18 46 4.5 0.5 
136741:  Double_t \
  50 0 708.2 23 23 0.3 46 18 0.5 4.5  \
  46 10 0.5 5 46 18 0.5 4.5 
137253:  Double_t \
  50 0 723.2 23 23 0.3 18 46 4.5 0.5  \
  10 46 5 0.5 18 46 4.5 0.5 
139813:  Double_t \
  112.5 37.5 678.2 35.5 35.5 0.3 71 32 0.5 8  \
  71 7 0.5 7 71 32 0.5 8 
140325:  Double_t \
  112.5 37.5 693.2 35.5 35.5 0.3 32 71 8 0.5  \
  7 71 7 0.5 32 71 8 0.5 
140837:  Double_t \
  112.5 37.5 708.2 35.5 35.5 0.3 71 32 0.5 8  \
  71 7 0.5 7 71 32 0.5 8 
141349:  Double_t \
  112.5 37.5 723.2 35.5 35.5 0.3 32 71 8 0.5  \
  7 71 7 0.5 32 71 8 0.5 
143909:  Double_t \
  200 100 678.2 48 48 0.3 96 38 0.5 19  \
  96 20 0.5 20 96 38 0.5 19 
144421:  Double_t \
  200 100 693.2 48 48 0.3 38 96 19 0.5  \
  20 96 20 0.5 38 96 19 0.5 
144933:  Double_t \
  200 100 708.2 48 48 0.3 96 38 0.5 19  \
  96 20 0.5 20 96 38 0.5 19 
145445:  Double_t \
  200 100 723.2 48 48 0.3 38 96 19 0.5  \
  20 96 20 0.5 38 96 19 0.5 
266789:  Double_t \
  0 50 678.2 23 23 0.3 46 18 0.5 4.5  \
  46 10 0.5 5 46 18 0.5 4.5 
267301:  Double_t \
  0 50 693.2 23 23 0.3 18 46 4.5 0.5  \
  10 46 5 0.5 18 46 4.5 0.5 
267813:  Double_t \
  0 50 708.2 23 23 0.3 46 18 0.5 4.5  \
  46 10 0.5 5 46 18 0.5 4.5 
268325:  Double_t \
  0 50 723.2 23 23 0.3 18 46 4.5 0.5  \
  10 46 5 0.5 18 46 4.5 0.5 
270885:  Double_t \
  -112.5 37.5 678.2 35.5 35.5 0.3 71 32 0.5 8  \
  71 7 0.5 7 71 32 0.5 8 
271397:  Double_t \
  -112.5 37.5 693.2 35.5 35.5 0.3 32 71 8 0.5  \
  7 71 7 0.5 32 71 8 0.5 
271909:  Double_t \
  -112.5 37.5 708.2 35.5 35.5 0.3 71 32 0.5 8  \
  71 7 0.5 7 71 32 0.5 8 
272421:  Double_t \
  -112.5 37.5 723.2 35.5 35.5 0.3 32 71 8 0.5  \
  7 71 7 0.5 32 71 8 0.5 
274981:  Double_t \
  200 0 678.2 48 48 0.3 96 38 0.5 19  \
  96 20 0.5 20 96 38 0.5 19 
275493:  Double_t \
  200 0 693.2 48 48 0.3 38 96 19 0.5  \
  20 96 20 0.5 38 96 19 0.5 
276005:  Double_t \
  200 0 708.2 48 48 0.3 96 38 0.5 19  \
  96 20 0.5 20 96 38 0.5 19 
276517:  Double_t \
  200 0 723.2 48 48 0.3 38 96 19 0.5  \
  20 96 20 0.5 38 96 19 0.5 
397861:  Double_t \
  -50 0 678.2 23 23 0.3 46 18 0.5 4.5  \
  46 10 0.5 5 46 18 0.5 4.5 
398373:  Double_t \
  -50 0 693.2 23 23 0.3 18 46 4.5 0.5  \
  10 46 5 0.5 18 46 4.5 0.5 
398885:  Double_t \
  -50 0 708.2 23 23 0.3 46 18 0.5 4.5  \
  46 10 0.5 5 46 18 0.5 4.5 
399397:  Double_t \
  -50 0 723.2 23 23 0.3 18 46 4.5 0.5  \
  10 46 5 0.5 18 46 4.5 0.5 
401957:  Double_t \
  -112.5 -37.5 678.2 35.5 35.5 0.3 71 32 0.5 8  \
  71 7 0.5 7 71 32 0.5 8 
402469:  Double_t \
  -112.5 -37.5 693.2 35.5 35.5 0.3 32 71 8 0.5  \
  7 71 7 0.5 32 71 8 0.5 
402981:  Double_t \
  -112.5 -37.5 708.2 35.5 35.5 0.3 71 32 0.5 8  \
  71 7 0.5 7 71 32 0.5 8 
403493:  Double_t \
  -112.5 -37.5 723.2 35.5 35.5 0.3 32 71 8 0.5  \
  7 71 7 0.5 32 71 8 0.5 
406053:  Double_t \
  200 -100 678.2 48 48 0.3 96 38 0.5 19  \
  96 20 0.5 20 96 38 0.5 19 
406565:  Double_t \
  200 -100 693.2 48 48 0.3 38 96 19 0.5  \
  20 96 20 0.5 38 96 19 0.5 
407077:  Double_t \
  200 -100 708.2 48 48 0.3 96 38 0.5 19  \
  96 20 0.5 20 96 38 0.5 19 
407589:  Double_t \
  200 -100 723.2 48 48 0.3 38 96 19 0.5  \
  20 96 20 0.5 38 96 19 0.5 
528933:  Double_t \
  0 -50 678.2 23 23 0.3 46 18 0.5 4.5  \
  46 10 0.5 5 46 18 0.5 4.5 
529445:  Double_t \
  0 -50 693.2 23 23 0.3 18 46 4.5 0.5  \
  10 46 5 0.5 18 46 4.5 0.5 
529957:  Double_t \
  0 -50 708.2 23 23 0.3 46 18 0.5 4.5  \
  46 10 0.5 5 46 18 0.5 4.5 
530469:  Double_t \
  0 -50 723.2 23 23 0.3 18 46 4.5 0.5  \
  10 46 5 0.5 18 46 4.5 0.5 
533029:  Double_t \
  112.5 -37.5 678.2 35.5 35.5 0.3 71 32 0.5 8  \
  71 7 0.5 7 71 32 0.5 8 
533541:  Double_t \
  112.5 -37.5 693.2 35.5 35.5 0.3 32 71 8 0.5  \
  7 71 7 0.5 32 71 8 0.5 
534053:  Double_t \
  112.5 -37.5 708.2 35.5 35.5 0.3 71 32 0.5 8  \
  71 7 0.5 7 71 32 0.5 8 
534565:  Double_t \
  112.5 -37.5 723.2 35.5 35.5 0.3 32 71 8 0.5  \
  7 71 7 0.5 32 71 8 0.5 
537125:  Double_t \
  -200 -100 678.2 48 48 0.3 96 38 0.5 19  \
  96 20 0.5 20 96 38 0.5 19 
537637:  Double_t \
  -200 -100 693.2 48 48 0.3 38 96 19 0.5  \
  20 96 20 0.5 38 96 19 0.5 
538149:  Double_t \
  -200 -100 708.2 48 48 0.3 96 38 0.5 19  \
  96 20 0.5 20 96 38 0.5 19 
538661:  Double_t \
  -200 -100 723.2 48 48 0.3 38 96 19 0.5  \
  20 96 20 0.5 38 96 19 0.5 
660005:  Double_t \
  50 50 678.2 23 23 0.3 46 18 0.5 4.5  \
  46 10 0.5 5 46 18 0.5 4.5 
660517:  Double_t \
  50 50 693.2 23 23 0.3 18 46 4.5 0.5  \
  10 46 5 0.5 18 46 4.5 0.5 
661029:  Double_t \
  50 50 708.2 23 23 0.3 46 18 0.5 4.5  \
  46 10 0.5 5 46 18 0.5 4.5 
661541:  Double_t \
  50 50 723.2 23 23 0.3 18 46 4.5 0.5  \
  10 46 5 0.5 18 46 4.5 0.5 
664101:  Double_t \
  112.5 112.5 678.2 35.5 35.5 0.3 71 30 0.5 10  \
  71 11 0.5 11 71 30 0.5 10 
664613:  Double_t \
  112.5 112.5 693.2 35.5 35.5 0.3 30 71 10 0.5  \
  11 71 11 0.5 30 71 10 0.5 
665125:  Double_t \
  112.5 112.5 708.2 35.5 35.5 0.3 71 30 0.5 10  \
  71 11 0.5 11 71 30 0.5 10 
665637:  Double_t \
  112.5 112.5 723.2 35.5 35.5 0.3 30 71 10 0.5  \
  11 71 11 0.5 30 71 10 0.5 
668197:  Double_t \
  -200 0 678.2 48 48 0.3 96 38 0.5 19  \
  96 20 0.5 20 96 38 0.5 19 
668709:  Double_t \
  -200 0 693.2 48 48 0.3 38 96 19 0.5  \
  20 96 20 0.5 38 96 19 0.5 
669221:  Double_t \
  -200 0 708.2 48 48 0.3 96 38 0.5 19  \
  96 20 0.5 20 96 38 0.5 19 
669733:  Double_t \
  -200 0 723.2 48 48 0.3 38 96 19 0.5  \
  20 96 20 0.5 38 96 19 0.5 
791077:  Double_t \
  50 -50 678.2 23 23 0.3 46 18 0.5 4.5  \
  46 10 0.5 5 46 18 0.5 4.5 
791589:  Double_t \
  50 -50 693.2 23 23 0.3 18 46 4.5 0.5  \
  10 46 5 0.5 18 46 4.5 0.5 
792101:  Double_t \
  50 -50 708.2 23 23 0.3 46 18 0.5 4.5  \
  46 10 0.5 5 46 18 0.5 4.5 
792613:  Double_t \
  50 -50 723.2 23 23 0.3 18 46 4.5 0.5  \
  10 46 5 0.5 18 46 4.5 0.5 
795173:  Double_t \
  37.5 112.5 678.2 35.5 35.5 0.3 71 30 0.5 10  \
  71 11 0.5 11 71 30 0.5 10 
795685:  Double_t \
  37.5 112.5 693.2 35.5 35.5 0.3 30 71 10 0.5  \
  11 71 11 0.5 30 71 10 0.5 
796197:  Double_t \
  37.5 112.5 708.2 35.5 35.5 0.3 71 30 0.5 10  \
  71 11 0.5 11 71 30 0.5 10 
796709:  Double_t \
  37.5 112.5 723.2 35.5 35.5 0.3 30 71 10 0.5  \
  11 71 11 0.5 30 71 10 0.5 
799269:  Double_t \
  -200 100 678.2 48 48 0.3 96 38 0.5 19  \
  96 20 0.5 20 96 38 0.5 19 
799781:  Double_t \
  -200 100 693.2 48 48 0.3 38 96 19 0.5  \
  20 96 20 0.5 38 96 19 0.5 
800293:  Double_t \
  -200 100 708.2 48 48 0.3 96 38 0.5 19  \
  96 20 0.5 20 96 38 0.5 19 
800805:  Double_t \
  -200 100 723.2 48 48 0.3 38 96 19 0.5  \
  20 96 20 0.5 38 96 19 0.5 
922149:  Double_t \
  -50 -50 678.2 23 23 0.3 46 18 0.5 4.5  \
  46 10 0.5 5 46 18 0.5 4.5 
922661:  Double_t \
  -50 -50 693.2 23 23 0.3 18 46 4.5 0.5  \
  10 46 5 0.5 18 46 4.5 0.5 
923173:  Double_t \
  -50 -50 708.2 23 23 0.3 46 18 0.5 4.5  \
  46 10 0.5 5 46 18 0.5 4.5 
923685:  Double_t \
  -50 -50 723.2 23 23 0.3 18 46 4.5 0.5  \
  10 46 5 0.5 18 46 4.5 0.5 
926245:  Double_t \
  -37.5 112.5 678.2 35.5 35.5 0.3 71 30 0.5 10  \
  71 11 0.5 11 71 30 0.5 10 
926757:  Double_t \
  -37.5 112.5 693.2 35.5 35.5 0.3 30 71 10 0.5  \
  11 71 11 0.5 30 71 10 0.5 
927269:  Double_t \
  -37.5 112.5 708.2 35.5 35.5 0.3 71 30 0.5 10  \
  71 11 0.5 11 71 30 0.5 10 
927781:  Double_t \
  -37.5 112.5 723.2 35.5 35.5 0.3 30 71 10 0.5  \
  11 71 11 0.5 30 71 10 0.5 
930341:  Double_t \
  200 200 678.2 48 48 0.3 96 38 0.5 19  \
  96 20 0.5 20 96 38 0.5 19 
930853:  Double_t \
  200 200 693.2 48 48 0.3 38 96 19 0.5  \
  20 96 20 0.5 38 96 19 0.5 
931365:  Double_t \
  200 200 708.2 48 48 0.3 96 38 0.5 19  \
  96 20 0.5 20 96 38 0.5 19 
931877:  Double_t \
  200 200 723.2 48 48 0.3 38 96 19 0.5  \
  20 96 20 0.5 38 96 19 0.5 
1053221:  Double_t \
  -50 50 678.2 23 23 0.3 46 18 0.5 4.5  \
  46 10 0.5 5 46 18 0.5 4.5 
1053733:  Double_t \
  -50 50 693.2 23 23 0.3 18 46 4.5 0.5  \
  10 46 5 0.5 18 46 4.5 0.5 
1054245:  Double_t \
  -50 50 708.2 23 23 0.3 46 18 0.5 4.5  \
  46 10 0.5 5 46 18 0.5 4.5 
1054757:  Double_t \
  -50 50 723.2 23 23 0.3 18 46 4.5 0.5  \
  10 46 5 0.5 18 46 4.5 0.5 
1057317:  Double_t \
  -112.5 112.5 678.2 35.5 35.5 0.3 71 30 0.5 10  \
  71 11 0.5 11 71 30 0.5 10 
1057829:  Double_t \
  -112.5 112.5 693.2 35.5 35.5 0.3 30 71 10 0.5  \
  11 71 11 0.5 30 71 10 0.5 
1058341:  Double_t \
  -112.5 112.5 708.2 35.5 35.5 0.3 71 30 0.5 10  \
  71 11 0.5 11 71 30 0.5 10 
1058853:  Double_t \
  -112.5 112.5 723.2 35.5 35.5 0.3 30 71 10 0.5  \
  11 71 11 0.5 30 71 10 0.5 
1061413:  Double_t \
  200 -200 678.2 48 48 0.3 96 38 0.5 19  \
  96 20 0.5 20 96 38 0.5 19 
1061925:  Double_t \
  200 -200 693.2 48 48 0.3 38 96 19 0.5  \
  20 96 20 0.5 38 96 19 0.5 
1062437:  Double_t \
  200 -200 708.2 48 48 0.3 96 38 0.5 19  \
  96 20 0.5 20 96 38 0.5 19 
1062949:  Double_t \
  200 -200 723.2 48 48 0.3 38 96 19 0.5  \
  20 96 20 0.5 38 96 19 0.5 
1188389:  Double_t \
  -112.5 -112.5 678.2 35.5 35.5 0.3 71 30 0.5 10  \
  71 11 0.5 11 71 30 0.5 10 
1188901:  Double_t \
  -112.5 -112.5 693.2 35.5 35.5 0.3 30 71 10 0.5  \
  11 71 11 0.5 30 71 10 0.5 
1189413:  Double_t \
  -112.5 -112.5 708.2 35.5 35.5 0.3 71 30 0.5 10  \
  71 11 0.5 11 71 30 0.5 10 
1189925:  Double_t \
  -112.5 -112.5 723.2 35.5 35.5 0.3 30 71 10 0.5  \
  11 71 11 0.5 30 71 10 0.5 
1192485:  Double_t \
  100 200 678.2 48 48 0.3 96 38 0.5 19  \
  96 20 0.5 20 96 38 0.5 19 
1192997:  Double_t \
  100 200 693.2 48 48 0.3 38 96 19 0.5  \
  20 96 20 0.5 38 96 19 0.5 
1193509:  Double_t \
  100 200 708.2 48 48 0.3 96 38 0.5 19  \
  96 20 0.5 20 96 38 0.5 19 
1194021:  Double_t \
  100 200 723.2 48 48 0.3 38 96 19 0.5  \
  20 96 20 0.5 38 96 19 0.5 
1319461:  Double_t \
  -37.5 -112.5 678.2 35.5 35.5 0.3 71 30 0.5 10  \
  71 11 0.5 11 71 30 0.5 10 
1319973:  Double_t \
  -37.5 -112.5 693.2 35.5 35.5 0.3 30 71 10 0.5  \
  11 71 11 0.5 30 71 10 0.5 
1320485:  Double_t \
  -37.5 -112.5 708.2 35.5 35.5 0.3 71 30 0.5 10  \
  71 11 0.5 11 71 30 0.5 10 
1320997:  Double_t \
  -37.5 -112.5 723.2 35.5 35.5 0.3 30 71 10 0.5  \
  11 71 11 0.5 30 71 10 0.5 
1323557:  Double_t \
  0 200 678.2 48 48 0.3 96 38 0.5 19  \
  96 20 0.5 20 96 38 0.5 19 
1324069:  Double_t \
  0 200 693.2 48 48 0.3 38 96 19 0.5  \
  20 96 20 0.5 38 96 19 0.5 
1324581:  Double_t \
  0 200 708.2 48 48 0.3 96 38 0.5 19  \
  96 20 0.5 20 96 38 0.5 19 
1325093:  Double_t \
  0 200 723.2 48 48 0.3 38 96 19 0.5  \
  20 96 20 0.5 38 96 19 0.5 
1450533:  Double_t \
  37.5 -112.5 678.2 35.5 35.5 0.3 71 30 0.5 10  \
  71 11 0.5 11 71 30 0.5 10 
1451045:  Double_t \
  37.5 -112.5 693.2 35.5 35.5 0.3 30 71 10 0.5  \
  11 71 11 0.5 30 71 10 0.5 
1451557:  Double_t \
  37.5 -112.5 708.2 35.5 35.5 0.3 71 30 0.5 10  \
  71 11 0.5 11 71 30 0.5 10 
1452069:  Double_t \
  37.5 -112.5 723.2 35.5 35.5 0.3 30 71 10 0.5  \
  11 71 11 0.5 30 71 10 0.5 
1454629:  Double_t \
  -100 200 678.2 48 48 0.3 96 38 0.5 19  \
  96 20 0.5 20 96 38 0.5 19 
1455141:  Double_t \
  -100 200 693.2 48 48 0.3 38 96 19 0.5  \
  20 96 20 0.5 38 96 19 0.5 
1455653:  Double_t \
  -100 200 708.2 48 48 0.3 96 38 0.5 19  \
  96 20 0.5 20 96 38 0.5 19 
1456165:  Double_t \
  -100 200 723.2 48 48 0.3 38 96 19 0.5  \
  20 96 20 0.5 38 96 19 0.5 
1581605:  Double_t \
  112.5 -112.5 678.2 35.5 35.5 0.3 71 30 0.5 10  \
  71 11 0.5 11 71 30 0.5 10 
1582117:  Double_t \
  112.5 -112.5 693.2 35.5 35.5 0.3 30 71 10 0.5  \
  11 71 11 0.5 30 71 10 0.5 
1582629:  Double_t \
  112.5 -112.5 708.2 35.5 35.5 0.3 71 30 0.5 10  \
  71 11 0.5 11 71 30 0.5 10 
1583141:  Double_t \
  112.5 -112.5 723.2 35.5 35.5 0.3 30 71 10 0.5  \
  11 71 11 0.5 30 71 10 0.5 
1585701:  Double_t \
  300 200 678.2 48 48 0.3 96 38 0.5 19  \
  96 20 0.5 20 96 38 0.5 19 
1586213:  Double_t \
  300 200 693.2 48 48 0.3 38 96 19 0.5  \
  20 96 20 0.5 38 96 19 0.5 
1586725:  Double_t \
  300 200 708.2 48 48 0.3 96 38 0.5 19  \
  96 20 0.5 20 96 38 0.5 19 
1587237:  Double_t \
  300 200 723.2 48 48 0.3 38 96 19 0.5  \
  20 96 20 0.5 38 96 19 0.5 
1716773:  Double_t \
  300 100 678.2 48 48 0.3 96 38 0.5 19  \
  96 20 0.5 20 96 38 0.5 19 
1717285:  Double_t \
  300 100 693.2 48 48 0.3 38 96 19 0.5  \
  20 96 20 0.5 38 96 19 0.5 
1717797:  Double_t \
  300 100 708.2 48 48 0.3 96 38 0.5 19  \
  96 20 0.5 20 96 38 0.5 19 
1718309:  Double_t \
  300 100 723.2 48 48 0.3 38 96 19 0.5  \
  20 96 20 0.5 38 96 19 0.5 
1847845:  Double_t \
  300 0 678.2 48 48 0.3 96 38 0.5 19  \
  96 20 0.5 20 96 38 0.5 19 
1848357:  Double_t \
  300 0 693.2 48 48 0.3 38 96 19 0.5  \
  20 96 20 0.5 38 96 19 0.5 
1848869:  Double_t \
  300 0 708.2 48 48 0.3 96 38 0.5 19  \
  96 20 0.5 20 96 38 0.5 19 
1849381:  Double_t \
  300 0 723.2 48 48 0.3 38 96 19 0.5  \
  20 96 20 0.5 38 96 19 0.5 
1978917:  Double_t \
  300 -100 678.2 48 48 0.3 96 38 0.5 19  \
  96 20 0.5 20 96 38 0.5 19 
1979429:  Double_t \
  300 -100 693.2 48 48 0.3 38 96 19 0.5  \
  20 96 20 0.5 38 96 19 0.5 
1979941:  Double_t \
  300 -100 708.2 48 48 0.3 96 38 0.5 19  \
  96 20 0.5 20 96 38 0.5 19 
1980453:  Double_t \
  300 -100 723.2 48 48 0.3 38 96 19 0.5  \
  20 96 20 0.5 38 96 19 0.5 
2109989:  Double_t \
  300 -200 678.2 48 48 0.3 96 38 0.5 19  \
  96 20 0.5 20 96 38 0.5 19 
2110501:  Double_t \
  300 -200 693.2 48 48 0.3 38 96 19 0.5  \
  20 96 20 0.5 38 96 19 0.5 
2111013:  Double_t \
  300 -200 708.2 48 48 0.3 96 38 0.5 19  \
  96 20 0.5 20 96 38 0.5 19 
2111525:  Double_t \
  300 -200 723.2 48 48 0.3 38 96 19 0.5  \
  20 96 20 0.5 38 96 19 0.5 
2241061:  Double_t \
  400 200 678.2 48 48 0.3 96 38 0.5 19  \
  96 20 0.5 20 96 38 0.5 19 
2241573:  Double_t \
  400 200 693.2 48 48 0.3 38 96 19 0.5  \
  20 96 20 0.5 38 96 19 0.5 
2242085:  Double_t \
  400 200 708.2 48 48 0.3 96 38 0.5 19  \
  96 20 0.5 20 96 38 0.5 19 
2242597:  Double_t \
  400 200 723.2 48 48 0.3 38 96 19 0.5  \
  20 96 20 0.5 38 96 19 0.5 
2372133:  Double_t \
  400 100 678.2 48 48 0.3 96 38 0.5 19  \
  96 20 0.5 20 96 38 0.5 19 
2372645:  Double_t \
  400 100 693.2 48 48 0.3 38 96 19 0.5  \
  20 96 20 0.5 38 96 19 0.5 
2373157:  Double_t \
  400 100 708.2 48 48 0.3 96 38 0.5 19  \
  96 20 0.5 20 96 38 0.5 19 
2373669:  Double_t \
  400 100 723.2 48 48 0.3 38 96 19 0.5  \
  20 96 20 0.5 38 96 19 0.5 
2503205:  Double_t \
  400 0 678.2 48 48 0.3 96 38 0.5 19  \
  96 20 0.5 20 96 38 0.5 19 
2503717:  Double_t \
  400 0 693.2 48 48 0.3 38 96 19 0.5  \
  20 96 20 0.5 38 96 19 0.5 
2504229:  Double_t \
  400 0 708.2 48 48 0.3 96 38 0.5 19  \
  96 20 0.5 20 96 38 0.5 19 
2504741:  Double_t \
  400 0 723.2 48 48 0.3 38 96 19 0.5  \
  20 96 20 0.5 38 96 19 0.5 
2634277:  Double_t \
  400 -100 678.2 48 48 0.3 96 38 0.5 19  \
  96 20 0.5 20 96 38 0.5 19 
2634789:  Double_t \
  400 -100 693.2 48 48 0.3 38 96 19 0.5  \
  20 96 20 0.5 38 96 19 0.5 
2635301:  Double_t \
  400 -100 708.2 48 48 0.3 96 38 0.5 19  \
  96 20 0.5 20 96 38 0.5 19 
2635813:  Double_t \
  400 -100 723.2 48 48 0.3 38 96 19 0.5  \
  20 96 20 0.5 38 96 19 0.5 
2765349:  Double_t \
  400 -200 678.2 48 48 0.3 96 38 0.5 19  \
  96 20 0.5 20 96 38 0.5 19 
2765861:  Double_t \
  400 -200 693.2 48 48 0.3 38 96 19 0.5  \
  20 96 20 0.5 38 96 19 0.5 
2766373:  Double_t \
  400 -200 708.2 48 48 0.3 96 38 0.5 19  \
  96 20 0.5 20 96 38 0.5 19 
2766885:  Double_t \
  400 -200 723.2 48 48 0.3 38 96 19 0.5  \
  20 96 20 0.5 38 96 19 0.5 
2896421:  Double_t \
  -200 -200 678.2 48 48 0.3 96 38 0.5 19  \
  96 20 0.5 20 96 38 0.5 19 
2896933:  Double_t \
  -200 -200 693.2 48 48 0.3 38 96 19 0.5  \
  20 96 20 0.5 38 96 19 0.5 
2897445:  Double_t \
  -200 -200 708.2 48 48 0.3 96 38 0.5 19  \
  96 20 0.5 20 96 38 0.5 19 
2897957:  Double_t \
  -200 -200 723.2 48 48 0.3 38 96 19 0.5  \
  20 96 20 0.5 38 96 19 0.5 
3027493:  Double_t \
  -200 200 678.2 48 48 0.3 96 38 0.5 19  \
  96 20 0.5 20 96 38 0.5 19 
3028005:  Double_t \
  -200 200 693.2 48 48 0.3 38 96 19 0.5  \
  20 96 20 0.5 38 96 19 0.5 
3028517:  Double_t \
  -200 200 708.2 48 48 0.3 96 38 0.5 19  \
  96 20 0.5 20 96 38 0.5 19 
3029029:  Double_t \
  -200 200 723.2 48 48 0.3 38 96 19 0.5  \
  20 96 20 0.5 38 96 19 0.5 
3158565:  Double_t \
  -100 -200 678.2 48 48 0.3 96 38 0.5 19  \
  96 20 0.5 20 96 38 0.5 19 
3159077:  Double_t \
  -100 -200 693.2 48 48 0.3 38 96 19 0.5  \
  20 96 20 0.5 38 96 19 0.5 
3159589:  Double_t \
  -100 -200 708.2 48 48 0.3 96 38 0.5 19  \
  96 20 0.5 20 96 38 0.5 19 
3160101:  Double_t \
  -100 -200 723.2 48 48 0.3 38 96 19 0.5  \
  20 96 20 0.5 38 96 19 0.5 
3289637:  Double_t \
  0 -200 678.2 48 48 0.3 96 38 0.5 19  \
  96 20 0.5 20 96 38 0.5 19 
3290149:  Double_t \
  0 -200 693.2 48 48 0.3 38 96 19 0.5  \
  20 96 20 0.5 38 96 19 0.5 
3290661:  Double_t \
  0 -200 708.2 48 48 0.3 96 38 0.5 19  \
  96 20 0.5 20 96 38 0.5 19 
3291173:  Double_t \
  0 -200 723.2 48 48 0.3 38 96 19 0.5  \
  20 96 20 0.5 38 96 19 0.5 
3420709:  Double_t \
  100 -200 678.2 48 48 0.3 96 38 0.5 19  \
  96 20 0.5 20 96 38 0.5 19 
3421221:  Double_t \
  100 -200 693.2 48 48 0.3 38 96 19 0.5  \
  20 96 20 0.5 38 96 19 0.5 
3421733:  Double_t \
  100 -200 708.2 48 48 0.3 96 38 0.5 19  \
  96 20 0.5 20 96 38 0.5 19 
3422245:  Double_t \
  100 -200 723.2 48 48 0.3 38 96 19 0.5  \
  20 96 20 0.5 38 96 19 0.5 
3551781:  Double_t \
  -300 -200 678.2 48 48 0.3 96 38 0.5 19  \
  96 20 0.5 20 96 38 0.5 19 
3552293:  Double_t \
  -300 -200 693.2 48 48 0.3 38 96 19 0.5  \
  20 96 20 0.5 38 96 19 0.5 
3552805:  Double_t \
  -300 -200 708.2 48 48 0.3 96 38 0.5 19  \
  96 20 0.5 20 96 38 0.5 19 
3553317:  Double_t \
  -300 -200 723.2 48 48 0.3 38 96 19 0.5  \
  20 96 20 0.5 38 96 19 0.5 
3682853:  Double_t \
  -300 -100 678.2 48 48 0.3 96 38 0.5 19  \
  96 20 0.5 20 96 38 0.5 19 
3683365:  Double_t \
  -300 -100 693.2 48 48 0.3 38 96 19 0.5  \
  20 96 20 0.5 38 96 19 0.5 
3683877:  Double_t \
  -300 -100 708.2 48 48 0.3 96 38 0.5 19  \
  96 20 0.5 20 96 38 0.5 19 
3684389:  Double_t \
  -300 -100 723.2 48 48 0.3 38 96 19 0.5  \
  20 96 20 0.5 38 96 19 0.5 
3813925:  Double_t \
  -300 0 678.2 48 48 0.3 96 38 0.5 19  \
  96 20 0.5 20 96 38 0.5 19 
3814437:  Double_t \
  -300 0 693.2 48 48 0.3 38 96 19 0.5  \
  20 96 20 0.5 38 96 19 0.5 
3814949:  Double_t \
  -300 0 708.2 48 48 0.3 96 38 0.5 19  \
  96 20 0.5 20 96 38 0.5 19 
3815461:  Double_t \
  -300 0 723.2 48 48 0.3 38 96 19 0.5  \
  20 96 20 0.5 38 96 19 0.5 
3944997:  Double_t \
  -300 100 678.2 48 48 0.3 96 38 0.5 19  \
  96 20 0.5 20 96 38 0.5 19 
3945509:  Double_t \
  -300 100 693.2 48 48 0.3 38 96 19 0.5  \
  20 96 20 0.5 38 96 19 0.5 
3946021:  Double_t \
  -300 100 708.2 48 48 0.3 96 38 0.5 19  \
  96 20 0.5 20 96 38 0.5 19 
3946533:  Double_t \
  -300 100 723.2 48 48 0.3 38 96 19 0.5  \
  20 96 20 0.5 38 96 19 0.5 
4076069:  Double_t \
  -300 200 678.2 48 48 0.3 96 38 0.5 19  \
  96 20 0.5 20 96 38 0.5 19 
4076581:  Double_t \
  -300 200 693.2 48 48 0.3 38 96 19 0.5  \
  20 96 20 0.5 38 96 19 0.5 
4077093:  Double_t \
  -300 200 708.2 48 48 0.3 96 38 0.5 19  \
  96 20 0.5 20 96 38 0.5 19 
4077605:  Double_t \
  -300 200 723.2 48 48 0.3 38 96 19 0.5  \
  20 96 20 0.5 38 96 19 0.5 
4207141:  Double_t \
  -400 -200 678.2 48 48 0.3 96 38 0.5 19  \
  96 20 0.5 20 96 38 0.5 19 
4207653:  Double_t \
  -400 -200 693.2 48 48 0.3 38 96 19 0.5  \
  20 96 20 0.5 38 96 19 0.5 
4208165:  Double_t \
  -400 -200 708.2 48 48 0.3 96 38 0.5 19  \
  96 20 0.5 20 96 38 0.5 19 
4208677:  Double_t \
  -400 -200 723.2 48 48 0.3 38 96 19 0.5  \
  20 96 20 0.5 38 96 19 0.5 
4338213:  Double_t \
  -400 -100 678.2 48 48 0.3 96 38 0.5 19  \
  96 20 0.5 20 96 38 0.5 19 
4338725:  Double_t \
  -400 -100 693.2 48 48 0.3 38 96 19 0.5  \
  20 96 20 0.5 38 96 19 0.5 
4339237:  Double_t \
  -400 -100 708.2 48 48 0.3 96 38 0.5 19  \
  96 20 0.5 20 96 38 0.5 19 
4339749:  Double_t \
  -400 -100 723.2 48 48 0.3 38 96 19 0.5  \
  20 96 20 0.5 38 96 19 0.5 
4469285:  Double_t \
  -400 0 678.2 48 48 0.3 96 38 0.5 19  \
  96 20 0.5 20 96 38 0.5 19 
4469797:  Double_t \
  -400 0 693.2 48 48 0.3 38 96 19 0.5  \
  20 96 20 0.5 38 96 19 0.5 
4470309:  Double_t \
  -400 0 708.2 48 48 0.3 96 38 0.5 19  \
  96 20 0.5 20 96 38 0.5 19 
4470821:  Double_t \
  -400 0 723.2 48 48 0.3 38 96 19 0.5  \
  20 96 20 0.5 38 96 19 0.5 
4600357:  Double_t \
  -400 100 678.2 48 48 0.3 96 38 0.5 19  \
  96 20 0.5 20 96 38 0.5 19 
4600869:  Double_t \
  -400 100 693.2 48 48 0.3 38 96 19 0.5  \
  20 96 20 0.5 38 96 19 0.5 
4601381:  Double_t \
  -400 100 708.2 48 48 0.3 96 38 0.5 19  \
  96 20 0.5 20 96 38 0.5 19 
4601893:  Double_t \
  -400 100 723.2 48 48 0.3 38 96 19 0.5  \
  20 96 20 0.5 38 96 19 0.5 
4731429:  Double_t \
  -400 200 678.2 48 48 0.3 96 38 0.5 19  \
  96 20 0.5 20 96 38 0.5 19 
4731941:  Double_t \
  -400 200 693.2 48 48 0.3 38 96 19 0.5  \
  20 96 20 0.5 38 96 19 0.5 
4732453:  Double_t \
  -400 200 708.2 48 48 0.3 96 38 0.5 19  \
  96 20 0.5 20 96 38 0.5 19 
4732965:  Double_t \
  -400 200 723.2 48 48 0.3 38 96 19 0.5  \
  20 96 20 0.5 38 96 19 0.5 
4862501:  Double_t \
  400 300 678.2 48 48 0.3 96 38 0.5 19  \
  96 20 0.5 20 96 38 0.5 19 
4863013:  Double_t \
  400 300 693.2 48 48 0.3 38 96 19 0.5  \
  20 96 20 0.5 38 96 19 0.5 
4863525:  Double_t \
  400 300 708.2 48 48 0.3 96 38 0.5 19  \
  96 20 0.5 20 96 38 0.5 19 
4864037:  Double_t \
  400 300 723.2 48 48 0.3 38 96 19 0.5  \
  20 96 20 0.5 38 96 19 0.5 
4993573:  Double_t \
  400 -300 678.2 48 48 0.3 96 38 0.5 19  \
  96 20 0.5 20 96 38 0.5 19 
4994085:  Double_t \
  400 -300 693.2 48 48 0.3 38 96 19 0.5  \
  20 96 20 0.5 38 96 19 0.5 
4994597:  Double_t \
  400 -300 708.2 48 48 0.3 96 38 0.5 19  \
  96 20 0.5 20 96 38 0.5 19 
4995109:  Double_t \
  400 -300 723.2 48 48 0.3 38 96 19 0.5  \
  20 96 20 0.5 38 96 19 0.5 
5124645:  Double_t \
  300 300 678.2 48 48 0.3 96 38 0.5 19  \
  96 20 0.5 20 96 38 0.5 19 
5125157:  Double_t \
  300 300 693.2 48 48 0.3 38 96 19 0.5  \
  20 96 20 0.5 38 96 19 0.5 
5125669:  Double_t \
  300 300 708.2 48 48 0.3 96 38 0.5 19  \
  96 20 0.5 20 96 38 0.5 19 
5126181:  Double_t \
  300 300 723.2 48 48 0.3 38 96 19 0.5  \
  20 96 20 0.5 38 96 19 0.5 
5255717:  Double_t \
  300 -300 678.2 48 48 0.3 96 38 0.5 19  \
  96 20 0.5 20 96 38 0.5 19 
5256229:  Double_t \
  300 -300 693.2 48 48 0.3 38 96 19 0.5  \
  20 96 20 0.5 38 96 19 0.5 
5256741:  Double_t \
  300 -300 708.2 48 48 0.3 96 38 0.5 19  \
  96 20 0.5 20 96 38 0.5 19 
5257253:  Double_t \
  300 -300 723.2 48 48 0.3 38 96 19 0.5  \
  20 96 20 0.5 38 96 19 0.5 
5386789:  Double_t \
  200 300 678.2 48 48 0.3 96 38 0.5 19  \
  96 20 0.5 20 96 38 0.5 19 
5387301:  Double_t \
  200 300 693.2 48 48 0.3 38 96 19 0.5  \
  20 96 20 0.5 38 96 19 0.5 
5387813:  Double_t \
  200 300 708.2 48 48 0.3 96 38 0.5 19  \
  96 20 0.5 20 96 38 0.5 19 
5388325:  Double_t \
  200 300 723.2 48 48 0.3 38 96 19 0.5  \
  20 96 20 0.5 38 96 19 0.5 
5517861:  Double_t \
  200 -300 678.2 48 48 0.3 96 38 0.5 19  \
  96 20 0.5 20 96 38 0.5 19 
5518373:  Double_t \
  200 -300 693.2 48 48 0.3 38 96 19 0.5  \
  20 96 20 0.5 38 96 19 0.5 
5518885:  Double_t \
  200 -300 708.2 48 48 0.3 96 38 0.5 19  \
  96 20 0.5 20 96 38 0.5 19 
5519397:  Double_t \
  200 -300 723.2 48 48 0.3 38 96 19 0.5  \
  20 96 20 0.5 38 96 19 0.5 
5648933:  Double_t \
  100 300 678.2 48 48 0.3 96 38 0.5 19  \
  96 20 0.5 20 96 38 0.5 19 
5649445:  Double_t \
  100 300 693.2 48 48 0.3 38 96 19 0.5  \
  20 96 20 0.5 38 96 19 0.5 
5649957:  Double_t \
  100 300 708.2 48 48 0.3 96 38 0.5 19  \
  96 20 0.5 20 96 38 0.5 19 
5650469:  Double_t \
  100 300 723.2 48 48 0.3 38 96 19 0.5  \
  20 96 20 0.5 38 96 19 0.5 
5780005:  Double_t \
  100 -300 678.2 48 48 0.3 96 38 0.5 19  \
  96 20 0.5 20 96 38 0.5 19 
5780517:  Double_t \
  100 -300 693.2 48 48 0.3 38 96 19 0.5  \
  20 96 20 0.5 38 96 19 0.5 
5781029:  Double_t \
  100 -300 708.2 48 48 0.3 96 38 0.5 19  \
  96 20 0.5 20 96 38 0.5 19 
5781541:  Double_t \
  100 -300 723.2 48 48 0.3 38 96 19 0.5  \
  20 96 20 0.5 38 96 19 0.5 
5911077:  Double_t \
  0 300 678.2 48 48 0.3 96 38 0.5 19  \
  96 20 0.5 20 96 38 0.5 19 
5911589:  Double_t \
  0 300 693.2 48 48 0.3 38 96 19 0.5  \
  20 96 20 0.5 38 96 19 0.5 
5912101:  Double_t \
  0 300 708.2 48 48 0.3 96 38 0.5 19  \
  96 20 0.5 20 96 38 0.5 19 
5912613:  Double_t \
  0 300 723.2 48 48 0.3 38 96 19 0.5  \
  20 96 20 0.5 38 96 19 0.5 
6042149:  Double_t \
  500 300 678.2 48 48 0.3 96 38 0.5 19  \
  96 20 0.5 20 96 38 0.5 19 
6042661:  Double_t \
  500 300 693.2 48 48 0.3 38 96 19 0.5  \
  20 96 20 0.5 38 96 19 0.5 
6043173:  Double_t \
  500 300 708.2 48 48 0.3 96 38 0.5 19  \
  96 20 0.5 20 96 38 0.5 19 
6043685:  Double_t \
  500 300 723.2 48 48 0.3 38 96 19 0.5  \
  20 96 20 0.5 38 96 19 0.5 
6173221:  Double_t \
  500 200 678.2 48 48 0.3 96 38 0.5 19  \
  96 20 0.5 20 96 38 0.5 19 
6173733:  Double_t \
  500 200 693.2 48 48 0.3 38 96 19 0.5  \
  20 96 20 0.5 38 96 19 0.5 
6174245:  Double_t \
  500 200 708.2 48 48 0.3 96 38 0.5 19  \
  96 20 0.5 20 96 38 0.5 19 
6174757:  Double_t \
  500 200 723.2 48 48 0.3 38 96 19 0.5  \
  20 96 20 0.5 38 96 19 0.5 
6304293:  Double_t \
  500 100 678.2 48 48 0.3 96 38 0.5 19  \
  96 20 0.5 20 96 38 0.5 19 
6304805:  Double_t \
  500 100 693.2 48 48 0.3 38 96 19 0.5  \
  20 96 20 0.5 38 96 19 0.5 
6305317:  Double_t \
  500 100 708.2 48 48 0.3 96 38 0.5 19  \
  96 20 0.5 20 96 38 0.5 19 
6305829:  Double_t \
  500 100 723.2 48 48 0.3 38 96 19 0.5  \
  20 96 20 0.5 38 96 19 0.5 
6435365:  Double_t \
  500 0 678.2 48 48 0.3 96 38 0.5 19  \
  96 20 0.5 20 96 38 0.5 19 
6435877:  Double_t \
  500 0 693.2 48 48 0.3 38 96 19 0.5  \
  20 96 20 0.5 38 96 19 0.5 
6436389:  Double_t \
  500 0 708.2 48 48 0.3 96 38 0.5 19  \
  96 20 0.5 20 96 38 0.5 19 
6436901:  Double_t \
  500 0 723.2 48 48 0.3 38 96 19 0.5  \
  20 96 20 0.5 38 96 19 0.5 
6566437:  Double_t \
  500 -100 678.2 48 48 0.3 96 38 0.5 19  \
  96 20 0.5 20 96 38 0.5 19 
6566949:  Double_t \
  500 -100 693.2 48 48 0.3 38 96 19 0.5  \
  20 96 20 0.5 38 96 19 0.5 
6567461:  Double_t \
  500 -100 708.2 48 48 0.3 96 38 0.5 19  \
  96 20 0.5 20 96 38 0.5 19 
6567973:  Double_t \
  500 -100 723.2 48 48 0.3 38 96 19 0.5  \
  20 96 20 0.5 38 96 19 0.5 
6697509:  Double_t \
  500 -200 678.2 48 48 0.3 96 38 0.5 19  \
  96 20 0.5 20 96 38 0.5 19 
6698021:  Double_t \
  500 -200 693.2 48 48 0.3 38 96 19 0.5  \
  20 96 20 0.5 38 96 19 0.5 
6698533:  Double_t \
  500 -200 708.2 48 48 0.3 96 38 0.5 19  \
  96 20 0.5 20 96 38 0.5 19 
6699045:  Double_t \
  500 -200 723.2 48 48 0.3 38 96 19 0.5  \
  20 96 20 0.5 38 96 19 0.5 
6828581:  Double_t \
  500 -300 678.2 48 48 0.3 96 38 0.5 19  \
  96 20 0.5 20 96 38 0.5 19 
6829093:  Double_t \
  500 -300 693.2 48 48 0.3 38 96 19 0.5  \
  20 96 20 0.5 38 96 19 0.5 
6829605:  Double_t \
  500 -300 708.2 48 48 0.3 96 38 0.5 19  \
  96 20 0.5 20 96 38 0.5 19 
6830117:  Double_t \
  500 -300 723.2 48 48 0.3 38 96 19 0.5  \
  20 96 20 0.5 38 96 19 0.5 
6959653:  Double_t \
  600 250 678.2 48 48 0.3 96 38 0.5 19  \
  96 20 0.5 20 96 38 0.5 19 
6960165:  Double_t \
  600 250 693.2 48 48 0.3 38 96 19 0.5  \
  20 96 20 0.5 38 96 19 0.5 
6960677:  Double_t \
  600 250 708.2 48 48 0.3 96 38 0.5 19  \
  96 20 0.5 20 96 38 0.5 19 
6961189:  Double_t \
  600 250 723.2 48 48 0.3 38 96 19 0.5  \
  20 96 20 0.5 38 96 19 0.5 
7090725:  Double_t \
  600 150 678.2 48 48 0.3 96 38 0.5 19  \
  96 20 0.5 20 96 38 0.5 19 
7091237:  Double_t \
  600 150 693.2 48 48 0.3 38 96 19 0.5  \
  20 96 20 0.5 38 96 19 0.5 
7091749:  Double_t \
  600 150 708.2 48 48 0.3 96 38 0.5 19  \
  96 20 0.5 20 96 38 0.5 19 
7092261:  Double_t \
  600 150 723.2 48 48 0.3 38 96 19 0.5  \
  20 96 20 0.5 38 96 19 0.5 
7221797:  Double_t \
  600 50 678.2 48 48 0.3 96 38 0.5 19  \
  96 20 0.5 20 96 38 0.5 19 
7222309:  Double_t \
  600 50 693.2 48 48 0.3 38 96 19 0.5  \
  20 96 20 0.5 38 96 19 0.5 
7222821:  Double_t \
  600 50 708.2 48 48 0.3 96 38 0.5 19  \
  96 20 0.5 20 96 38 0.5 19 
7223333:  Double_t \
  600 50 723.2 48 48 0.3 38 96 19 0.5  \
  20 96 20 0.5 38 96 19 0.5 
7352869:  Double_t \
  600 -50 678.2 48 48 0.3 96 38 0.5 19  \
  96 20 0.5 20 96 38 0.5 19 
7353381:  Double_t \
  600 -50 693.2 48 48 0.3 38 96 19 0.5  \
  20 96 20 0.5 38 96 19 0.5 
7353893:  Double_t \
  600 -50 708.2 48 48 0.3 96 38 0.5 19  \
  96 20 0.5 20 96 38 0.5 19 
7354405:  Double_t \
  600 -50 723.2 48 48 0.3 38 96 19 0.5  \
  20 96 20 0.5 38 96 19 0.5 
7483941:  Double_t \
  600 -150 678.2 48 48 0.3 96 38 0.5 19  \
  96 20 0.5 20 96 38 0.5 19 
7484453:  Double_t \
  600 -150 693.2 48 48 0.3 38 96 19 0.5  \
  20 96 20 0.5 38 96 19 0.5 
7484965:  Double_t \
  600 -150 708.2 48 48 0.3 96 38 0.5 19  \
  96 20 0.5 20 96 38 0.5 19 
7485477:  Double_t \
  600 -150 723.2 48 48 0.3 38 96 19 0.5  \
  20 96 20 0.5 38 96 19 0.5 
7615013:  Double_t \
  600 -250 678.2 48 48 0.3 96 38 0.5 19  \
  96 20 0.5 20 96 38 0.5 19 
7615525:  Double_t \
  600 -250 693.2 48 48 0.3 38 96 19 0.5  \
  20 96 20 0.5 38 96 19 0.5 
7616037:  Double_t \
  600 -250 708.2 48 48 0.3 96 38 0.5 19  \
  96 20 0.5 20 96 38 0.5 19 
7616549:  Double_t \
  600 -250 723.2 48 48 0.3 38 96 19 0.5  \
  20 96 20 0.5 38 96 19 0.5 
7746085:  Double_t \
  -400 -300 678.2 48 48 0.3 96 38 0.5 19  \
  96 20 0.5 20 96 38 0.5 19 
7746597:  Double_t \
  -400 -300 693.2 48 48 0.3 38 96 19 0.5  \
  20 96 20 0.5 38 96 19 0.5 
7747109:  Double_t \
  -400 -300 708.2 48 48 0.3 96 38 0.5 19  \
  96 20 0.5 20 96 38 0.5 19 
7747621:  Double_t \
  -400 -300 723.2 48 48 0.3 38 96 19 0.5  \
  20 96 20 0.5 38 96 19 0.5 
7877157:  Double_t \
  -400 300 678.2 48 48 0.3 96 38 0.5 19  \
  96 20 0.5 20 96 38 0.5 19 
7877669:  Double_t \
  -400 300 693.2 48 48 0.3 38 96 19 0.5  \
  20 96 20 0.5 38 96 19 0.5 
7878181:  Double_t \
  -400 300 708.2 48 48 0.3 96 38 0.5 19  \
  96 20 0.5 20 96 38 0.5 19 
7878693:  Double_t \
  -400 300 723.2 48 48 0.3 38 96 19 0.5  \
  20 96 20 0.5 38 96 19 0.5 
8008229:  Double_t \
  -300 -300 678.2 48 48 0.3 96 38 0.5 19  \
  96 20 0.5 20 96 38 0.5 19 
8008741:  Double_t \
  -300 -300 693.2 48 48 0.3 38 96 19 0.5  \
  20 96 20 0.5 38 96 19 0.5 
8009253:  Double_t \
  -300 -300 708.2 48 48 0.3 96 38 0.5 19  \
  96 20 0.5 20 96 38 0.5 19 
8009765:  Double_t \
  -300 -300 723.2 48 48 0.3 38 96 19 0.5  \
  20 96 20 0.5 38 96 19 0.5 
8139301:  Double_t \
  -300 300 678.2 48 48 0.3 96 38 0.5 19  \
  96 20 0.5 20 96 38 0.5 19 
8139813:  Double_t \
  -300 300 693.2 48 48 0.3 38 96 19 0.5  \
  20 96 20 0.5 38 96 19 0.5 
8140325:  Double_t \
  -300 300 708.2 48 48 0.3 96 38 0.5 19  \
  96 20 0.5 20 96 38 0.5 19 
8140837:  Double_t \
  -300 300 723.2 48 48 0.3 38 96 19 0.5  \
  20 96 20 0.5 38 96 19 0.5 
8270373:  Double_t \
  -200 -300 678.2 48 48 0.3 96 38 0.5 19  \
  96 20 0.5 20 96 38 0.5 19 
8270885:  Double_t \
  -200 -300 693.2 48 48 0.3 38 96 19 0.5  \
  20 96 20 0.5 38 96 19 0.5 
8271397:  Double_t \
  -200 -300 708.2 48 48 0.3 96 38 0.5 19  \
  96 20 0.5 20 96 38 0.5 19 
8271909:  Double_t \
  -200 -300 723.2 48 48 0.3 38 96 19 0.5  \
  20 96 20 0.5 38 96 19 0.5 
8401445:  Double_t \
  -200 300 678.2 48 48 0.3 96 38 0.5 19  \
  96 20 0.5 20 96 38 0.5 19 
8401957:  Double_t \
  -200 300 693.2 48 48 0.3 38 96 19 0.5  \
  20 96 20 0.5 38 96 19 0.5 
8402469:  Double_t \
  -200 300 708.2 48 48 0.3 96 38 0.5 19  \
  96 20 0.5 20 96 38 0.5 19 
8402981:  Double_t \
  -200 300 723.2 48 48 0.3 38 96 19 0.5  \
  20 96 20 0.5 38 96 19 0.5 
8532517:  Double_t \
  -100 -300 678.2 48 48 0.3 96 38 0.5 19  \
  96 20 0.5 20 96 38 0.5 19 
8533029:  Double_t \
  -100 -300 693.2 48 48 0.3 38 96 19 0.5  \
  20 96 20 0.5 38 96 19 0.5 
8533541:  Double_t \
  -100 -300 708.2 48 48 0.3 96 38 0.5 19  \
  96 20 0.5 20 96 38 0.5 19 
8534053:  Double_t \
  -100 -300 723.2 48 48 0.3 38 96 19 0.5  \
  20 96 20 0.5 38 96 19 0.5 
8663589:  Double_t \
  -100 300 678.2 48 48 0.3 96 38 0.5 19  \
  96 20 0.5 20 96 38 0.5 19 
8664101:  Double_t \
  -100 300 693.2 48 48 0.3 38 96 19 0.5  \
  20 96 20 0.5 38 96 19 0.5 
8664613:  Double_t \
  -100 300 708.2 48 48 0.3 96 38 0.5 19  \
  96 20 0.5 20 96 38 0.5 19 
8665125:  Double_t \
  -100 300 723.2 48 48 0.3 38 96 19 0.5  \
  20 96 20 0.5 38 96 19 0.5 
8794661:  Double_t \
  0 -300 678.2 48 48 0.3 96 38 0.5 19  \
  96 20 0.5 20 96 38 0.5 19 
8795173:  Double_t \
  0 -300 693.2 48 48 0.3 38 96 19 0.5  \
  20 96 20 0.5 38 96 19 0.5 
8795685:  Double_t \
  0 -300 708.2 48 48 0.3 96 38 0.5 19  \
  96 20 0.5 20 96 38 0.5 19 
8796197:  Double_t \
  0 -300 723.2 48 48 0.3 38 96 19 0.5  \
  20 96 20 0.5 38 96 19 0.5 
8925733:  Double_t \
  -500 -300 678.2 48 48 0.3 96 38 0.5 19  \
  96 20 0.5 20 96 38 0.5 19 
8926245:  Double_t \
  -500 -300 693.2 48 48 0.3 38 96 19 0.5  \
  20 96 20 0.5 38 96 19 0.5 
8926757:  Double_t \
  -500 -300 708.2 48 48 0.3 96 38 0.5 19  \
  96 20 0.5 20 96 38 0.5 19 
8927269:  Double_t \
  -500 -300 723.2 48 48 0.3 38 96 19 0.5  \
  20 96 20 0.5 38 96 19 0.5 
9056805:  Double_t \
  -500 -200 678.2 48 48 0.3 96 38 0.5 19  \
  96 20 0.5 20 96 38 0.5 19 
9057317:  Double_t \
  -500 -200 693.2 48 48 0.3 38 96 19 0.5  \
  20 96 20 0.5 38 96 19 0.5 
9057829:  Double_t \
  -500 -200 708.2 48 48 0.3 96 38 0.5 19  \
  96 20 0.5 20 96 38 0.5 19 
9058341:  Double_t \
  -500 -200 723.2 48 48 0.3 38 96 19 0.5  \
  20 96 20 0.5 38 96 19 0.5 
9187877:  Double_t \
  -500 -100 678.2 48 48 0.3 96 38 0.5 19  \
  96 20 0.5 20 96 38 0.5 19 
9188389:  Double_t \
  -500 -100 693.2 48 48 0.3 38 96 19 0.5  \
  20 96 20 0.5 38 96 19 0.5 
9188901:  Double_t \
  -500 -100 708.2 48 48 0.3 96 38 0.5 19  \
  96 20 0.5 20 96 38 0.5 19 
9189413:  Double_t \
  -500 -100 723.2 48 48 0.3 38 96 19 0.5  \
  20 96 20 0.5 38 96 19 0.5 
9318949:  Double_t \
  -500 0 678.2 48 48 0.3 96 38 0.5 19  \
  96 20 0.5 20 96 38 0.5 19 
9319461:  Double_t \
  -500 0 693.2 48 48 0.3 38 96 19 0.5  \
  20 96 20 0.5 38 96 19 0.5 
9319973:  Double_t \
  -500 0 708.2 48 48 0.3 96 38 0.5 19  \
  96 20 0.5 20 96 38 0.5 19 
9320485:  Double_t \
  -500 0 723.2 48 48 0.3 38 96 19 0.5  \
  20 96 20 0.5 38 96 19 0.5 
9450021:  Double_t \
  -500 100 678.2 48 48 0.3 96 38 0.5 19  \
  96 20 0.5 20 96 38 0.5 19 
9450533:  Double_t \
  -500 100 693.2 48 48 0.3 38 96 19 0.5  \
  20 96 20 0.5 38 96 19 0.5 
9451045:  Double_t \
  -500 100 708.2 48 48 0.3 96 38 0.5 19  \
  96 20 0.5 20 96 38 0.5 19 
9451557:  Double_t \
  -500 100 723.2 48 48 0.3 38 96 19 0.5  \
  20 96 20 0.5 38 96 19 0.5 
9581093:  Double_t \
  -500 200 678.2 48 48 0.3 96 38 0.5 19  \
  96 20 0.5 20 96 38 0.5 19 
9581605:  Double_t \
  -500 200 693.2 48 48 0.3 38 96 19 0.5  \
  20 96 20 0.5 38 96 19 0.5 
9582117:  Double_t \
  -500 200 708.2 48 48 0.3 96 38 0.5 19  \
  96 20 0.5 20 96 38 0.5 19 
9582629:  Double_t \
  -500 200 723.2 48 48 0.3 38 96 19 0.5  \
  20 96 20 0.5 38 96 19 0.5 
9712165:  Double_t \
  -500 300 678.2 48 48 0.3 96 38 0.5 19  \
  96 20 0.5 20 96 38 0.5 19 
9712677:  Double_t \
  -500 300 693.2 48 48 0.3 38 96 19 0.5  \
  20 96 20 0.5 38 96 19 0.5 
9713189:  Double_t \
  -500 300 708.2 48 48 0.3 96 38 0.5 19  \
  96 20 0.5 20 96 38 0.5 19 
9713701:  Double_t \
  -500 300 723.2 48 48 0.3 38 96 19 0.5  \
  20 96 20 0.5 38 96 19 0.5 
9843237:  Double_t \
  -600 -250 678.2 48 48 0.3 96 38 0.5 19  \
  96 20 0.5 20 96 38 0.5 19 
9843749:  Double_t \
  -600 -250 693.2 48 48 0.3 38 96 19 0.5  \
  20 96 20 0.5 38 96 19 0.5 
9844261:  Double_t \
  -600 -250 708.2 48 48 0.3 96 38 0.5 19  \
  96 20 0.5 20 96 38 0.5 19 
9844773:  Double_t \
  -600 -250 723.2 48 48 0.3 38 96 19 0.5  \
  20 96 20 0.5 38 96 19 0.5 
9974309:  Double_t \
  -600 -150 678.2 48 48 0.3 96 38 0.5 19  \
  96 20 0.5 20 96 38 0.5 19 
9974821:  Double_t \
  -600 -150 693.2 48 48 0.3 38 96 19 0.5  \
  20 96 20 0.5 38 96 19 0.5 
9975333:  Double_t \
  -600 -150 708.2 48 48 0.3 96 38 0.5 19  \
  96 20 0.5 20 96 38 0.5 19 
9975845:  Double_t \
  -600 -150 723.2 48 48 0.3 38 96 19 0.5  \
  20 96 20 0.5 38 96 19 0.5 
10105381:  Double_t \
  -600 -50 678.2 48 48 0.3 96 38 0.5 19  \
  96 20 0.5 20 96 38 0.5 19 
10105893:  Double_t \
  -600 -50 693.2 48 48 0.3 38 96 19 0.5  \
  20 96 20 0.5 38 96 19 0.5 
10106405:  Double_t \
  -600 -50 708.2 48 48 0.3 96 38 0.5 19  \
  96 20 0.5 20 96 38 0.5 19 
10106917:  Double_t \
  -600 -50 723.2 48 48 0.3 38 96 19 0.5  \
  20 96 20 0.5 38 96 19 0.5 
10236453:  Double_t \
  -600 50 678.2 48 48 0.3 96 38 0.5 19  \
  96 20 0.5 20 96 38 0.5 19 
10236965:  Double_t \
  -600 50 693.2 48 48 0.3 38 96 19 0.5  \
  20 96 20 0.5 38 96 19 0.5 
10237477:  Double_t \
  -600 50 708.2 48 48 0.3 96 38 0.5 19  \
  96 20 0.5 20 96 38 0.5 19 
10237989:  Double_t \
  -600 50 723.2 48 48 0.3 38 96 19 0.5  \
  20 96 20 0.5 38 96 19 0.5 
10367525:  Double_t \
  -600 150 678.2 48 48 0.3 96 38 0.5 19  \
  96 20 0.5 20 96 38 0.5 19 
10368037:  Double_t \
  -600 150 693.2 48 48 0.3 38 96 19 0.5  \
  20 96 20 0.5 38 96 19 0.5 
10368549:  Double_t \
  -600 150 708.2 48 48 0.3 96 38 0.5 19  \
  96 20 0.5 20 96 38 0.5 19 
10369061:  Double_t \
  -600 150 723.2 48 48 0.3 38 96 19 0.5  \
  20 96 20 0.5 38 96 19 0.5 
10498597:  Double_t \
  -600 250 678.2 48 48 0.3 96 38 0.5 19  \
  96 20 0.5 20 96 38 0.5 19 
10499109:  Double_t \
  -600 250 693.2 48 48 0.3 38 96 19 0.5  \
  20 96 20 0.5 38 96 19 0.5 
10499621:  Double_t \
  -600 250 708.2 48 48 0.3 96 38 0.5 19  \
  96 20 0.5 20 96 38 0.5 19 
10500133:  Double_t \
  -600 250 723.2 48 48 0.3 38 96 19 0.5  \
  20 96 20 0.5 38 96 19 0.5 