##############################################################################
# Class:   CbmTrdDigiPar
# Context: TestDefaultContext
##############################################################################
[CbmTrdDigiPar]
//----------------------------------------------------------------------------
NrOfModules:  Int_t  150 
MaxSectors:  Int_t  3 
ModuleIdArray:  Int_t \
  5 21 37 261 277 293 517 533 549 773  \
  789 805 1029 1045 1061 1285 1301 1317 1541 1557  \
  1573 1797 1813 1829 2053 2069 2085 2309 2325 2341  \
  2565 2581 2597 2821 2837 2853 3077 3093 3109 3333  \
  3349 3365 3589 3605 3621 3845 3861 3877 4101 4117  \
  4133 4357 4373 4389 4613 4629 4645 4869 4885 4901  \
  5125 5141 5157 5381 5397 5413 5637 5653 5669 5893  \
  5909 5925 6149 6165 6181 6405 6421 6437 6661 6677  \
  6693 6917 6933 6949 7173 7189 7205 7429 7445 7461  \
  7685 7701 7717 7941 7957 7973 8197 8213 8229 8453  \
  8469 8485 8709 8725 8741 8965 8981 8997 9221 9237  \
  9253 9477 9493 9509 9733 9749 9765 9989 10005 10021  \
  10245 10261 10277 10501 10517 10533 10757 10773 10789 11013  \
  11029 11045 11269 11285 11301 11525 11541 11557 11781 11797  \
  11813 12037 12053 12069 12293 12309 12325 12549 12565 12581 
5:  Double_t \
  -57 -57 411.6 27 27 0.6 54 18 0.675 1.5  \
  54 18 0.675 1.5 54 18 0.675 1.5 
21:  Double_t \
  -57 -57 456.6 27 27 0.6 18 54 1.5 0.675  \
  18 54 1.5 0.675 18 54 1.5 0.675 
37:  Double_t \
  -57 -57 501.6 27 27 0.6 54 18 0.675 1.5  \
  54 18 0.675 1.5 54 18 0.675 1.5 
261:  Double_t \
  0 -57 411.6 27 27 0.6 54 18 0.675 1.5  \
  54 18 0.675 1.5 54 18 0.675 1.5 
277:  Double_t \
  0 -57 456.6 27 27 0.6 18 54 1.5 0.675  \
  18 54 1.5 0.675 18 54 1.5 0.675 
293:  Double_t \
  0 -57 501.6 27 27 0.6 54 18 0.675 1.5  \
  54 18 0.675 1.5 54 18 0.675 1.5 
517:  Double_t \
  57 -57 411.6 27 27 0.6 54 18 0.675 1.5  \
  54 18 0.675 1.5 54 18 0.675 1.5 
533:  Double_t \
  57 -57 456.6 27 27 0.6 18 54 1.5 0.675  \
  18 54 1.5 0.675 18 54 1.5 0.675 
549:  Double_t \
  57 -57 501.6 27 27 0.6 54 18 0.675 1.5  \
  54 18 0.675 1.5 54 18 0.675 1.5 
773:  Double_t \
  -57 0 411.6 27 27 0.6 54 18 0.675 1.5  \
  54 18 0.675 1.5 54 18 0.675 1.5 
789:  Double_t \
  -57 0 456.6 27 27 0.6 18 54 1.5 0.675  \
  18 54 1.5 0.675 18 54 1.5 0.675 
805:  Double_t \
  -57 0 501.6 27 27 0.6 54 18 0.675 1.5  \
  54 18 0.675 1.5 54 18 0.675 1.5 
1029:  Double_t \
  57 0 411.6 27 27 0.6 54 18 0.675 1.5  \
  54 18 0.675 1.5 54 18 0.675 1.5 
1045:  Double_t \
  57 0 456.6 27 27 0.6 18 54 1.5 0.675  \
  18 54 1.5 0.675 18 54 1.5 0.675 
1061:  Double_t \
  57 0 501.6 27 27 0.6 54 18 0.675 1.5  \
  54 18 0.675 1.5 54 18 0.675 1.5 
1285:  Double_t \
  -57 57 411.6 27 27 0.6 54 18 0.675 1.5  \
  54 18 0.675 1.5 54 18 0.675 1.5 
1301:  Double_t \
  -57 57 456.6 27 27 0.6 18 54 1.5 0.675  \
  18 54 1.5 0.675 18 54 1.5 0.675 
1317:  Double_t \
  -57 57 501.6 27 27 0.6 54 18 0.675 1.5  \
  54 18 0.675 1.5 54 18 0.675 1.5 
1541:  Double_t \
  0 57 411.6 27 27 0.6 54 18 0.675 1.5  \
  54 18 0.675 1.5 54 18 0.675 1.5 
1557:  Double_t \
  0 57 456.6 27 27 0.6 18 54 1.5 0.675  \
  18 54 1.5 0.675 18 54 1.5 0.675 
1573:  Double_t \
  0 57 501.6 27 27 0.6 54 18 0.675 1.5  \
  54 18 0.675 1.5 54 18 0.675 1.5 
1797:  Double_t \
  57 57 411.6 27 27 0.6 54 18 0.675 1.5  \
  54 18 0.675 1.5 54 18 0.675 1.5 
1813:  Double_t \
  57 57 456.6 27 27 0.6 18 54 1.5 0.675  \
  18 54 1.5 0.675 18 54 1.5 0.675 
1829:  Double_t \
  57 57 501.6 27 27 0.6 54 18 0.675 1.5  \
  54 18 0.675 1.5 54 18 0.675 1.5 
2053:  Double_t \
  0 -114 411.6 27 27 0.6 54 22 0.675 2.75  \
  54 10 0.675 2.5 54 22 0.675 2.75 
2069:  Double_t \
  0 -114 456.6 27 27 0.6 22 54 2.75 0.675  \
  10 54 2.5 0.675 22 54 2.75 0.675 
2085:  Double_t \
  0 -114 501.6 27 27 0.6 54 22 0.675 2.75  \
  54 10 0.675 2.5 54 22 0.675 2.75 
2309:  Double_t \
  -114 0 411.6 27 27 0.6 54 22 0.675 2.75  \
  54 10 0.675 2.5 54 22 0.675 2.75 
2325:  Double_t \
  -114 0 456.6 27 27 0.6 22 54 2.75 0.675  \
  10 54 2.5 0.675 22 54 2.75 0.675 
2341:  Double_t \
  -114 0 501.6 27 27 0.6 54 22 0.675 2.75  \
  54 10 0.675 2.5 54 22 0.675 2.75 
2565:  Double_t \
  114 0 411.6 27 27 0.6 54 22 0.675 2.75  \
  54 10 0.675 2.5 54 22 0.675 2.75 
2581:  Double_t \
  114 0 456.6 27 27 0.6 22 54 2.75 0.675  \
  10 54 2.5 0.675 22 54 2.75 0.675 
2597:  Double_t \
  114 0 501.6 27 27 0.6 54 22 0.675 2.75  \
  54 10 0.675 2.5 54 22 0.675 2.75 
2821:  Double_t \
  0 114 411.6 27 27 0.6 54 22 0.675 2.75  \
  54 10 0.675 2.5 54 22 0.675 2.75 
2837:  Double_t \
  0 114 456.6 27 27 0.6 22 54 2.75 0.675  \
  10 54 2.5 0.675 22 54 2.75 0.675 
2853:  Double_t \
  0 114 501.6 27 27 0.6 54 22 0.675 2.75  \
  54 10 0.675 2.5 54 22 0.675 2.75 
3077:  Double_t \
  -57 -114 411.6 27 27 0.6 54 13.5 0.675 6.75  \
  54 27 0.675 6.75 54 13.5 0.675 6.75 
3093:  Double_t \
  -57 -114 456.6 27 27 0.6 13.5 54 6.75 0.675  \
  27 54 6.75 0.675 13.5 54 6.75 0.675 
3109:  Double_t \
  -57 -114 501.6 27 27 0.6 54 13.5 0.675 6.75  \
  54 27 0.675 6.75 54 13.5 0.675 6.75 
3333:  Double_t \
  57 -114 411.6 27 27 0.6 54 13.5 0.675 6.75  \
  54 27 0.675 6.75 54 13.5 0.675 6.75 
3349:  Double_t \
  57 -114 456.6 27 27 0.6 13.5 54 6.75 0.675  \
  27 54 6.75 0.675 13.5 54 6.75 0.675 
3365:  Double_t \
  57 -114 501.6 27 27 0.6 54 13.5 0.675 6.75  \
  54 27 0.675 6.75 54 13.5 0.675 6.75 
3589:  Double_t \
  -114 -57 411.6 27 27 0.6 54 13.5 0.675 6.75  \
  54 27 0.675 6.75 54 13.5 0.675 6.75 
3605:  Double_t \
  -114 -57 456.6 27 27 0.6 13.5 54 6.75 0.675  \
  27 54 6.75 0.675 13.5 54 6.75 0.675 
3621:  Double_t \
  -114 -57 501.6 27 27 0.6 54 13.5 0.675 6.75  \
  54 27 0.675 6.75 54 13.5 0.675 6.75 
3845:  Double_t \
  114 -57 411.6 27 27 0.6 54 13.5 0.675 6.75  \
  54 27 0.675 6.75 54 13.5 0.675 6.75 
3861:  Double_t \
  114 -57 456.6 27 27 0.6 13.5 54 6.75 0.675  \
  27 54 6.75 0.675 13.5 54 6.75 0.675 
3877:  Double_t \
  114 -57 501.6 27 27 0.6 54 13.5 0.675 6.75  \
  54 27 0.675 6.75 54 13.5 0.675 6.75 
4101:  Double_t \
  -114 57 411.6 27 27 0.6 54 13.5 0.675 6.75  \
  54 27 0.675 6.75 54 13.5 0.675 6.75 
4117:  Double_t \
  -114 57 456.6 27 27 0.6 13.5 54 6.75 0.675  \
  27 54 6.75 0.675 13.5 54 6.75 0.675 
4133:  Double_t \
  -114 57 501.6 27 27 0.6 54 13.5 0.675 6.75  \
  54 27 0.675 6.75 54 13.5 0.675 6.75 
4357:  Double_t \
  114 57 411.6 27 27 0.6 54 13.5 0.675 6.75  \
  54 27 0.675 6.75 54 13.5 0.675 6.75 
4373:  Double_t \
  114 57 456.6 27 27 0.6 13.5 54 6.75 0.675  \
  27 54 6.75 0.675 13.5 54 6.75 0.675 
4389:  Double_t \
  114 57 501.6 27 27 0.6 54 13.5 0.675 6.75  \
  54 27 0.675 6.75 54 13.5 0.675 6.75 
4613:  Double_t \
  -57 114 411.6 27 27 0.6 54 13.5 0.675 6.75  \
  54 27 0.675 6.75 54 13.5 0.675 6.75 
4629:  Double_t \
  -57 114 456.6 27 27 0.6 13.5 54 6.75 0.675  \
  27 54 6.75 0.675 13.5 54 6.75 0.675 
4645:  Double_t \
  -57 114 501.6 27 27 0.6 54 13.5 0.675 6.75  \
  54 27 0.675 6.75 54 13.5 0.675 6.75 
4869:  Double_t \
  57 114 411.6 27 27 0.6 54 13.5 0.675 6.75  \
  54 27 0.675 6.75 54 13.5 0.675 6.75 
4885:  Double_t \
  57 114 456.6 27 27 0.6 13.5 54 6.75 0.675  \
  27 54 6.75 0.675 13.5 54 6.75 0.675 
4901:  Double_t \
  57 114 501.6 27 27 0.6 54 13.5 0.675 6.75  \
  54 27 0.675 6.75 54 13.5 0.675 6.75 
5125:  Double_t \
  -114 -114 411.6 27 27 0.6 54 13.5 0.675 6.75  \
  54 27 0.675 6.75 54 13.5 0.675 6.75 
5141:  Double_t \
  -114 -114 456.6 27 27 0.6 13.5 54 6.75 0.675  \
  27 54 6.75 0.675 13.5 54 6.75 0.675 
5157:  Double_t \
  -114 -114 501.6 27 27 0.6 54 13.5 0.675 6.75  \
  54 27 0.675 6.75 54 13.5 0.675 6.75 
5381:  Double_t \
  114 -114 411.6 27 27 0.6 54 13.5 0.675 6.75  \
  54 27 0.675 6.75 54 13.5 0.675 6.75 
5397:  Double_t \
  114 -114 456.6 27 27 0.6 13.5 54 6.75 0.675  \
  27 54 6.75 0.675 13.5 54 6.75 0.675 
5413:  Double_t \
  114 -114 501.6 27 27 0.6 54 13.5 0.675 6.75  \
  54 27 0.675 6.75 54 13.5 0.675 6.75 
5637:  Double_t \
  -114 114 411.6 27 27 0.6 54 13.5 0.675 6.75  \
  54 27 0.675 6.75 54 13.5 0.675 6.75 
5653:  Double_t \
  -114 114 456.6 27 27 0.6 13.5 54 6.75 0.675  \
  27 54 6.75 0.675 13.5 54 6.75 0.675 
5669:  Double_t \
  -114 114 501.6 27 27 0.6 54 13.5 0.675 6.75  \
  54 27 0.675 6.75 54 13.5 0.675 6.75 
5893:  Double_t \
  114 114 411.6 27 27 0.6 54 13.5 0.675 6.75  \
  54 27 0.675 6.75 54 13.5 0.675 6.75 
5909:  Double_t \
  114 114 456.6 27 27 0.6 13.5 54 6.75 0.675  \
  27 54 6.75 0.675 13.5 54 6.75 0.675 
5925:  Double_t \
  114 114 501.6 27 27 0.6 54 13.5 0.675 6.75  \
  54 27 0.675 6.75 54 13.5 0.675 6.75 
6149:  Double_t \
  -95 -190 411.6 45.5 45.5 0.6 91 22.5 0.710938 11.25  \
  91 46 0.710938 11.5 91 22.5 0.710938 11.25 
6165:  Double_t \
  -95 -190 456.6 45.5 45.5 0.6 22.5 91 11.25 0.710938  \
  46 91 11.5 0.710938 22.5 91 11.25 0.710938 
6181:  Double_t \
  -95 -190 501.6 45.5 45.5 0.6 91 22.5 0.710938 11.25  \
  91 46 0.710938 11.5 91 22.5 0.710938 11.25 
6405:  Double_t \
  0 -190 411.6 45.5 45.5 0.6 91 22.5 0.710938 11.25  \
  91 46 0.710938 11.5 91 22.5 0.710938 11.25 
6421:  Double_t \
  0 -190 456.6 45.5 45.5 0.6 22.5 91 11.25 0.710938  \
  46 91 11.5 0.710938 22.5 91 11.25 0.710938 
6437:  Double_t \
  0 -190 501.6 45.5 45.5 0.6 91 22.5 0.710938 11.25  \
  91 46 0.710938 11.5 91 22.5 0.710938 11.25 
6661:  Double_t \
  95 -190 411.6 45.5 45.5 0.6 91 22.5 0.710938 11.25  \
  91 46 0.710938 11.5 91 22.5 0.710938 11.25 
6677:  Double_t \
  95 -190 456.6 45.5 45.5 0.6 22.5 91 11.25 0.710938  \
  46 91 11.5 0.710938 22.5 91 11.25 0.710938 
6693:  Double_t \
  95 -190 501.6 45.5 45.5 0.6 91 22.5 0.710938 11.25  \
  91 46 0.710938 11.5 91 22.5 0.710938 11.25 
6917:  Double_t \
  -190 -95 411.6 45.5 45.5 0.6 91 22.5 0.710938 11.25  \
  91 46 0.710938 11.5 91 22.5 0.710938 11.25 
6933:  Double_t \
  -190 -95 456.6 45.5 45.5 0.6 22.5 91 11.25 0.710938  \
  46 91 11.5 0.710938 22.5 91 11.25 0.710938 
6949:  Double_t \
  -190 -95 501.6 45.5 45.5 0.6 91 22.5 0.710938 11.25  \
  91 46 0.710938 11.5 91 22.5 0.710938 11.25 
7173:  Double_t \
  190 -95 411.6 45.5 45.5 0.6 91 22.5 0.710938 11.25  \
  91 46 0.710938 11.5 91 22.5 0.710938 11.25 
7189:  Double_t \
  190 -95 456.6 45.5 45.5 0.6 22.5 91 11.25 0.710938  \
  46 91 11.5 0.710938 22.5 91 11.25 0.710938 
7205:  Double_t \
  190 -95 501.6 45.5 45.5 0.6 91 22.5 0.710938 11.25  \
  91 46 0.710938 11.5 91 22.5 0.710938 11.25 
7429:  Double_t \
  -190 0 411.6 45.5 45.5 0.6 91 22.5 0.710938 11.25  \
  91 46 0.710938 11.5 91 22.5 0.710938 11.25 
7445:  Double_t \
  -190 0 456.6 45.5 45.5 0.6 22.5 91 11.25 0.710938  \
  46 91 11.5 0.710938 22.5 91 11.25 0.710938 
7461:  Double_t \
  -190 0 501.6 45.5 45.5 0.6 91 22.5 0.710938 11.25  \
  91 46 0.710938 11.5 91 22.5 0.710938 11.25 
7685:  Double_t \
  190 0 411.6 45.5 45.5 0.6 91 22.5 0.710938 11.25  \
  91 46 0.710938 11.5 91 22.5 0.710938 11.25 
7701:  Double_t \
  190 0 456.6 45.5 45.5 0.6 22.5 91 11.25 0.710938  \
  46 91 11.5 0.710938 22.5 91 11.25 0.710938 
7717:  Double_t \
  190 0 501.6 45.5 45.5 0.6 91 22.5 0.710938 11.25  \
  91 46 0.710938 11.5 91 22.5 0.710938 11.25 
7941:  Double_t \
  -190 95 411.6 45.5 45.5 0.6 91 22.5 0.710938 11.25  \
  91 46 0.710938 11.5 91 22.5 0.710938 11.25 
7957:  Double_t \
  -190 95 456.6 45.5 45.5 0.6 22.5 91 11.25 0.710938  \
  46 91 11.5 0.710938 22.5 91 11.25 0.710938 
7973:  Double_t \
  -190 95 501.6 45.5 45.5 0.6 91 22.5 0.710938 11.25  \
  91 46 0.710938 11.5 91 22.5 0.710938 11.25 
8197:  Double_t \
  190 95 411.6 45.5 45.5 0.6 91 22.5 0.710938 11.25  \
  91 46 0.710938 11.5 91 22.5 0.710938 11.25 
8213:  Double_t \
  190 95 456.6 45.5 45.5 0.6 22.5 91 11.25 0.710938  \
  46 91 11.5 0.710938 22.5 91 11.25 0.710938 
8229:  Double_t \
  190 95 501.6 45.5 45.5 0.6 91 22.5 0.710938 11.25  \
  91 46 0.710938 11.5 91 22.5 0.710938 11.25 
8453:  Double_t \
  -95 190 411.6 45.5 45.5 0.6 91 22.5 0.710938 11.25  \
  91 46 0.710938 11.5 91 22.5 0.710938 11.25 
8469:  Double_t \
  -95 190 456.6 45.5 45.5 0.6 22.5 91 11.25 0.710938  \
  46 91 11.5 0.710938 22.5 91 11.25 0.710938 
8485:  Double_t \
  -95 190 501.6 45.5 45.5 0.6 91 22.5 0.710938 11.25  \
  91 46 0.710938 11.5 91 22.5 0.710938 11.25 
8709:  Double_t \
  0 190 411.6 45.5 45.5 0.6 91 22.5 0.710938 11.25  \
  91 46 0.710938 11.5 91 22.5 0.710938 11.25 
8725:  Double_t \
  0 190 456.6 45.5 45.5 0.6 22.5 91 11.25 0.710938  \
  46 91 11.5 0.710938 22.5 91 11.25 0.710938 
8741:  Double_t \
  0 190 501.6 45.5 45.5 0.6 91 22.5 0.710938 11.25  \
  91 46 0.710938 11.5 91 22.5 0.710938 11.25 
8965:  Double_t \
  95 190 411.6 45.5 45.5 0.6 91 22.5 0.710938 11.25  \
  91 46 0.710938 11.5 91 22.5 0.710938 11.25 
8981:  Double_t \
  95 190 456.6 45.5 45.5 0.6 22.5 91 11.25 0.710938  \
  46 91 11.5 0.710938 22.5 91 11.25 0.710938 
8997:  Double_t \
  95 190 501.6 45.5 45.5 0.6 91 22.5 0.710938 11.25  \
  91 46 0.710938 11.5 91 22.5 0.710938 11.25 
9221:  Double_t \
  -285 -190 411.6 45.5 45.5 0.6 91 30 0.710938 15  \
  91 31 0.710938 15.5 91 30 0.710938 15 
9237:  Double_t \
  -285 -190 456.6 45.5 45.5 0.6 30 91 15 0.710938  \
  31 91 15.5 0.710938 30 91 15 0.710938 
9253:  Double_t \
  -285 -190 501.6 45.5 45.5 0.6 91 30 0.710938 15  \
  91 31 0.710938 15.5 91 30 0.710938 15 
9477:  Double_t \
  -190 -190 411.6 45.5 45.5 0.6 91 30 0.710938 15  \
  91 31 0.710938 15.5 91 30 0.710938 15 
9493:  Double_t \
  -190 -190 456.6 45.5 45.5 0.6 30 91 15 0.710938  \
  31 91 15.5 0.710938 30 91 15 0.710938 
9509:  Double_t \
  -190 -190 501.6 45.5 45.5 0.6 91 30 0.710938 15  \
  91 31 0.710938 15.5 91 30 0.710938 15 
9733:  Double_t \
  190 -190 411.6 45.5 45.5 0.6 91 30 0.710938 15  \
  91 31 0.710938 15.5 91 30 0.710938 15 
9749:  Double_t \
  190 -190 456.6 45.5 45.5 0.6 30 91 15 0.710938  \
  31 91 15.5 0.710938 30 91 15 0.710938 
9765:  Double_t \
  190 -190 501.6 45.5 45.5 0.6 91 30 0.710938 15  \
  91 31 0.710938 15.5 91 30 0.710938 15 
9989:  Double_t \
  285 -190 411.6 45.5 45.5 0.6 91 30 0.710938 15  \
  91 31 0.710938 15.5 91 30 0.710938 15 
10005:  Double_t \
  285 -190 456.6 45.5 45.5 0.6 30 91 15 0.710938  \
  31 91 15.5 0.710938 30 91 15 0.710938 
10021:  Double_t \
  285 -190 501.6 45.5 45.5 0.6 91 30 0.710938 15  \
  91 31 0.710938 15.5 91 30 0.710938 15 
10245:  Double_t \
  -285 -95 411.6 45.5 45.5 0.6 91 30 0.710938 15  \
  91 31 0.710938 15.5 91 30 0.710938 15 
10261:  Double_t \
  -285 -95 456.6 45.5 45.5 0.6 30 91 15 0.710938  \
  31 91 15.5 0.710938 30 91 15 0.710938 
10277:  Double_t \
  -285 -95 501.6 45.5 45.5 0.6 91 30 0.710938 15  \
  91 31 0.710938 15.5 91 30 0.710938 15 
10501:  Double_t \
  285 -95 411.6 45.5 45.5 0.6 91 30 0.710938 15  \
  91 31 0.710938 15.5 91 30 0.710938 15 
10517:  Double_t \
  285 -95 456.6 45.5 45.5 0.6 30 91 15 0.710938  \
  31 91 15.5 0.710938 30 91 15 0.710938 
10533:  Double_t \
  285 -95 501.6 45.5 45.5 0.6 91 30 0.710938 15  \
  91 31 0.710938 15.5 91 30 0.710938 15 
10757:  Double_t \
  -285 0 411.6 45.5 45.5 0.6 91 30 0.710938 15  \
  91 31 0.710938 15.5 91 30 0.710938 15 
10773:  Double_t \
  -285 0 456.6 45.5 45.5 0.6 30 91 15 0.710938  \
  31 91 15.5 0.710938 30 91 15 0.710938 
10789:  Double_t \
  -285 0 501.6 45.5 45.5 0.6 91 30 0.710938 15  \
  91 31 0.710938 15.5 91 30 0.710938 15 
11013:  Double_t \
  285 0 411.6 45.5 45.5 0.6 91 30 0.710938 15  \
  91 31 0.710938 15.5 91 30 0.710938 15 
11029:  Double_t \
  285 0 456.6 45.5 45.5 0.6 30 91 15 0.710938  \
  31 91 15.5 0.710938 30 91 15 0.710938 
11045:  Double_t \
  285 0 501.6 45.5 45.5 0.6 91 30 0.710938 15  \
  91 31 0.710938 15.5 91 30 0.710938 15 
11269:  Double_t \
  -285 95 411.6 45.5 45.5 0.6 91 30 0.710938 15  \
  91 31 0.710938 15.5 91 30 0.710938 15 
11285:  Double_t \
  -285 95 456.6 45.5 45.5 0.6 30 91 15 0.710938  \
  31 91 15.5 0.710938 30 91 15 0.710938 
11301:  Double_t \
  -285 95 501.6 45.5 45.5 0.6 91 30 0.710938 15  \
  91 31 0.710938 15.5 91 30 0.710938 15 
11525:  Double_t \
  285 95 411.6 45.5 45.5 0.6 91 30 0.710938 15  \
  91 31 0.710938 15.5 91 30 0.710938 15 
11541:  Double_t \
  285 95 456.6 45.5 45.5 0.6 30 91 15 0.710938  \
  31 91 15.5 0.710938 30 91 15 0.710938 
11557:  Double_t \
  285 95 501.6 45.5 45.5 0.6 91 30 0.710938 15  \
  91 31 0.710938 15.5 91 30 0.710938 15 
11781:  Double_t \
  -285 190 411.6 45.5 45.5 0.6 91 30 0.710938 15  \
  91 31 0.710938 15.5 91 30 0.710938 15 
11797:  Double_t \
  -285 190 456.6 45.5 45.5 0.6 30 91 15 0.710938  \
  31 91 15.5 0.710938 30 91 15 0.710938 
11813:  Double_t \
  -285 190 501.6 45.5 45.5 0.6 91 30 0.710938 15  \
  91 31 0.710938 15.5 91 30 0.710938 15 
12037:  Double_t \
  -190 190 411.6 45.5 45.5 0.6 91 30 0.710938 15  \
  91 31 0.710938 15.5 91 30 0.710938 15 
12053:  Double_t \
  -190 190 456.6 45.5 45.5 0.6 30 91 15 0.710938  \
  31 91 15.5 0.710938 30 91 15 0.710938 
12069:  Double_t \
  -190 190 501.6 45.5 45.5 0.6 91 30 0.710938 15  \
  91 31 0.710938 15.5 91 30 0.710938 15 
12293:  Double_t \
  190 190 411.6 45.5 45.5 0.6 91 30 0.710938 15  \
  91 31 0.710938 15.5 91 30 0.710938 15 
12309:  Double_t \
  190 190 456.6 45.5 45.5 0.6 30 91 15 0.710938  \
  31 91 15.5 0.710938 30 91 15 0.710938 
12325:  Double_t \
  190 190 501.6 45.5 45.5 0.6 91 30 0.710938 15  \
  91 31 0.710938 15.5 91 30 0.710938 15 
12549:  Double_t \
  285 190 411.6 45.5 45.5 0.6 91 30 0.710938 15  \
  91 31 0.710938 15.5 91 30 0.710938 15 
12565:  Double_t \
  285 190 456.6 45.5 45.5 0.6 30 91 15 0.710938  \
  31 91 15.5 0.710938 30 91 15 0.710938 
12581:  Double_t \
  285 190 501.6 45.5 45.5 0.6 91 30 0.710938 15  \
  91 31 0.710938 15.5 91 30 0.710938 15 