##############################################################################
# Class:   CbmTrdDigiPar
# Context: TestDefaultContext
##############################################################################
[CbmTrdDigiPar]
//----------------------------------------------------------------------------
NrOfModules:  Int_t  224 
MaxSectors:  Int_t  3 
ModuleIdArray:  Int_t \
  135717 136229 136741 137253 139813 140325 140837 141349 143909 144421  \
  144933 145445 266789 267301 267813 268325 270885 271397 271909 272421  \
  274981 275493 276005 276517 397861 398373 398885 399397 401957 402469  \
  402981 403493 406053 406565 407077 407589 528933 529445 529957 530469  \
  533029 533541 534053 534565 537125 537637 538149 538661 660005 660517  \
  661029 661541 664101 664613 665125 665637 668197 668709 669221 669733  \
  791077 791589 792101 792613 795173 795685 796197 796709 799269 799781  \
  800293 800805 922149 922661 923173 923685 926245 926757 927269 927781  \
  930341 930853 931365 931877 1053221 1053733 1054245 1054757 1057317 1057829  \
  1058341 1058853 1061413 1061925 1062437 1062949 1188389 1188901 1189413 1189925  \
  1192485 1192997 1193509 1194021 1319461 1319973 1320485 1320997 1323557 1324069  \
  1324581 1325093 1450533 1451045 1451557 1452069 1454629 1455141 1455653 1456165  \
  1581605 1582117 1582629 1583141 1585701 1586213 1586725 1587237 1716773 1717285  \
  1717797 1718309 1847845 1848357 1848869 1849381 1978917 1979429 1979941 1980453  \
  2109989 2110501 2111013 2111525 2241061 2241573 2242085 2242597 2372133 2372645  \
  2373157 2373669 2503205 2503717 2504229 2504741 2634277 2634789 2635301 2635813  \
  2765349 2765861 2766373 2766885 2896421 2896933 2897445 2897957 3027493 3028005  \
  3028517 3029029 3158565 3159077 3159589 3160101 3289637 3290149 3290661 3291173  \
  3420709 3421221 3421733 3422245 3551781 3552293 3552805 3553317 3682853 3683365  \
  3683877 3684389 3813925 3814437 3814949 3815461 3944997 3945509 3946021 3946533  \
  4076069 4076581 4077093 4077605 4207141 4207653 4208165 4208677 4338213 4338725  \
  4339237 4339749 4469285 4469797 4470309 4470821 4600357 4600869 4601381 4601893  \
  4731429 4731941 4732453 4732965 
135717:  Double_t \
  50 0 523.2 23 23 0.3 46 16 0.5 2  \
  46 14 0.5 2 46 16 0.5 2 
136229:  Double_t \
  50 0 538.2 23 23 0.3 16 46 2 0.5  \
  14 46 2 0.5 16 46 2 0.5 
136741:  Double_t \
  50 0 553.2 23 23 0.3 46 16 0.5 2  \
  46 14 0.5 2 46 16 0.5 2 
137253:  Double_t \
  50 0 568.2 23 23 0.3 16 46 2 0.5  \
  14 46 2 0.5 16 46 2 0.5 
139813:  Double_t \
  112.5 37.5 523.2 35.5 35.5 0.3 71 32 0.5 4  \
  71 7 0.5 3.5 71 32 0.5 4 
140325:  Double_t \
  112.5 37.5 538.2 35.5 35.5 0.3 32 71 4 0.5  \
  7 71 3.5 0.5 32 71 4 0.5 
140837:  Double_t \
  112.5 37.5 553.2 35.5 35.5 0.3 71 32 0.5 4  \
  71 7 0.5 3.5 71 32 0.5 4 
141349:  Double_t \
  112.5 37.5 568.2 35.5 35.5 0.3 32 71 4 0.5  \
  7 71 3.5 0.5 32 71 4 0.5 
143909:  Double_t \
  200 100 523.2 48 48 0.3 96 38 0.5 9.5  \
  96 20 0.5 10 96 38 0.5 9.5 
144421:  Double_t \
  200 100 538.2 48 48 0.3 38 96 9.5 0.5  \
  20 96 10 0.5 38 96 9.5 0.5 
144933:  Double_t \
  200 100 553.2 48 48 0.3 96 38 0.5 9.5  \
  96 20 0.5 10 96 38 0.5 9.5 
145445:  Double_t \
  200 100 568.2 48 48 0.3 38 96 9.5 0.5  \
  20 96 10 0.5 38 96 9.5 0.5 
266789:  Double_t \
  0 50 523.2 23 23 0.3 46 16 0.5 2  \
  46 14 0.5 2 46 16 0.5 2 
267301:  Double_t \
  0 50 538.2 23 23 0.3 16 46 2 0.5  \
  14 46 2 0.5 16 46 2 0.5 
267813:  Double_t \
  0 50 553.2 23 23 0.3 46 16 0.5 2  \
  46 14 0.5 2 46 16 0.5 2 
268325:  Double_t \
  0 50 568.2 23 23 0.3 16 46 2 0.5  \
  14 46 2 0.5 16 46 2 0.5 
270885:  Double_t \
  -112.5 37.5 523.2 35.5 35.5 0.3 71 32 0.5 4  \
  71 7 0.5 3.5 71 32 0.5 4 
271397:  Double_t \
  -112.5 37.5 538.2 35.5 35.5 0.3 32 71 4 0.5  \
  7 71 3.5 0.5 32 71 4 0.5 
271909:  Double_t \
  -112.5 37.5 553.2 35.5 35.5 0.3 71 32 0.5 4  \
  71 7 0.5 3.5 71 32 0.5 4 
272421:  Double_t \
  -112.5 37.5 568.2 35.5 35.5 0.3 32 71 4 0.5  \
  7 71 3.5 0.5 32 71 4 0.5 
274981:  Double_t \
  200 0 523.2 48 48 0.3 96 38 0.5 9.5  \
  96 20 0.5 10 96 38 0.5 9.5 
275493:  Double_t \
  200 0 538.2 48 48 0.3 38 96 9.5 0.5  \
  20 96 10 0.5 38 96 9.5 0.5 
276005:  Double_t \
  200 0 553.2 48 48 0.3 96 38 0.5 9.5  \
  96 20 0.5 10 96 38 0.5 9.5 
276517:  Double_t \
  200 0 568.2 48 48 0.3 38 96 9.5 0.5  \
  20 96 10 0.5 38 96 9.5 0.5 
397861:  Double_t \
  -50 0 523.2 23 23 0.3 46 16 0.5 2  \
  46 14 0.5 2 46 16 0.5 2 
398373:  Double_t \
  -50 0 538.2 23 23 0.3 16 46 2 0.5  \
  14 46 2 0.5 16 46 2 0.5 
398885:  Double_t \
  -50 0 553.2 23 23 0.3 46 16 0.5 2  \
  46 14 0.5 2 46 16 0.5 2 
399397:  Double_t \
  -50 0 568.2 23 23 0.3 16 46 2 0.5  \
  14 46 2 0.5 16 46 2 0.5 
401957:  Double_t \
  -112.5 -37.5 523.2 35.5 35.5 0.3 71 32 0.5 4  \
  71 7 0.5 3.5 71 32 0.5 4 
402469:  Double_t \
  -112.5 -37.5 538.2 35.5 35.5 0.3 32 71 4 0.5  \
  7 71 3.5 0.5 32 71 4 0.5 
402981:  Double_t \
  -112.5 -37.5 553.2 35.5 35.5 0.3 71 32 0.5 4  \
  71 7 0.5 3.5 71 32 0.5 4 
403493:  Double_t \
  -112.5 -37.5 568.2 35.5 35.5 0.3 32 71 4 0.5  \
  7 71 3.5 0.5 32 71 4 0.5 
406053:  Double_t \
  200 -100 523.2 48 48 0.3 96 38 0.5 9.5  \
  96 20 0.5 10 96 38 0.5 9.5 
406565:  Double_t \
  200 -100 538.2 48 48 0.3 38 96 9.5 0.5  \
  20 96 10 0.5 38 96 9.5 0.5 
407077:  Double_t \
  200 -100 553.2 48 48 0.3 96 38 0.5 9.5  \
  96 20 0.5 10 96 38 0.5 9.5 
407589:  Double_t \
  200 -100 568.2 48 48 0.3 38 96 9.5 0.5  \
  20 96 10 0.5 38 96 9.5 0.5 
528933:  Double_t \
  0 -50 523.2 23 23 0.3 46 16 0.5 2  \
  46 14 0.5 2 46 16 0.5 2 
529445:  Double_t \
  0 -50 538.2 23 23 0.3 16 46 2 0.5  \
  14 46 2 0.5 16 46 2 0.5 
529957:  Double_t \
  0 -50 553.2 23 23 0.3 46 16 0.5 2  \
  46 14 0.5 2 46 16 0.5 2 
530469:  Double_t \
  0 -50 568.2 23 23 0.3 16 46 2 0.5  \
  14 46 2 0.5 16 46 2 0.5 
533029:  Double_t \
  112.5 -37.5 523.2 35.5 35.5 0.3 71 32 0.5 4  \
  71 7 0.5 3.5 71 32 0.5 4 
533541:  Double_t \
  112.5 -37.5 538.2 35.5 35.5 0.3 32 71 4 0.5  \
  7 71 3.5 0.5 32 71 4 0.5 
534053:  Double_t \
  112.5 -37.5 553.2 35.5 35.5 0.3 71 32 0.5 4  \
  71 7 0.5 3.5 71 32 0.5 4 
534565:  Double_t \
  112.5 -37.5 568.2 35.5 35.5 0.3 32 71 4 0.5  \
  7 71 3.5 0.5 32 71 4 0.5 
537125:  Double_t \
  -200 -100 523.2 48 48 0.3 96 38 0.5 9.5  \
  96 20 0.5 10 96 38 0.5 9.5 
537637:  Double_t \
  -200 -100 538.2 48 48 0.3 38 96 9.5 0.5  \
  20 96 10 0.5 38 96 9.5 0.5 
538149:  Double_t \
  -200 -100 553.2 48 48 0.3 96 38 0.5 9.5  \
  96 20 0.5 10 96 38 0.5 9.5 
538661:  Double_t \
  -200 -100 568.2 48 48 0.3 38 96 9.5 0.5  \
  20 96 10 0.5 38 96 9.5 0.5 
660005:  Double_t \
  50 50 523.2 23 23 0.3 46 21 0.5 3  \
  46 4 0.5 2 46 21 0.5 3 
660517:  Double_t \
  50 50 538.2 23 23 0.3 21 46 3 0.5  \
  4 46 2 0.5 21 46 3 0.5 
661029:  Double_t \
  50 50 553.2 23 23 0.3 46 21 0.5 3  \
  46 4 0.5 2 46 21 0.5 3 
661541:  Double_t \
  50 50 568.2 23 23 0.3 21 46 3 0.5  \
  4 46 2 0.5 21 46 3 0.5 
664101:  Double_t \
  112.5 112.5 523.2 35.5 35.5 0.3 71 32 0.5 8  \
  71 7 0.5 7 71 32 0.5 8 
664613:  Double_t \
  112.5 112.5 538.2 35.5 35.5 0.3 32 71 8 0.5  \
  7 71 7 0.5 32 71 8 0.5 
665125:  Double_t \
  112.5 112.5 553.2 35.5 35.5 0.3 71 32 0.5 8  \
  71 7 0.5 7 71 32 0.5 8 
665637:  Double_t \
  112.5 112.5 568.2 35.5 35.5 0.3 32 71 8 0.5  \
  7 71 7 0.5 32 71 8 0.5 
668197:  Double_t \
  -200 0 523.2 48 48 0.3 96 38 0.5 9.5  \
  96 20 0.5 10 96 38 0.5 9.5 
668709:  Double_t \
  -200 0 538.2 48 48 0.3 38 96 9.5 0.5  \
  20 96 10 0.5 38 96 9.5 0.5 
669221:  Double_t \
  -200 0 553.2 48 48 0.3 96 38 0.5 9.5  \
  96 20 0.5 10 96 38 0.5 9.5 
669733:  Double_t \
  -200 0 568.2 48 48 0.3 38 96 9.5 0.5  \
  20 96 10 0.5 38 96 9.5 0.5 
791077:  Double_t \
  50 -50 523.2 23 23 0.3 46 21 0.5 3  \
  46 4 0.5 2 46 21 0.5 3 
791589:  Double_t \
  50 -50 538.2 23 23 0.3 21 46 3 0.5  \
  4 46 2 0.5 21 46 3 0.5 
792101:  Double_t \
  50 -50 553.2 23 23 0.3 46 21 0.5 3  \
  46 4 0.5 2 46 21 0.5 3 
792613:  Double_t \
  50 -50 568.2 23 23 0.3 21 46 3 0.5  \
  4 46 2 0.5 21 46 3 0.5 
795173:  Double_t \
  37.5 112.5 523.2 35.5 35.5 0.3 71 32 0.5 8  \
  71 7 0.5 7 71 32 0.5 8 
795685:  Double_t \
  37.5 112.5 538.2 35.5 35.5 0.3 32 71 8 0.5  \
  7 71 7 0.5 32 71 8 0.5 
796197:  Double_t \
  37.5 112.5 553.2 35.5 35.5 0.3 71 32 0.5 8  \
  71 7 0.5 7 71 32 0.5 8 
796709:  Double_t \
  37.5 112.5 568.2 35.5 35.5 0.3 32 71 8 0.5  \
  7 71 7 0.5 32 71 8 0.5 
799269:  Double_t \
  -200 100 523.2 48 48 0.3 96 38 0.5 9.5  \
  96 20 0.5 10 96 38 0.5 9.5 
799781:  Double_t \
  -200 100 538.2 48 48 0.3 38 96 9.5 0.5  \
  20 96 10 0.5 38 96 9.5 0.5 
800293:  Double_t \
  -200 100 553.2 48 48 0.3 96 38 0.5 9.5  \
  96 20 0.5 10 96 38 0.5 9.5 
800805:  Double_t \
  -200 100 568.2 48 48 0.3 38 96 9.5 0.5  \
  20 96 10 0.5 38 96 9.5 0.5 
922149:  Double_t \
  -50 -50 523.2 23 23 0.3 46 21 0.5 3  \
  46 4 0.5 2 46 21 0.5 3 
922661:  Double_t \
  -50 -50 538.2 23 23 0.3 21 46 3 0.5  \
  4 46 2 0.5 21 46 3 0.5 
923173:  Double_t \
  -50 -50 553.2 23 23 0.3 46 21 0.5 3  \
  46 4 0.5 2 46 21 0.5 3 
923685:  Double_t \
  -50 -50 568.2 23 23 0.3 21 46 3 0.5  \
  4 46 2 0.5 21 46 3 0.5 
926245:  Double_t \
  -37.5 112.5 523.2 35.5 35.5 0.3 71 32 0.5 8  \
  71 7 0.5 7 71 32 0.5 8 
926757:  Double_t \
  -37.5 112.5 538.2 35.5 35.5 0.3 32 71 8 0.5  \
  7 71 7 0.5 32 71 8 0.5 
927269:  Double_t \
  -37.5 112.5 553.2 35.5 35.5 0.3 71 32 0.5 8  \
  71 7 0.5 7 71 32 0.5 8 
927781:  Double_t \
  -37.5 112.5 568.2 35.5 35.5 0.3 32 71 8 0.5  \
  7 71 7 0.5 32 71 8 0.5 
930341:  Double_t \
  200 200 523.2 48 48 0.3 96 38 0.5 19  \
  96 20 0.5 20 96 38 0.5 19 
930853:  Double_t \
  200 200 538.2 48 48 0.3 38 96 19 0.5  \
  20 96 20 0.5 38 96 19 0.5 
931365:  Double_t \
  200 200 553.2 48 48 0.3 96 38 0.5 19  \
  96 20 0.5 20 96 38 0.5 19 
931877:  Double_t \
  200 200 568.2 48 48 0.3 38 96 19 0.5  \
  20 96 20 0.5 38 96 19 0.5 
1053221:  Double_t \
  -50 50 523.2 23 23 0.3 46 21 0.5 3  \
  46 4 0.5 2 46 21 0.5 3 
1053733:  Double_t \
  -50 50 538.2 23 23 0.3 21 46 3 0.5  \
  4 46 2 0.5 21 46 3 0.5 
1054245:  Double_t \
  -50 50 553.2 23 23 0.3 46 21 0.5 3  \
  46 4 0.5 2 46 21 0.5 3 
1054757:  Double_t \
  -50 50 568.2 23 23 0.3 21 46 3 0.5  \
  4 46 2 0.5 21 46 3 0.5 
1057317:  Double_t \
  -112.5 112.5 523.2 35.5 35.5 0.3 71 32 0.5 8  \
  71 7 0.5 7 71 32 0.5 8 
1057829:  Double_t \
  -112.5 112.5 538.2 35.5 35.5 0.3 32 71 8 0.5  \
  7 71 7 0.5 32 71 8 0.5 
1058341:  Double_t \
  -112.5 112.5 553.2 35.5 35.5 0.3 71 32 0.5 8  \
  71 7 0.5 7 71 32 0.5 8 
1058853:  Double_t \
  -112.5 112.5 568.2 35.5 35.5 0.3 32 71 8 0.5  \
  7 71 7 0.5 32 71 8 0.5 
1061413:  Double_t \
  200 -200 523.2 48 48 0.3 96 38 0.5 19  \
  96 20 0.5 20 96 38 0.5 19 
1061925:  Double_t \
  200 -200 538.2 48 48 0.3 38 96 19 0.5  \
  20 96 20 0.5 38 96 19 0.5 
1062437:  Double_t \
  200 -200 553.2 48 48 0.3 96 38 0.5 19  \
  96 20 0.5 20 96 38 0.5 19 
1062949:  Double_t \
  200 -200 568.2 48 48 0.3 38 96 19 0.5  \
  20 96 20 0.5 38 96 19 0.5 
1188389:  Double_t \
  -112.5 -112.5 523.2 35.5 35.5 0.3 71 32 0.5 8  \
  71 7 0.5 7 71 32 0.5 8 
1188901:  Double_t \
  -112.5 -112.5 538.2 35.5 35.5 0.3 32 71 8 0.5  \
  7 71 7 0.5 32 71 8 0.5 
1189413:  Double_t \
  -112.5 -112.5 553.2 35.5 35.5 0.3 71 32 0.5 8  \
  71 7 0.5 7 71 32 0.5 8 
1189925:  Double_t \
  -112.5 -112.5 568.2 35.5 35.5 0.3 32 71 8 0.5  \
  7 71 7 0.5 32 71 8 0.5 
1192485:  Double_t \
  100 200 523.2 48 48 0.3 96 38 0.5 19  \
  96 20 0.5 20 96 38 0.5 19 
1192997:  Double_t \
  100 200 538.2 48 48 0.3 38 96 19 0.5  \
  20 96 20 0.5 38 96 19 0.5 
1193509:  Double_t \
  100 200 553.2 48 48 0.3 96 38 0.5 19  \
  96 20 0.5 20 96 38 0.5 19 
1194021:  Double_t \
  100 200 568.2 48 48 0.3 38 96 19 0.5  \
  20 96 20 0.5 38 96 19 0.5 
1319461:  Double_t \
  -37.5 -112.5 523.2 35.5 35.5 0.3 71 32 0.5 8  \
  71 7 0.5 7 71 32 0.5 8 
1319973:  Double_t \
  -37.5 -112.5 538.2 35.5 35.5 0.3 32 71 8 0.5  \
  7 71 7 0.5 32 71 8 0.5 
1320485:  Double_t \
  -37.5 -112.5 553.2 35.5 35.5 0.3 71 32 0.5 8  \
  71 7 0.5 7 71 32 0.5 8 
1320997:  Double_t \
  -37.5 -112.5 568.2 35.5 35.5 0.3 32 71 8 0.5  \
  7 71 7 0.5 32 71 8 0.5 
1323557:  Double_t \
  0 200 523.2 48 48 0.3 96 38 0.5 19  \
  96 20 0.5 20 96 38 0.5 19 
1324069:  Double_t \
  0 200 538.2 48 48 0.3 38 96 19 0.5  \
  20 96 20 0.5 38 96 19 0.5 
1324581:  Double_t \
  0 200 553.2 48 48 0.3 96 38 0.5 19  \
  96 20 0.5 20 96 38 0.5 19 
1325093:  Double_t \
  0 200 568.2 48 48 0.3 38 96 19 0.5  \
  20 96 20 0.5 38 96 19 0.5 
1450533:  Double_t \
  37.5 -112.5 523.2 35.5 35.5 0.3 71 32 0.5 8  \
  71 7 0.5 7 71 32 0.5 8 
1451045:  Double_t \
  37.5 -112.5 538.2 35.5 35.5 0.3 32 71 8 0.5  \
  7 71 7 0.5 32 71 8 0.5 
1451557:  Double_t \
  37.5 -112.5 553.2 35.5 35.5 0.3 71 32 0.5 8  \
  71 7 0.5 7 71 32 0.5 8 
1452069:  Double_t \
  37.5 -112.5 568.2 35.5 35.5 0.3 32 71 8 0.5  \
  7 71 7 0.5 32 71 8 0.5 
1454629:  Double_t \
  -100 200 523.2 48 48 0.3 96 38 0.5 19  \
  96 20 0.5 20 96 38 0.5 19 
1455141:  Double_t \
  -100 200 538.2 48 48 0.3 38 96 19 0.5  \
  20 96 20 0.5 38 96 19 0.5 
1455653:  Double_t \
  -100 200 553.2 48 48 0.3 96 38 0.5 19  \
  96 20 0.5 20 96 38 0.5 19 
1456165:  Double_t \
  -100 200 568.2 48 48 0.3 38 96 19 0.5  \
  20 96 20 0.5 38 96 19 0.5 
1581605:  Double_t \
  112.5 -112.5 523.2 35.5 35.5 0.3 71 32 0.5 8  \
  71 7 0.5 7 71 32 0.5 8 
1582117:  Double_t \
  112.5 -112.5 538.2 35.5 35.5 0.3 32 71 8 0.5  \
  7 71 7 0.5 32 71 8 0.5 
1582629:  Double_t \
  112.5 -112.5 553.2 35.5 35.5 0.3 71 32 0.5 8  \
  71 7 0.5 7 71 32 0.5 8 
1583141:  Double_t \
  112.5 -112.5 568.2 35.5 35.5 0.3 32 71 8 0.5  \
  7 71 7 0.5 32 71 8 0.5 
1585701:  Double_t \
  300 200 523.2 48 48 0.3 96 38 0.5 19  \
  96 20 0.5 20 96 38 0.5 19 
1586213:  Double_t \
  300 200 538.2 48 48 0.3 38 96 19 0.5  \
  20 96 20 0.5 38 96 19 0.5 
1586725:  Double_t \
  300 200 553.2 48 48 0.3 96 38 0.5 19  \
  96 20 0.5 20 96 38 0.5 19 
1587237:  Double_t \
  300 200 568.2 48 48 0.3 38 96 19 0.5  \
  20 96 20 0.5 38 96 19 0.5 
1716773:  Double_t \
  300 100 523.2 48 48 0.3 96 38 0.5 19  \
  96 20 0.5 20 96 38 0.5 19 
1717285:  Double_t \
  300 100 538.2 48 48 0.3 38 96 19 0.5  \
  20 96 20 0.5 38 96 19 0.5 
1717797:  Double_t \
  300 100 553.2 48 48 0.3 96 38 0.5 19  \
  96 20 0.5 20 96 38 0.5 19 
1718309:  Double_t \
  300 100 568.2 48 48 0.3 38 96 19 0.5  \
  20 96 20 0.5 38 96 19 0.5 
1847845:  Double_t \
  300 0 523.2 48 48 0.3 96 38 0.5 19  \
  96 20 0.5 20 96 38 0.5 19 
1848357:  Double_t \
  300 0 538.2 48 48 0.3 38 96 19 0.5  \
  20 96 20 0.5 38 96 19 0.5 
1848869:  Double_t \
  300 0 553.2 48 48 0.3 96 38 0.5 19  \
  96 20 0.5 20 96 38 0.5 19 
1849381:  Double_t \
  300 0 568.2 48 48 0.3 38 96 19 0.5  \
  20 96 20 0.5 38 96 19 0.5 
1978917:  Double_t \
  300 -100 523.2 48 48 0.3 96 38 0.5 19  \
  96 20 0.5 20 96 38 0.5 19 
1979429:  Double_t \
  300 -100 538.2 48 48 0.3 38 96 19 0.5  \
  20 96 20 0.5 38 96 19 0.5 
1979941:  Double_t \
  300 -100 553.2 48 48 0.3 96 38 0.5 19  \
  96 20 0.5 20 96 38 0.5 19 
1980453:  Double_t \
  300 -100 568.2 48 48 0.3 38 96 19 0.5  \
  20 96 20 0.5 38 96 19 0.5 
2109989:  Double_t \
  300 -200 523.2 48 48 0.3 96 38 0.5 19  \
  96 20 0.5 20 96 38 0.5 19 
2110501:  Double_t \
  300 -200 538.2 48 48 0.3 38 96 19 0.5  \
  20 96 20 0.5 38 96 19 0.5 
2111013:  Double_t \
  300 -200 553.2 48 48 0.3 96 38 0.5 19  \
  96 20 0.5 20 96 38 0.5 19 
2111525:  Double_t \
  300 -200 568.2 48 48 0.3 38 96 19 0.5  \
  20 96 20 0.5 38 96 19 0.5 
2241061:  Double_t \
  400 200 523.2 48 48 0.3 96 38 0.5 19  \
  96 20 0.5 20 96 38 0.5 19 
2241573:  Double_t \
  400 200 538.2 48 48 0.3 38 96 19 0.5  \
  20 96 20 0.5 38 96 19 0.5 
2242085:  Double_t \
  400 200 553.2 48 48 0.3 96 38 0.5 19  \
  96 20 0.5 20 96 38 0.5 19 
2242597:  Double_t \
  400 200 568.2 48 48 0.3 38 96 19 0.5  \
  20 96 20 0.5 38 96 19 0.5 
2372133:  Double_t \
  400 100 523.2 48 48 0.3 96 38 0.5 19  \
  96 20 0.5 20 96 38 0.5 19 
2372645:  Double_t \
  400 100 538.2 48 48 0.3 38 96 19 0.5  \
  20 96 20 0.5 38 96 19 0.5 
2373157:  Double_t \
  400 100 553.2 48 48 0.3 96 38 0.5 19  \
  96 20 0.5 20 96 38 0.5 19 
2373669:  Double_t \
  400 100 568.2 48 48 0.3 38 96 19 0.5  \
  20 96 20 0.5 38 96 19 0.5 
2503205:  Double_t \
  400 0 523.2 48 48 0.3 96 38 0.5 19  \
  96 20 0.5 20 96 38 0.5 19 
2503717:  Double_t \
  400 0 538.2 48 48 0.3 38 96 19 0.5  \
  20 96 20 0.5 38 96 19 0.5 
2504229:  Double_t \
  400 0 553.2 48 48 0.3 96 38 0.5 19  \
  96 20 0.5 20 96 38 0.5 19 
2504741:  Double_t \
  400 0 568.2 48 48 0.3 38 96 19 0.5  \
  20 96 20 0.5 38 96 19 0.5 
2634277:  Double_t \
  400 -100 523.2 48 48 0.3 96 38 0.5 19  \
  96 20 0.5 20 96 38 0.5 19 
2634789:  Double_t \
  400 -100 538.2 48 48 0.3 38 96 19 0.5  \
  20 96 20 0.5 38 96 19 0.5 
2635301:  Double_t \
  400 -100 553.2 48 48 0.3 96 38 0.5 19  \
  96 20 0.5 20 96 38 0.5 19 
2635813:  Double_t \
  400 -100 568.2 48 48 0.3 38 96 19 0.5  \
  20 96 20 0.5 38 96 19 0.5 
2765349:  Double_t \
  400 -200 523.2 48 48 0.3 96 38 0.5 19  \
  96 20 0.5 20 96 38 0.5 19 
2765861:  Double_t \
  400 -200 538.2 48 48 0.3 38 96 19 0.5  \
  20 96 20 0.5 38 96 19 0.5 
2766373:  Double_t \
  400 -200 553.2 48 48 0.3 96 38 0.5 19  \
  96 20 0.5 20 96 38 0.5 19 
2766885:  Double_t \
  400 -200 568.2 48 48 0.3 38 96 19 0.5  \
  20 96 20 0.5 38 96 19 0.5 
2896421:  Double_t \
  -200 -200 523.2 48 48 0.3 96 38 0.5 19  \
  96 20 0.5 20 96 38 0.5 19 
2896933:  Double_t \
  -200 -200 538.2 48 48 0.3 38 96 19 0.5  \
  20 96 20 0.5 38 96 19 0.5 
2897445:  Double_t \
  -200 -200 553.2 48 48 0.3 96 38 0.5 19  \
  96 20 0.5 20 96 38 0.5 19 
2897957:  Double_t \
  -200 -200 568.2 48 48 0.3 38 96 19 0.5  \
  20 96 20 0.5 38 96 19 0.5 
3027493:  Double_t \
  -200 200 523.2 48 48 0.3 96 38 0.5 19  \
  96 20 0.5 20 96 38 0.5 19 
3028005:  Double_t \
  -200 200 538.2 48 48 0.3 38 96 19 0.5  \
  20 96 20 0.5 38 96 19 0.5 
3028517:  Double_t \
  -200 200 553.2 48 48 0.3 96 38 0.5 19  \
  96 20 0.5 20 96 38 0.5 19 
3029029:  Double_t \
  -200 200 568.2 48 48 0.3 38 96 19 0.5  \
  20 96 20 0.5 38 96 19 0.5 
3158565:  Double_t \
  -100 -200 523.2 48 48 0.3 96 38 0.5 19  \
  96 20 0.5 20 96 38 0.5 19 
3159077:  Double_t \
  -100 -200 538.2 48 48 0.3 38 96 19 0.5  \
  20 96 20 0.5 38 96 19 0.5 
3159589:  Double_t \
  -100 -200 553.2 48 48 0.3 96 38 0.5 19  \
  96 20 0.5 20 96 38 0.5 19 
3160101:  Double_t \
  -100 -200 568.2 48 48 0.3 38 96 19 0.5  \
  20 96 20 0.5 38 96 19 0.5 
3289637:  Double_t \
  0 -200 523.2 48 48 0.3 96 38 0.5 19  \
  96 20 0.5 20 96 38 0.5 19 
3290149:  Double_t \
  0 -200 538.2 48 48 0.3 38 96 19 0.5  \
  20 96 20 0.5 38 96 19 0.5 
3290661:  Double_t \
  0 -200 553.2 48 48 0.3 96 38 0.5 19  \
  96 20 0.5 20 96 38 0.5 19 
3291173:  Double_t \
  0 -200 568.2 48 48 0.3 38 96 19 0.5  \
  20 96 20 0.5 38 96 19 0.5 
3420709:  Double_t \
  100 -200 523.2 48 48 0.3 96 38 0.5 19  \
  96 20 0.5 20 96 38 0.5 19 
3421221:  Double_t \
  100 -200 538.2 48 48 0.3 38 96 19 0.5  \
  20 96 20 0.5 38 96 19 0.5 
3421733:  Double_t \
  100 -200 553.2 48 48 0.3 96 38 0.5 19  \
  96 20 0.5 20 96 38 0.5 19 
3422245:  Double_t \
  100 -200 568.2 48 48 0.3 38 96 19 0.5  \
  20 96 20 0.5 38 96 19 0.5 
3551781:  Double_t \
  -300 -200 523.2 48 48 0.3 96 38 0.5 19  \
  96 20 0.5 20 96 38 0.5 19 
3552293:  Double_t \
  -300 -200 538.2 48 48 0.3 38 96 19 0.5  \
  20 96 20 0.5 38 96 19 0.5 
3552805:  Double_t \
  -300 -200 553.2 48 48 0.3 96 38 0.5 19  \
  96 20 0.5 20 96 38 0.5 19 
3553317:  Double_t \
  -300 -200 568.2 48 48 0.3 38 96 19 0.5  \
  20 96 20 0.5 38 96 19 0.5 
3682853:  Double_t \
  -300 -100 523.2 48 48 0.3 96 38 0.5 19  \
  96 20 0.5 20 96 38 0.5 19 
3683365:  Double_t \
  -300 -100 538.2 48 48 0.3 38 96 19 0.5  \
  20 96 20 0.5 38 96 19 0.5 
3683877:  Double_t \
  -300 -100 553.2 48 48 0.3 96 38 0.5 19  \
  96 20 0.5 20 96 38 0.5 19 
3684389:  Double_t \
  -300 -100 568.2 48 48 0.3 38 96 19 0.5  \
  20 96 20 0.5 38 96 19 0.5 
3813925:  Double_t \
  -300 0 523.2 48 48 0.3 96 38 0.5 19  \
  96 20 0.5 20 96 38 0.5 19 
3814437:  Double_t \
  -300 0 538.2 48 48 0.3 38 96 19 0.5  \
  20 96 20 0.5 38 96 19 0.5 
3814949:  Double_t \
  -300 0 553.2 48 48 0.3 96 38 0.5 19  \
  96 20 0.5 20 96 38 0.5 19 
3815461:  Double_t \
  -300 0 568.2 48 48 0.3 38 96 19 0.5  \
  20 96 20 0.5 38 96 19 0.5 
3944997:  Double_t \
  -300 100 523.2 48 48 0.3 96 38 0.5 19  \
  96 20 0.5 20 96 38 0.5 19 
3945509:  Double_t \
  -300 100 538.2 48 48 0.3 38 96 19 0.5  \
  20 96 20 0.5 38 96 19 0.5 
3946021:  Double_t \
  -300 100 553.2 48 48 0.3 96 38 0.5 19  \
  96 20 0.5 20 96 38 0.5 19 
3946533:  Double_t \
  -300 100 568.2 48 48 0.3 38 96 19 0.5  \
  20 96 20 0.5 38 96 19 0.5 
4076069:  Double_t \
  -300 200 523.2 48 48 0.3 96 38 0.5 19  \
  96 20 0.5 20 96 38 0.5 19 
4076581:  Double_t \
  -300 200 538.2 48 48 0.3 38 96 19 0.5  \
  20 96 20 0.5 38 96 19 0.5 
4077093:  Double_t \
  -300 200 553.2 48 48 0.3 96 38 0.5 19  \
  96 20 0.5 20 96 38 0.5 19 
4077605:  Double_t \
  -300 200 568.2 48 48 0.3 38 96 19 0.5  \
  20 96 20 0.5 38 96 19 0.5 
4207141:  Double_t \
  -400 -200 523.2 48 48 0.3 96 38 0.5 19  \
  96 20 0.5 20 96 38 0.5 19 
4207653:  Double_t \
  -400 -200 538.2 48 48 0.3 38 96 19 0.5  \
  20 96 20 0.5 38 96 19 0.5 
4208165:  Double_t \
  -400 -200 553.2 48 48 0.3 96 38 0.5 19  \
  96 20 0.5 20 96 38 0.5 19 
4208677:  Double_t \
  -400 -200 568.2 48 48 0.3 38 96 19 0.5  \
  20 96 20 0.5 38 96 19 0.5 
4338213:  Double_t \
  -400 -100 523.2 48 48 0.3 96 38 0.5 19  \
  96 20 0.5 20 96 38 0.5 19 
4338725:  Double_t \
  -400 -100 538.2 48 48 0.3 38 96 19 0.5  \
  20 96 20 0.5 38 96 19 0.5 
4339237:  Double_t \
  -400 -100 553.2 48 48 0.3 96 38 0.5 19  \
  96 20 0.5 20 96 38 0.5 19 
4339749:  Double_t \
  -400 -100 568.2 48 48 0.3 38 96 19 0.5  \
  20 96 20 0.5 38 96 19 0.5 
4469285:  Double_t \
  -400 0 523.2 48 48 0.3 96 38 0.5 19  \
  96 20 0.5 20 96 38 0.5 19 
4469797:  Double_t \
  -400 0 538.2 48 48 0.3 38 96 19 0.5  \
  20 96 20 0.5 38 96 19 0.5 
4470309:  Double_t \
  -400 0 553.2 48 48 0.3 96 38 0.5 19  \
  96 20 0.5 20 96 38 0.5 19 
4470821:  Double_t \
  -400 0 568.2 48 48 0.3 38 96 19 0.5  \
  20 96 20 0.5 38 96 19 0.5 
4600357:  Double_t \
  -400 100 523.2 48 48 0.3 96 38 0.5 19  \
  96 20 0.5 20 96 38 0.5 19 
4600869:  Double_t \
  -400 100 538.2 48 48 0.3 38 96 19 0.5  \
  20 96 20 0.5 38 96 19 0.5 
4601381:  Double_t \
  -400 100 553.2 48 48 0.3 96 38 0.5 19  \
  96 20 0.5 20 96 38 0.5 19 
4601893:  Double_t \
  -400 100 568.2 48 48 0.3 38 96 19 0.5  \
  20 96 20 0.5 38 96 19 0.5 
4731429:  Double_t \
  -400 200 523.2 48 48 0.3 96 38 0.5 19  \
  96 20 0.5 20 96 38 0.5 19 
4731941:  Double_t \
  -400 200 538.2 48 48 0.3 38 96 19 0.5  \
  20 96 20 0.5 38 96 19 0.5 
4732453:  Double_t \
  -400 200 553.2 48 48 0.3 96 38 0.5 19  \
  96 20 0.5 20 96 38 0.5 19 
4732965:  Double_t \
  -400 200 568.2 48 48 0.3 38 96 19 0.5  \
  20 96 20 0.5 38 96 19 0.5 