#input normalization
1 0
1 0
1 0
1 0
1 0
1 0
1 0
1 0
1 0
#output normalization
1 0
#neurons weights
0.464725
-0.460351
-0.473749
0.447919
0.0890817
0.222634
0.189808
-0.179761
-0.459738
-0.0799573
0.103466
-0.133303
0.311943
0.2163
27.5635
5.5729
-2.56777
-0.0326658
0.162313
#synapses weights
-0.273178
0.206119
-0.218769
0.0554017
0.464388
0.577325
0.209193
-0.277551
0.0218692
0.30328
0.351159
0.0110388
0.188237
-0.473958
-0.156606
0.0871185
-1.02516
-1.24065
-2.56993
-1.98991
1.75076
-0.75379
-1.38702
0.250223
0.549296
-11.5175
4.94433
-0.2425
-0.0353792
0.0454335
-0.547162
-0.301754
-0.787873
-0.580013
-0.304705
-0.246209
-0.130245
-0.385788
-0.324821
-0.518048
-0.0173289
-0.366785
0.023899
-0.364867
-0.418956
-2.16931
-2.46438
-0.176232
-0.0424149
7.5462
-0.171953
-0.267157
8.35396
-0.0883054
0.400119
-1.49756
0.0790848
-0.0695861
0.270143
-0.0881036
-0.0140646
-0.662617
0.00410587
-1.1411
-0.516839
-0.493287
-0.0298759
-0.990514
-0.504002
7.4877
3.27097
-20.7271
-0.125433
0.443105
-0.122797
0.383447
0.0529578
-0.309671
-0.467346
0.092553
-0.0654578
0.0710303
1.25124
0.838034
0.135279
-0.167682
-1.18239
-2.88476
-0.0221428
-0.122429
