#input normalization
1 0
1 0
1 0
1 0
1 0
1 0
1 0
1 0
1 0
#output normalization
1 0
#neurons weights
-0.33798
0.379658
0.201128
0.414254
-0.106792
-0.468032
-0.192
0.308226
-0.205516
-0.186972
0.042711
6.89485
0.226759
0.18577
-1.50623
0.229702
-0.114314
0.26639
0.470028
-0.238537
-0.227893
-0.206716
-0.444854
-0.125294
-0.0306716
0.264304
-0.230019
-9.91969
0.246071
0.26486
#synapses weights
0.535522
-0.155228
0.281097
-0.264046
0.101857
0.901693
0.287635
0.415459
0.417554
1.30381
0.287853
-0.220598
0.171624
1.94003
-0.0622568
-0.19924
5.00831
-1.89336
-0.756526
-0.787501
0.00963499
-0.100196
0.262764
-0.030389
-0.0158252
-1.04867
0.204954
0.441471
-0.205847
-0.408025
0.296109
0.0383945
0.393457
0.0427145
0.265242
0.16844
0.436131
-0.129313
-0.332359
-0.312749
-0.363608
0.125541
0.259036
0.124422
0.279623
0.604195
1.16066
-1.68977
-1.47691
-0.284263
0.76072
0.281202
1.65587
-2.23991
-0.178818
-0.31879
-0.345276
-0.430119
-0.392408
-0.336046
-0.141915
0.493381
0.114231
-0.205935
-0.240642
-0.23116
0.557426
-0.0427408
0.91846
0.319765
-0.33956
0.291125
-0.245623
-0.194314
-0.30853
0.0432284
0.24869
-0.403687
-0.452108
0.223125
0.470086
-0.136895
-0.472836
-0.38413
-0.315145
-0.341261
-0.700202
0.185055
0.421515
0.274621
-0.46198
-0.157946
-0.385037
0.469755
-0.458866
-0.258359
-0.111896
0.289631
-0.35621
0.338999
0.0864626
0.498328
0.105526
-0.220084
-0.320579
-0.338933
-0.38591
-0.466009
-0.297885
0.416495
0.267551
0.0965698
0.167358
-0.424261
-0.367756
-0.240208
-0.125358
0.764552
0.306686
-0.810754
-0.298366
-0.10451
-1.59801
-0.522355
-0.475031
-0.0133771
0.426429
-0.387775
0.154292
0.353139
0.279026
0.0692545
0.0415918
0.410186
-0.659918
-1.08681
-0.263363
0.918228
0.628626
-0.216438
0.274046
0.0134558
1.19713
0.585592
-0.31443
0.340036
-0.490024
0.434522
0.456489
-0.669309
-0.440584
0.032727
0.00172162
-0.577981
-0.223183
0.379657
-0.621448
-0.189767
0.370757
0.331293
0.15077
0.453753
0.400862
1.14429
0.171993
0.0393338
-3.07715
0.0526634
0.0656769
-3.1504
0.0752006
0.241773
0.22339
-0.439627
-0.345775
0.154514
0.327932
-0.160771
0.149022
0.364084
0.572461
-0.748499
-3.07868
0.254972
0.320784
0.812662
-0.14003
-0.00799779
-0.452017
0.239828
-0.444962
0.296489
-0.124135
1.29732
-0.247648
-1.8642
0.169725
-0.593138
1.33427
0.243914
