#input normalization
1 0
1 0
1 0
1 0
1 0
1 0
1 0
1 0
1 0
#output normalization
1 0
#neurons weights
-0.0713079
-0.206991
-0.216098
0.347903
-0.177611
0.362622
0.24633
0.475159
-0.396633
-0.00992296
-0.141
0.305075
0.178502
-0.176483
0.180659
0.35002
0.164857
-0.219185
0.0158516
0.284573
0.184594
-0.37098
0.135234
-0.473289
-0.309258
1.04126
0.668013
-0.0500168
-12.927
0.00472368
#synapses weights
0.0761613
-0.168244
0.436532
0.489123
0.44888
0.182932
-0.100209
-0.239949
0.485748
0.448531
0.352388
-0.0763703
-0.0494474
0.119817
-0.591217
-0.372097
-0.190404
-0.381158
-0.363615
-0.416705
-0.42147
-0.0313002
-0.36224
0.108623
0.224181
0.0686288
0.0105881
-0.338945
-0.0692135
-0.467202
-0.0271688
0.00546147
-0.0792866
0.231193
-0.252029
-0.100491
-0.270185
-0.0919231
-0.281471
-0.16862
-0.0584376
-0.432855
-0.255424
0.0135347
0.374806
-0.257294
-0.0708204
0.0880481
-0.344032
-0.177358
-0.238965
0.0730937
-0.0526089
0.249923
0.453342
-0.199972
0.462785
0.135061
-0.057413
-0.124016
0.332133
-0.352333
-0.125477
-0.364306
0.195235
-0.149332
-0.162686
-0.0195996
-0.47271
0.497395
0.309711
-0.377092
0.41884
-0.29028
-0.324148
0.385709
-0.192835
0.506012
0.419262
-0.41894
0.154774
-0.270713
0.4762
-0.41874
-0.388362
-0.13896
0.371658
-0.246442
-0.325744
0.112951
0.0330316
0.0909771
0.415178
0.257702
-0.371175
0.221795
0.28762
0.303226
0.274137
0.436468
-0.240609
0.227202
-0.0596142
0.0706743
-0.311583
0.143022
-0.140289
-0.209062
-0.437521
0.351097
-0.941198
-0.499364
1.05721
0.591723
-0.00511606
-0.0802827
0.97465
0.256141
0.177736
0.323774
0.092332
0.426852
-0.396579
-0.368544
0.232924
-0.0065295
0.039193
-0.0227987
-0.415302
-0.0457729
-0.35814
-0.14475
0.103954
0.229036
-0.335729
0.0398323
0.350741
-0.127207
0.69657
0.135901
-0.315065
-0.26955
0.239309
0.0793366
-1.3233
-1.58249
0.913807
0.855276
-2.9362
0.349801
-1.30835
0.40465
-0.014739
1.69663
1.54439
-1.3245
-0.902591
3.75383
-1.02056
1.6223
-0.542885
-1.89529
0.0366791
0.242326
-0.00990226
0.473155
0.195483
0.290194
0.188928
-0.475373
0.428197
0.0604602
0.58348
-0.127998
-0.0416797
1.75004
0.404868
-0.0192739
-0.0136847
3.55208
-0.452207
0.3161
0.433137
0.407151
-0.0980158
0.105401
-0.150651
0.25323
-0.0764731
0.324247
0.216683
-0.591437
0.504105
-0.403313
-0.111616
-0.146574
2.67299
2.48436
-0.351784
-1.84214
