#input normalization
1 0
1 0
1 0
1 0
1 0
1 0
1 0
1 0
1 0
#output normalization
1 0
#neurons weights
0.445084
0.135282
-0.341532
0.247358
0.032474
-0.390432
0.202376
0.182548
-0.443187
2.40835
-0.334687
-0.290717
0.430381
0.308992
-0.266352
-0.597919
-0.114776
-0.265143
-0.242605
-0.203884
-0.398528
-5.2354
-0.576985
0.382299
-0.22959
0.278792
-0.1486
-0.221292
0.0317745
-0.876285
#synapses weights
0.304818
-1.22441
0.129165
0.01634
-4.34204
3.04813
-0.196317
0.375734
-7.59647
-0.154461
-0.295001
-0.0980487
-0.0662288
-0.138529
-0.134112
0.108971
0.0255414
-0.350009
-0.0311179
0.161887
-0.0356416
-0.320136
-0.305137
0.0867066
-0.400386
-0.440152
0.398074
-0.197083
0.147916
-0.487712
-0.49802
0.465771
0.0104815
-0.319876
-0.451115
0.0821715
-0.282541
0.559387
0.026266
-0.00882903
0.405978
-0.045778
-0.0523567
-0.0709714
10.2049
-0.30633
-0.104628
-0.0281916
-0.190268
-0.433499
0.348609
-0.0373485
0.362677
-0.418608
2.48237
0.823778
-0.954335
-0.121812
-0.434705
-1.05066
-0.621749
-0.813444
-0.636191
-0.539343
0.121594
0.184085
0.173317
1.99359
1.05559
-0.940836
-1.85484
0.432124
-1.00728
-0.178271
-0.787277
-0.287457
-0.408538
0.0235811
0.230495
0.130544
0.561897
0.132581
0.0599895
0.0766253
0.497742
-0.279491
0.538202
0.452765
0.253915
0.13783
-0.302029
0.122229
0.0584625
-0.443865
0.042383
-0.356451
0.337974
-0.00103174
-0.0320473
-0.615135
-1.21428
0.830644
0.0228056
0.434001
0.874674
0.322058
-0.179877
-0.234217
-0.142586
0.0102991
0.0573421
-0.00434232
0.353983
1.26876
-0.0985918
0.0634206
4.90993
-0.214907
-0.544802
0.783025
0.320125
-2.54103
-0.323559
-0.617449
-0.435478
0.375159
-0.238994
-0.160326
-0.277531
-0.127932
-0.13838
0.393078
-0.167074
-0.269913
-0.332912
-0.487902
0.353226
0.0110479
-0.505614
0.168504
0.162548
0.0327806
-0.24338
-0.411716
0.307853
-0.0482193
-0.00748708
0.327471
0.469647
-0.411182
0.0756875
0.374158
0.235849
0.180196
-0.531534
-0.317979
-0.410221
0.0272251
-0.150174
0.267156
-0.236659
-0.243912
-0.481397
0.400174
-0.1239
-0.102982
0.109511
0.184531
-0.418037
-0.308687
0.0909783
-0.176131
-0.49417
0.0582539
-0.246831
-0.415182
0.22661
-0.347544
0.0399659
-0.370551
-1.14375
0.121593
0.231746
-0.177971
-3.52094
0.0494886
0.518804
0.637188
-0.99808
-0.315288
-0.363335
-0.646446
4.01309
0.248309
-0.365814
0.34642
-0.91432
0.415957
-0.00512365
0.244275
