#input normalization
1 0
1 0
1 0
1 0
1 0
1 0
1 0
1 0
1 0
#output normalization
1 0
#neurons weights
-0.072019
-0.0519538
-0.436284
-0.0317733
0.187274
-0.169164
-0.380468
-0.439355
0.0114126
-0.223031
-1.97952
0.582596
-4.18751
1.24624
-0.491225
-1.56534
1.63604
6.26532
3.50658
-3.14322
-2.72172
-0.952101
-1.88177
1.92945
2.92183
1.5404
-1.64902
1.28947
#synapses weights
1.28974
1.54917
0.329244
0.382438
1.66852
3.15294
-0.242982
4.80498
-1.74902
-0.426866
0.133976
0.145552
-0.490941
-1.00358
0.0806538
0.312401
-0.478464
1.41868
2.5797
3.28708
1.46599
0.354346
-0.358896
3.98836
2.45638
5.30123
-0.619946
0.664347
0.48032
-0.683104
-0.610879
-1.34539
-0.0859254
0.53769
-1.47844
1.59506
-1.26699
-2.04816
-0.108313
0.268596
-0.488886
1.02016
-5.28277
-3.07173
-1.06417
-1.12046
-0.428286
-1.50529
-0.406462
0.483236
-0.55612
-0.359359
-1.16832
0.44058
-0.736749
-3.31355
0.111202
0.273258
-1.20138
4.40351
1.83407
-4.02122
7.73871
0.893858
1.59601
0.78311
0.536937
0.708232
0.641838
0.488396
2.04621
-0.241847
3.08491
-1.54111
-0.197063
-0.157522
1.30843
-1.69127
-1.98228
3.85515
-7.72579
-4.93664
-8.06173
-0.0112162
0.120586
0.756949
-4.30215
-0.0734926
-2.57122
5.52483
0.299326
0.458704
-0.882049
-1.57007
-1.56943
1.35238
2.79981
-1.68721
0.23312
2.90401
1.97988
-0.0556304
0.096214
0.452882
6.02383
-0.707805
3.137
4.08045
0.0614174
-0.829108
-0.704041
-0.120703
-0.647473
0.283185
0.0999157
-1.49176
0.223292
-0.296081
-0.644064
0.465454
0.881095
-0.101312
-0.176111
1.92063
-2.50736
0.182381
-1.85191
-3.05001
0.303069
0.0987399
0.509794
2.90262
-1.95868
9.87984
1.60522
-0.770737
-1.46591
0.175523
-0.0634126
1.15088
0.53967
-2.63647
4.2131
-5.66298
1.59352
1.93216
-0.055743
-0.0910245
0.852881
-5.56708
-2.30145
4.95953
0.206086
5.69449
1.4439
0.168135
-0.0430132
5.41598
-5.08692
-6.16956
16.5846
-4.72225
3.78323
0.908337
1.42828
0.0697376
-3.95355
1.39299
4.06592
0.823793
-4.65845
-4.49021
-1.51123
-5.18661
0.800529
-0.911993
-1.87211
2.91199
2.10039
-1.70798
