#input normalization
1 0
1 0
1 0
1 0
1 0
1 0
#output normalization
1 0
#neurons weights
0.476446
0.416228
-0.150145
-0.49038
0.218959
-0.256377
-3.18689
6.74362
-3.70769
3.69587
-0.677053
-1.66839
1.52412
-0.929599
5.10513
0.219729
-6.29686
#synapses weights
1.34168
-4.80767
0.870021
0.624053
0.393037
-0.0435276
-3.85292
0.53575
-1.45569
-2.3103
-11.4953
3.57499
1.64706
-2.08136
3.32417
5.1367
1.25732
-5.00397
-2.22281
-0.95729
-1.84802
0.121575
0.233802
-1.21283
-0.0615681
-0.977506
-0.0546998
-0.844127
0.526739
-1.06533
-0.377611
2.70252
-0.912689
-3.25488
-0.129004
1.63185
-1.42385
-3.34839
0.708533
6.21942
0.0956669
-6.3163
5.79507
-0.976322
4.51894
5.18915
-0.48318
-9.37271
2.19037
-0.712908
2.92537
1.38255
-12.5046
-2.03761
0.42533
-0.0136208
-0.510135
1.27654
0.584554
1.58857
1.50205
-9.30484
-4.55389
5.69975
-2.21062
7.68847
3.64289
-5.65212
8.79093
2.07381
