##############################################################################
# Class:   CbmTrdDigiPar
# Context: TestDefaultContext
##############################################################################
[CbmTrdDigiPar]
//----------------------------------------------------------------------------
NrOfModules:  Int_t  904 
MaxSectors:  Int_t  3 
ModuleIdArray:  Int_t \
  135717 135749 136229 136261 136741 136773 137253 137285 139813 139845  \
  140325 140357 140837 140869 141349 141381 143909 143941 143973 144421  \
  144453 144485 144933 144965 144997 145445 145477 145509 266789 266821  \
  267301 267333 267813 267845 268325 268357 270885 270917 271397 271429  \
  271909 271941 272421 272453 274981 275013 275045 275493 275525 275557  \
  276005 276037 276069 276517 276549 276581 397861 397893 398373 398405  \
  398885 398917 399397 399429 401957 401989 402469 402501 402981 403013  \
  403493 403525 406053 406085 406117 406565 406597 406629 407077 407109  \
  407141 407589 407621 407653 528933 528965 529445 529477 529957 529989  \
  530469 530501 533029 533061 533541 533573 534053 534085 534565 534597  \
  537125 537157 537189 537637 537669 537701 538149 538181 538213 538661  \
  538693 538725 660005 660037 660517 660549 661029 661061 661541 661573  \
  664101 664133 664613 664645 665125 665157 665637 665669 668197 668229  \
  668261 668709 668741 668773 669221 669253 669285 669733 669765 669797  \
  791077 791109 791589 791621 792101 792133 792613 792645 795173 795205  \
  795685 795717 796197 796229 796709 796741 799269 799301 799333 799781  \
  799813 799845 800293 800325 800357 800805 800837 800869 922149 922181  \
  922661 922693 923173 923205 923685 923717 926245 926277 926757 926789  \
  927269 927301 927781 927813 930341 930373 930405 930853 930885 930917  \
  931365 931397 931429 931877 931909 931941 1053221 1053253 1053733 1053765  \
  1054245 1054277 1054757 1054789 1057317 1057349 1057829 1057861 1058341 1058373  \
  1058853 1058885 1061413 1061445 1061477 1061925 1061957 1061989 1062437 1062469  \
  1062501 1062949 1062981 1063013 1188389 1188421 1188901 1188933 1189413 1189445  \
  1189925 1189957 1192485 1192517 1192549 1192997 1193029 1193061 1193509 1193541  \
  1193573 1194021 1194053 1194085 1319461 1319493 1319973 1320005 1320485 1320517  \
  1320997 1321029 1323557 1323589 1323621 1324069 1324101 1324133 1324581 1324613  \
  1324645 1325093 1325125 1325157 1450533 1450565 1451045 1451077 1451557 1451589  \
  1452069 1452101 1454629 1454661 1454693 1455141 1455173 1455205 1455653 1455685  \
  1455717 1456165 1456197 1456229 1581605 1581637 1582117 1582149 1582629 1582661  \
  1583141 1583173 1585701 1585733 1585765 1586213 1586245 1586277 1586725 1586757  \
  1586789 1587237 1587269 1587301 1712677 1712709 1713189 1713221 1713701 1713733  \
  1714213 1714245 1716773 1716805 1716837 1717285 1717317 1717349 1717797 1717829  \
  1717861 1718309 1718341 1718373 1843749 1843781 1844261 1844293 1844773 1844805  \
  1845285 1845317 1847845 1847877 1847909 1848357 1848389 1848421 1848869 1848901  \
  1848933 1849381 1849413 1849445 1974821 1974853 1975333 1975365 1975845 1975877  \
  1976357 1976389 1978917 1978949 1978981 1979429 1979461 1979493 1979941 1979973  \
  1980005 1980453 1980485 1980517 2105893 2105925 2106405 2106437 2106917 2106949  \
  2107429 2107461 2109989 2110021 2110053 2110501 2110533 2110565 2111013 2111045  \
  2111077 2111525 2111557 2111589 2241061 2241093 2241125 2241573 2241605 2241637  \
  2242085 2242117 2242149 2242597 2242629 2242661 2372133 2372165 2372197 2372645  \
  2372677 2372709 2373157 2373189 2373221 2373669 2373701 2373733 2503205 2503237  \
  2503269 2503717 2503749 2503781 2504229 2504261 2504293 2504741 2504773 2504805  \
  2634277 2634309 2634341 2634789 2634821 2634853 2635301 2635333 2635365 2635813  \
  2635845 2635877 2765349 2765381 2765413 2765861 2765893 2765925 2766373 2766405  \
  2766437 2766885 2766917 2766949 2896421 2896453 2896485 2896933 2896965 2896997  \
  2897445 2897477 2897509 2897957 2897989 2898021 3027493 3027525 3027557 3028005  \
  3028037 3028069 3028517 3028549 3028581 3029029 3029061 3029093 3158565 3158597  \
  3158629 3159077 3159109 3159141 3159589 3159621 3159653 3160101 3160133 3160165  \
  3289637 3289669 3289701 3290149 3290181 3290213 3290661 3290693 3290725 3291173  \
  3291205 3291237 3420709 3420741 3420773 3421221 3421253 3421285 3421733 3421765  \
  3421797 3422245 3422277 3422309 3551813 3551845 3552325 3552357 3552837 3552869  \
  3553349 3553381 3682885 3682917 3683397 3683429 3683909 3683941 3684421 3684453  \
  3813957 3813989 3814469 3814501 3814981 3815013 3815493 3815525 3945029 3945061  \
  3945541 3945573 3946053 3946085 3946565 3946597 4076101 4076133 4076613 4076645  \
  4077125 4077157 4077637 4077669 4207173 4207205 4207685 4207717 4208197 4208229  \
  4208709 4208741 4338245 4338277 4338757 4338789 4339269 4339301 4339781 4339813  \
  4469317 4469349 4469829 4469861 4470341 4470373 4470853 4470885 4600389 4600421  \
  4600901 4600933 4601413 4601445 4601925 4601957 4731461 4731493 4731973 4732005  \
  4732485 4732517 4732997 4733029 4862533 4862565 4863045 4863077 4863557 4863589  \
  4864069 4864101 4993605 4993637 4994117 4994149 4994629 4994661 4995141 4995173  \
  5124677 5124709 5125189 5125221 5125701 5125733 5126213 5126245 5255749 5255781  \
  5256261 5256293 5256773 5256805 5257285 5257317 5386821 5386853 5387333 5387365  \
  5387845 5387877 5388357 5388389 5517893 5517925 5518405 5518437 5518917 5518949  \
  5519429 5519461 5648965 5648997 5649477 5649509 5649989 5650021 5650501 5650533  \
  5780037 5780069 5780549 5780581 5781061 5781093 5781573 5781605 5911109 5911141  \
  5911621 5911653 5912133 5912165 5912645 5912677 6042181 6042213 6042693 6042725  \
  6043205 6043237 6043717 6043749 6173253 6173285 6173765 6173797 6174277 6174309  \
  6174789 6174821 6304325 6304357 6304837 6304869 6305349 6305381 6305861 6305893  \
  6435397 6435429 6435909 6435941 6436421 6436453 6436933 6436965 6566469 6566501  \
  6566981 6567013 6567493 6567525 6568005 6568037 6697541 6697573 6698053 6698085  \
  6698565 6698597 6699077 6699109 6828613 6828645 6829125 6829157 6829637 6829669  \
  6830149 6830181 6959685 6959717 6960197 6960229 6960709 6960741 6961221 6961253  \
  7090757 7090789 7091269 7091301 7091781 7091813 7092293 7092325 7221861 7222373  \
  7222885 7223397 7352933 7353445 7353957 7354469 7484005 7484517 7485029 7485541  \
  7615077 7615589 7616101 7616613 7746149 7746661 7747173 7747685 7877221 7877733  \
  7878245 7878757 8008293 8008805 8009317 8009829 8139365 8139877 8140389 8140901  \
  8270437 8270949 8271461 8271973 8401509 8402021 8402533 8403045 8532581 8533093  \
  8533605 8534117 8663653 8664165 8664677 8665189 8794725 8795237 8795749 8796261  \
  8925797 8926309 8926821 8927333 9056869 9057381 9057893 9058405 9187941 9188453  \
  9188965 9189477 9319013 9319525 9320037 9320549 9450085 9450597 9451109 9451621  \
  9581157 9581669 9582181 9582693 9712229 9712741 9713253 9713765 9843301 9843813  \
  9844325 9844837 9974373 9974885 9975397 9975909 10105445 10105957 10106469 10106981  \
  10236517 10237029 10237541 10238053 10367589 10368101 10368613 10369125 10498661 10499173  \
  10499685 10500197 10629733 10630245 10630757 10631269 10760805 10761317 10761829 10762341  \
  10891877 10892389 10892901 10893413 11022949 11023461 11023973 11024485 11154021 11154533  \
  11155045 11155557 11285093 11285605 11286117 11286629 11416165 11416677 11417189 11417701  \
  11547237 11547749 11548261 11548773 11678309 11678821 11679333 11679845 11809381 11809893  \
  11810405 11810917 11940453 11940965 11941477 11941989 12071525 12072037 12072549 12073061  \
  12202597 12203109 12203621 12204133 12333669 12334181 12334693 12335205 12464741 12465253  \
  12465765 12466277 12595813 12596325 12596837 12597349 12726885 12727397 12727909 12728421  \
  12857957 12858469 12858981 12859493 
135717:  Double_t \
  60 0 453.5 28.5 28.5 0.6 57 24 0.5 2  \
  57 9 0.5 1.5 57 24 0.5 2 
135749:  Double_t \
  60 0 678.5 28.5 28.5 0.6 57 24 0.5 2  \
  57 9 0.5 1.5 57 24 0.5 2 
136229:  Double_t \
  60 0 468.5 28.5 28.5 0.6 24 57 2 0.5  \
  9 57 1.5 0.5 24 57 2 0.5 
136261:  Double_t \
  60 0 693.5 28.5 28.5 0.6 24 57 2 0.5  \
  9 57 1.5 0.5 24 57 2 0.5 
136741:  Double_t \
  60 0 483.5 28.5 28.5 0.6 57 24 0.5 2  \
  57 9 0.5 1.5 57 24 0.5 2 
136773:  Double_t \
  60 0 708.5 28.5 28.5 0.6 57 24 0.5 2  \
  57 9 0.5 1.5 57 24 0.5 2 
137253:  Double_t \
  60 0 498.5 28.5 28.5 0.6 24 57 2 0.5  \
  9 57 1.5 0.5 24 57 2 0.5 
137285:  Double_t \
  60 0 723.5 28.5 28.5 0.6 24 57 2 0.5  \
  9 57 1.5 0.5 24 57 2 0.5 
139813:  Double_t \
  120 0 453.5 28.5 28.5 0.6 57 24 0.5 2  \
  57 9 0.5 1.5 57 24 0.5 2 
139845:  Double_t \
  120 0 678.5 28.5 28.5 0.6 57 24 0.5 2  \
  57 9 0.5 1.5 57 24 0.5 2 
140325:  Double_t \
  120 0 468.5 28.5 28.5 0.6 24 57 2 0.5  \
  9 57 1.5 0.5 24 57 2 0.5 
140357:  Double_t \
  120 0 693.5 28.5 28.5 0.6 24 57 2 0.5  \
  9 57 1.5 0.5 24 57 2 0.5 
140837:  Double_t \
  120 0 483.5 28.5 28.5 0.6 57 24 0.5 2  \
  57 9 0.5 1.5 57 24 0.5 2 
140869:  Double_t \
  120 0 708.5 28.5 28.5 0.6 57 24 0.5 2  \
  57 9 0.5 1.5 57 24 0.5 2 
141349:  Double_t \
  120 0 498.5 28.5 28.5 0.6 24 57 2 0.5  \
  9 57 1.5 0.5 24 57 2 0.5 
141381:  Double_t \
  120 0 723.5 28.5 28.5 0.6 24 57 2 0.5  \
  9 57 1.5 0.5 24 57 2 0.5 
143909:  Double_t \
  200 0 453.5 48 48 0.6 96 32 0.5 2  \
  96 32 0.5 2 96 32 0.5 2 
143941:  Double_t \
  200 0 678.5 48 48 0.6 96 32 0.5 2  \
  96 32 0.5 2 96 32 0.5 2 
143973:  Double_t \
  -100 100 903.5 48 48 0.6 96 32 0.5 2  \
  96 32 0.5 2 96 32 0.5 2 
144421:  Double_t \
  200 0 468.5 48 48 0.6 32 96 2 0.5  \
  32 96 2 0.5 32 96 2 0.5 
144453:  Double_t \
  200 0 693.5 48 48 0.6 32 96 2 0.5  \
  32 96 2 0.5 32 96 2 0.5 
144485:  Double_t \
  -100 100 918.5 48 48 0.6 32 96 2 0.5  \
  32 96 2 0.5 32 96 2 0.5 
144933:  Double_t \
  200 0 483.5 48 48 0.6 96 32 0.5 2  \
  96 32 0.5 2 96 32 0.5 2 
144965:  Double_t \
  200 0 708.5 48 48 0.6 96 32 0.5 2  \
  96 32 0.5 2 96 32 0.5 2 
144997:  Double_t \
  -100 100 933.5 48 48 0.6 96 32 0.5 2  \
  96 32 0.5 2 96 32 0.5 2 
145445:  Double_t \
  200 0 498.5 48 48 0.6 32 96 2 0.5  \
  32 96 2 0.5 32 96 2 0.5 
145477:  Double_t \
  200 0 723.5 48 48 0.6 32 96 2 0.5  \
  32 96 2 0.5 32 96 2 0.5 
145509:  Double_t \
  -100 100 948.5 48 48 0.6 32 96 2 0.5  \
  32 96 2 0.5 32 96 2 0.5 
266789:  Double_t \
  -60 0 453.5 28.5 28.5 0.6 57 24 0.5 2  \
  57 9 0.5 1.5 57 24 0.5 2 
266821:  Double_t \
  -60 0 678.5 28.5 28.5 0.6 57 24 0.5 2  \
  57 9 0.5 1.5 57 24 0.5 2 
267301:  Double_t \
  -60 0 468.5 28.5 28.5 0.6 24 57 2 0.5  \
  9 57 1.5 0.5 24 57 2 0.5 
267333:  Double_t \
  -60 0 693.5 28.5 28.5 0.6 24 57 2 0.5  \
  9 57 1.5 0.5 24 57 2 0.5 
267813:  Double_t \
  -60 0 483.5 28.5 28.5 0.6 57 24 0.5 2  \
  57 9 0.5 1.5 57 24 0.5 2 
267845:  Double_t \
  -60 0 708.5 28.5 28.5 0.6 57 24 0.5 2  \
  57 9 0.5 1.5 57 24 0.5 2 
268325:  Double_t \
  -60 0 498.5 28.5 28.5 0.6 24 57 2 0.5  \
  9 57 1.5 0.5 24 57 2 0.5 
268357:  Double_t \
  -60 0 723.5 28.5 28.5 0.6 24 57 2 0.5  \
  9 57 1.5 0.5 24 57 2 0.5 
270885:  Double_t \
  -120 0 453.5 28.5 28.5 0.6 57 24 0.5 2  \
  57 9 0.5 1.5 57 24 0.5 2 
270917:  Double_t \
  -120 0 678.5 28.5 28.5 0.6 57 24 0.5 2  \
  57 9 0.5 1.5 57 24 0.5 2 
271397:  Double_t \
  -120 0 468.5 28.5 28.5 0.6 24 57 2 0.5  \
  9 57 1.5 0.5 24 57 2 0.5 
271429:  Double_t \
  -120 0 693.5 28.5 28.5 0.6 24 57 2 0.5  \
  9 57 1.5 0.5 24 57 2 0.5 
271909:  Double_t \
  -120 0 483.5 28.5 28.5 0.6 57 24 0.5 2  \
  57 9 0.5 1.5 57 24 0.5 2 
271941:  Double_t \
  -120 0 708.5 28.5 28.5 0.6 57 24 0.5 2  \
  57 9 0.5 1.5 57 24 0.5 2 
272421:  Double_t \
  -120 0 498.5 28.5 28.5 0.6 24 57 2 0.5  \
  9 57 1.5 0.5 24 57 2 0.5 
272453:  Double_t \
  -120 0 723.5 28.5 28.5 0.6 24 57 2 0.5  \
  9 57 1.5 0.5 24 57 2 0.5 
274981:  Double_t \
  -200 0 453.5 48 48 0.6 96 32 0.5 2  \
  96 32 0.5 2 96 32 0.5 2 
275013:  Double_t \
  -200 0 678.5 48 48 0.6 96 32 0.5 2  \
  96 32 0.5 2 96 32 0.5 2 
275045:  Double_t \
  0 100 903.5 48 48 0.6 96 32 0.5 2  \
  96 32 0.5 2 96 32 0.5 2 
275493:  Double_t \
  -200 0 468.5 48 48 0.6 32 96 2 0.5  \
  32 96 2 0.5 32 96 2 0.5 
275525:  Double_t \
  -200 0 693.5 48 48 0.6 32 96 2 0.5  \
  32 96 2 0.5 32 96 2 0.5 
275557:  Double_t \
  0 100 918.5 48 48 0.6 32 96 2 0.5  \
  32 96 2 0.5 32 96 2 0.5 
276005:  Double_t \
  -200 0 483.5 48 48 0.6 96 32 0.5 2  \
  96 32 0.5 2 96 32 0.5 2 
276037:  Double_t \
  -200 0 708.5 48 48 0.6 96 32 0.5 2  \
  96 32 0.5 2 96 32 0.5 2 
276069:  Double_t \
  0 100 933.5 48 48 0.6 96 32 0.5 2  \
  96 32 0.5 2 96 32 0.5 2 
276517:  Double_t \
  -200 0 498.5 48 48 0.6 32 96 2 0.5  \
  32 96 2 0.5 32 96 2 0.5 
276549:  Double_t \
  -200 0 723.5 48 48 0.6 32 96 2 0.5  \
  32 96 2 0.5 32 96 2 0.5 
276581:  Double_t \
  0 100 948.5 48 48 0.6 32 96 2 0.5  \
  32 96 2 0.5 32 96 2 0.5 
397861:  Double_t \
  0 60 453.5 28.5 28.5 0.6 57 24 0.5 2  \
  57 9 0.5 1.5 57 24 0.5 2 
397893:  Double_t \
  0 60 678.5 28.5 28.5 0.6 57 24 0.5 2  \
  57 9 0.5 1.5 57 24 0.5 2 
398373:  Double_t \
  0 60 468.5 28.5 28.5 0.6 24 57 2 0.5  \
  9 57 1.5 0.5 24 57 2 0.5 
398405:  Double_t \
  0 60 693.5 28.5 28.5 0.6 24 57 2 0.5  \
  9 57 1.5 0.5 24 57 2 0.5 
398885:  Double_t \
  0 60 483.5 28.5 28.5 0.6 57 24 0.5 2  \
  57 9 0.5 1.5 57 24 0.5 2 
398917:  Double_t \
  0 60 708.5 28.5 28.5 0.6 57 24 0.5 2  \
  57 9 0.5 1.5 57 24 0.5 2 
399397:  Double_t \
  0 60 498.5 28.5 28.5 0.6 24 57 2 0.5  \
  9 57 1.5 0.5 24 57 2 0.5 
399429:  Double_t \
  0 60 723.5 28.5 28.5 0.6 24 57 2 0.5  \
  9 57 1.5 0.5 24 57 2 0.5 
401957:  Double_t \
  0 120 453.5 28.5 28.5 0.6 57 24 0.5 2  \
  57 9 0.5 1.5 57 24 0.5 2 
401989:  Double_t \
  0 120 678.5 28.5 28.5 0.6 57 24 0.5 2  \
  57 9 0.5 1.5 57 24 0.5 2 
402469:  Double_t \
  0 120 468.5 28.5 28.5 0.6 24 57 2 0.5  \
  9 57 1.5 0.5 24 57 2 0.5 
402501:  Double_t \
  0 120 693.5 28.5 28.5 0.6 24 57 2 0.5  \
  9 57 1.5 0.5 24 57 2 0.5 
402981:  Double_t \
  0 120 483.5 28.5 28.5 0.6 57 24 0.5 2  \
  57 9 0.5 1.5 57 24 0.5 2 
403013:  Double_t \
  0 120 708.5 28.5 28.5 0.6 57 24 0.5 2  \
  57 9 0.5 1.5 57 24 0.5 2 
403493:  Double_t \
  0 120 498.5 28.5 28.5 0.6 24 57 2 0.5  \
  9 57 1.5 0.5 24 57 2 0.5 
403525:  Double_t \
  0 120 723.5 28.5 28.5 0.6 24 57 2 0.5  \
  9 57 1.5 0.5 24 57 2 0.5 
406053:  Double_t \
  200 100 453.5 48 48 0.6 96 32 0.5 2  \
  96 32 0.5 2 96 32 0.5 2 
406085:  Double_t \
  200 100 678.5 48 48 0.6 96 32 0.5 2  \
  96 32 0.5 2 96 32 0.5 2 
406117:  Double_t \
  100 100 903.5 48 48 0.6 96 32 0.5 2  \
  96 32 0.5 2 96 32 0.5 2 
406565:  Double_t \
  200 100 468.5 48 48 0.6 32 96 2 0.5  \
  32 96 2 0.5 32 96 2 0.5 
406597:  Double_t \
  200 100 693.5 48 48 0.6 32 96 2 0.5  \
  32 96 2 0.5 32 96 2 0.5 
406629:  Double_t \
  100 100 918.5 48 48 0.6 32 96 2 0.5  \
  32 96 2 0.5 32 96 2 0.5 
407077:  Double_t \
  200 100 483.5 48 48 0.6 96 32 0.5 2  \
  96 32 0.5 2 96 32 0.5 2 
407109:  Double_t \
  200 100 708.5 48 48 0.6 96 32 0.5 2  \
  96 32 0.5 2 96 32 0.5 2 
407141:  Double_t \
  100 100 933.5 48 48 0.6 96 32 0.5 2  \
  96 32 0.5 2 96 32 0.5 2 
407589:  Double_t \
  200 100 498.5 48 48 0.6 32 96 2 0.5  \
  32 96 2 0.5 32 96 2 0.5 
407621:  Double_t \
  200 100 723.5 48 48 0.6 32 96 2 0.5  \
  32 96 2 0.5 32 96 2 0.5 
407653:  Double_t \
  100 100 948.5 48 48 0.6 32 96 2 0.5  \
  32 96 2 0.5 32 96 2 0.5 
528933:  Double_t \
  0 -60 453.5 28.5 28.5 0.6 57 24 0.5 2  \
  57 9 0.5 1.5 57 24 0.5 2 
528965:  Double_t \
  0 -60 678.5 28.5 28.5 0.6 57 24 0.5 2  \
  57 9 0.5 1.5 57 24 0.5 2 
529445:  Double_t \
  0 -60 468.5 28.5 28.5 0.6 24 57 2 0.5  \
  9 57 1.5 0.5 24 57 2 0.5 
529477:  Double_t \
  0 -60 693.5 28.5 28.5 0.6 24 57 2 0.5  \
  9 57 1.5 0.5 24 57 2 0.5 
529957:  Double_t \
  0 -60 483.5 28.5 28.5 0.6 57 24 0.5 2  \
  57 9 0.5 1.5 57 24 0.5 2 
529989:  Double_t \
  0 -60 708.5 28.5 28.5 0.6 57 24 0.5 2  \
  57 9 0.5 1.5 57 24 0.5 2 
530469:  Double_t \
  0 -60 498.5 28.5 28.5 0.6 24 57 2 0.5  \
  9 57 1.5 0.5 24 57 2 0.5 
530501:  Double_t \
  0 -60 723.5 28.5 28.5 0.6 24 57 2 0.5  \
  9 57 1.5 0.5 24 57 2 0.5 
533029:  Double_t \
  0 -120 453.5 28.5 28.5 0.6 57 24 0.5 2  \
  57 9 0.5 1.5 57 24 0.5 2 
533061:  Double_t \
  0 -120 678.5 28.5 28.5 0.6 57 24 0.5 2  \
  57 9 0.5 1.5 57 24 0.5 2 
533541:  Double_t \
  0 -120 468.5 28.5 28.5 0.6 24 57 2 0.5  \
  9 57 1.5 0.5 24 57 2 0.5 
533573:  Double_t \
  0 -120 693.5 28.5 28.5 0.6 24 57 2 0.5  \
  9 57 1.5 0.5 24 57 2 0.5 
534053:  Double_t \
  0 -120 483.5 28.5 28.5 0.6 57 24 0.5 2  \
  57 9 0.5 1.5 57 24 0.5 2 
534085:  Double_t \
  0 -120 708.5 28.5 28.5 0.6 57 24 0.5 2  \
  57 9 0.5 1.5 57 24 0.5 2 
534565:  Double_t \
  0 -120 498.5 28.5 28.5 0.6 24 57 2 0.5  \
  9 57 1.5 0.5 24 57 2 0.5 
534597:  Double_t \
  0 -120 723.5 28.5 28.5 0.6 24 57 2 0.5  \
  9 57 1.5 0.5 24 57 2 0.5 
537125:  Double_t \
  200 -100 453.5 48 48 0.6 96 32 0.5 2  \
  96 32 0.5 2 96 32 0.5 2 
537157:  Double_t \
  200 -100 678.5 48 48 0.6 96 32 0.5 2  \
  96 32 0.5 2 96 32 0.5 2 
537189:  Double_t \
  -100 0 903.5 48 48 0.6 96 32 0.5 2  \
  96 32 0.5 2 96 32 0.5 2 
537637:  Double_t \
  200 -100 468.5 48 48 0.6 32 96 2 0.5  \
  32 96 2 0.5 32 96 2 0.5 
537669:  Double_t \
  200 -100 693.5 48 48 0.6 32 96 2 0.5  \
  32 96 2 0.5 32 96 2 0.5 
537701:  Double_t \
  -100 0 918.5 48 48 0.6 32 96 2 0.5  \
  32 96 2 0.5 32 96 2 0.5 
538149:  Double_t \
  200 -100 483.5 48 48 0.6 96 32 0.5 2  \
  96 32 0.5 2 96 32 0.5 2 
538181:  Double_t \
  200 -100 708.5 48 48 0.6 96 32 0.5 2  \
  96 32 0.5 2 96 32 0.5 2 
538213:  Double_t \
  -100 0 933.5 48 48 0.6 96 32 0.5 2  \
  96 32 0.5 2 96 32 0.5 2 
538661:  Double_t \
  200 -100 498.5 48 48 0.6 32 96 2 0.5  \
  32 96 2 0.5 32 96 2 0.5 
538693:  Double_t \
  200 -100 723.5 48 48 0.6 32 96 2 0.5  \
  32 96 2 0.5 32 96 2 0.5 
538725:  Double_t \
  -100 0 948.5 48 48 0.6 32 96 2 0.5  \
  32 96 2 0.5 32 96 2 0.5 
660005:  Double_t \
  60 60 453.5 28.5 28.5 0.6 57 24 0.5 2  \
  57 9 0.5 1.5 57 24 0.5 2 
660037:  Double_t \
  60 60 678.5 28.5 28.5 0.6 57 24 0.5 2  \
  57 9 0.5 1.5 57 24 0.5 2 
660517:  Double_t \
  60 60 468.5 28.5 28.5 0.6 24 57 2 0.5  \
  9 57 1.5 0.5 24 57 2 0.5 
660549:  Double_t \
  60 60 693.5 28.5 28.5 0.6 24 57 2 0.5  \
  9 57 1.5 0.5 24 57 2 0.5 
661029:  Double_t \
  60 60 483.5 28.5 28.5 0.6 57 24 0.5 2  \
  57 9 0.5 1.5 57 24 0.5 2 
661061:  Double_t \
  60 60 708.5 28.5 28.5 0.6 57 24 0.5 2  \
  57 9 0.5 1.5 57 24 0.5 2 
661541:  Double_t \
  60 60 498.5 28.5 28.5 0.6 24 57 2 0.5  \
  9 57 1.5 0.5 24 57 2 0.5 
661573:  Double_t \
  60 60 723.5 28.5 28.5 0.6 24 57 2 0.5  \
  9 57 1.5 0.5 24 57 2 0.5 
664101:  Double_t \
  120 60 453.5 28.5 28.5 0.6 57 24 0.5 2  \
  57 9 0.5 1.5 57 24 0.5 2 
664133:  Double_t \
  120 60 678.5 28.5 28.5 0.6 57 24 0.5 2  \
  57 9 0.5 1.5 57 24 0.5 2 
664613:  Double_t \
  120 60 468.5 28.5 28.5 0.6 24 57 2 0.5  \
  9 57 1.5 0.5 24 57 2 0.5 
664645:  Double_t \
  120 60 693.5 28.5 28.5 0.6 24 57 2 0.5  \
  9 57 1.5 0.5 24 57 2 0.5 
665125:  Double_t \
  120 60 483.5 28.5 28.5 0.6 57 24 0.5 2  \
  57 9 0.5 1.5 57 24 0.5 2 
665157:  Double_t \
  120 60 708.5 28.5 28.5 0.6 57 24 0.5 2  \
  57 9 0.5 1.5 57 24 0.5 2 
665637:  Double_t \
  120 60 498.5 28.5 28.5 0.6 24 57 2 0.5  \
  9 57 1.5 0.5 24 57 2 0.5 
665669:  Double_t \
  120 60 723.5 28.5 28.5 0.6 24 57 2 0.5  \
  9 57 1.5 0.5 24 57 2 0.5 
668197:  Double_t \
  -200 -100 453.5 48 48 0.6 96 32 0.5 2  \
  96 32 0.5 2 96 32 0.5 2 
668229:  Double_t \
  -200 -100 678.5 48 48 0.6 96 32 0.5 2  \
  96 32 0.5 2 96 32 0.5 2 
668261:  Double_t \
  100 0 903.5 48 48 0.6 96 32 0.5 2  \
  96 32 0.5 2 96 32 0.5 2 
668709:  Double_t \
  -200 -100 468.5 48 48 0.6 32 96 2 0.5  \
  32 96 2 0.5 32 96 2 0.5 
668741:  Double_t \
  -200 -100 693.5 48 48 0.6 32 96 2 0.5  \
  32 96 2 0.5 32 96 2 0.5 
668773:  Double_t \
  100 0 918.5 48 48 0.6 32 96 2 0.5  \
  32 96 2 0.5 32 96 2 0.5 
669221:  Double_t \
  -200 -100 483.5 48 48 0.6 96 32 0.5 2  \
  96 32 0.5 2 96 32 0.5 2 
669253:  Double_t \
  -200 -100 708.5 48 48 0.6 96 32 0.5 2  \
  96 32 0.5 2 96 32 0.5 2 
669285:  Double_t \
  100 0 933.5 48 48 0.6 96 32 0.5 2  \
  96 32 0.5 2 96 32 0.5 2 
669733:  Double_t \
  -200 -100 498.5 48 48 0.6 32 96 2 0.5  \
  32 96 2 0.5 32 96 2 0.5 
669765:  Double_t \
  -200 -100 723.5 48 48 0.6 32 96 2 0.5  \
  32 96 2 0.5 32 96 2 0.5 
669797:  Double_t \
  100 0 948.5 48 48 0.6 32 96 2 0.5  \
  32 96 2 0.5 32 96 2 0.5 
791077:  Double_t \
  60 -60 453.5 28.5 28.5 0.6 57 24 0.5 2  \
  57 9 0.5 1.5 57 24 0.5 2 
791109:  Double_t \
  60 -60 678.5 28.5 28.5 0.6 57 24 0.5 2  \
  57 9 0.5 1.5 57 24 0.5 2 
791589:  Double_t \
  60 -60 468.5 28.5 28.5 0.6 24 57 2 0.5  \
  9 57 1.5 0.5 24 57 2 0.5 
791621:  Double_t \
  60 -60 693.5 28.5 28.5 0.6 24 57 2 0.5  \
  9 57 1.5 0.5 24 57 2 0.5 
792101:  Double_t \
  60 -60 483.5 28.5 28.5 0.6 57 24 0.5 2  \
  57 9 0.5 1.5 57 24 0.5 2 
792133:  Double_t \
  60 -60 708.5 28.5 28.5 0.6 57 24 0.5 2  \
  57 9 0.5 1.5 57 24 0.5 2 
792613:  Double_t \
  60 -60 498.5 28.5 28.5 0.6 24 57 2 0.5  \
  9 57 1.5 0.5 24 57 2 0.5 
792645:  Double_t \
  60 -60 723.5 28.5 28.5 0.6 24 57 2 0.5  \
  9 57 1.5 0.5 24 57 2 0.5 
795173:  Double_t \
  120 -60 453.5 28.5 28.5 0.6 57 24 0.5 2  \
  57 9 0.5 1.5 57 24 0.5 2 
795205:  Double_t \
  120 -60 678.5 28.5 28.5 0.6 57 24 0.5 2  \
  57 9 0.5 1.5 57 24 0.5 2 
795685:  Double_t \
  120 -60 468.5 28.5 28.5 0.6 24 57 2 0.5  \
  9 57 1.5 0.5 24 57 2 0.5 
795717:  Double_t \
  120 -60 693.5 28.5 28.5 0.6 24 57 2 0.5  \
  9 57 1.5 0.5 24 57 2 0.5 
796197:  Double_t \
  120 -60 483.5 28.5 28.5 0.6 57 24 0.5 2  \
  57 9 0.5 1.5 57 24 0.5 2 
796229:  Double_t \
  120 -60 708.5 28.5 28.5 0.6 57 24 0.5 2  \
  57 9 0.5 1.5 57 24 0.5 2 
796709:  Double_t \
  120 -60 498.5 28.5 28.5 0.6 24 57 2 0.5  \
  9 57 1.5 0.5 24 57 2 0.5 
796741:  Double_t \
  120 -60 723.5 28.5 28.5 0.6 24 57 2 0.5  \
  9 57 1.5 0.5 24 57 2 0.5 
799269:  Double_t \
  -200 100 453.5 48 48 0.6 96 32 0.5 2  \
  96 32 0.5 2 96 32 0.5 2 
799301:  Double_t \
  -200 100 678.5 48 48 0.6 96 32 0.5 2  \
  96 32 0.5 2 96 32 0.5 2 
799333:  Double_t \
  -100 -100 903.5 48 48 0.6 96 32 0.5 2  \
  96 32 0.5 2 96 32 0.5 2 
799781:  Double_t \
  -200 100 468.5 48 48 0.6 32 96 2 0.5  \
  32 96 2 0.5 32 96 2 0.5 
799813:  Double_t \
  -200 100 693.5 48 48 0.6 32 96 2 0.5  \
  32 96 2 0.5 32 96 2 0.5 
799845:  Double_t \
  -100 -100 918.5 48 48 0.6 32 96 2 0.5  \
  32 96 2 0.5 32 96 2 0.5 
800293:  Double_t \
  -200 100 483.5 48 48 0.6 96 32 0.5 2  \
  96 32 0.5 2 96 32 0.5 2 
800325:  Double_t \
  -200 100 708.5 48 48 0.6 96 32 0.5 2  \
  96 32 0.5 2 96 32 0.5 2 
800357:  Double_t \
  -100 -100 933.5 48 48 0.6 96 32 0.5 2  \
  96 32 0.5 2 96 32 0.5 2 
800805:  Double_t \
  -200 100 498.5 48 48 0.6 32 96 2 0.5  \
  32 96 2 0.5 32 96 2 0.5 
800837:  Double_t \
  -200 100 723.5 48 48 0.6 32 96 2 0.5  \
  32 96 2 0.5 32 96 2 0.5 
800869:  Double_t \
  -100 -100 948.5 48 48 0.6 32 96 2 0.5  \
  32 96 2 0.5 32 96 2 0.5 
922149:  Double_t \
  -60 -60 453.5 28.5 28.5 0.6 57 24 0.5 2  \
  57 9 0.5 1.5 57 24 0.5 2 
922181:  Double_t \
  -60 -60 678.5 28.5 28.5 0.6 57 24 0.5 2  \
  57 9 0.5 1.5 57 24 0.5 2 
922661:  Double_t \
  -60 -60 468.5 28.5 28.5 0.6 24 57 2 0.5  \
  9 57 1.5 0.5 24 57 2 0.5 
922693:  Double_t \
  -60 -60 693.5 28.5 28.5 0.6 24 57 2 0.5  \
  9 57 1.5 0.5 24 57 2 0.5 
923173:  Double_t \
  -60 -60 483.5 28.5 28.5 0.6 57 24 0.5 2  \
  57 9 0.5 1.5 57 24 0.5 2 
923205:  Double_t \
  -60 -60 708.5 28.5 28.5 0.6 57 24 0.5 2  \
  57 9 0.5 1.5 57 24 0.5 2 
923685:  Double_t \
  -60 -60 498.5 28.5 28.5 0.6 24 57 2 0.5  \
  9 57 1.5 0.5 24 57 2 0.5 
923717:  Double_t \
  -60 -60 723.5 28.5 28.5 0.6 24 57 2 0.5  \
  9 57 1.5 0.5 24 57 2 0.5 
926245:  Double_t \
  -120 -60 453.5 28.5 28.5 0.6 57 24 0.5 2  \
  57 9 0.5 1.5 57 24 0.5 2 
926277:  Double_t \
  -120 -60 678.5 28.5 28.5 0.6 57 24 0.5 2  \
  57 9 0.5 1.5 57 24 0.5 2 
926757:  Double_t \
  -120 -60 468.5 28.5 28.5 0.6 24 57 2 0.5  \
  9 57 1.5 0.5 24 57 2 0.5 
926789:  Double_t \
  -120 -60 693.5 28.5 28.5 0.6 24 57 2 0.5  \
  9 57 1.5 0.5 24 57 2 0.5 
927269:  Double_t \
  -120 -60 483.5 28.5 28.5 0.6 57 24 0.5 2  \
  57 9 0.5 1.5 57 24 0.5 2 
927301:  Double_t \
  -120 -60 708.5 28.5 28.5 0.6 57 24 0.5 2  \
  57 9 0.5 1.5 57 24 0.5 2 
927781:  Double_t \
  -120 -60 498.5 28.5 28.5 0.6 24 57 2 0.5  \
  9 57 1.5 0.5 24 57 2 0.5 
927813:  Double_t \
  -120 -60 723.5 28.5 28.5 0.6 24 57 2 0.5  \
  9 57 1.5 0.5 24 57 2 0.5 
930341:  Double_t \
  0 200 453.5 48 48 0.6 96 32 0.5 2  \
  96 32 0.5 2 96 32 0.5 2 
930373:  Double_t \
  0 200 678.5 48 48 0.6 96 32 0.5 2  \
  96 32 0.5 2 96 32 0.5 2 
930405:  Double_t \
  0 -100 903.5 48 48 0.6 96 32 0.5 2  \
  96 32 0.5 2 96 32 0.5 2 
930853:  Double_t \
  0 200 468.5 48 48 0.6 32 96 2 0.5  \
  32 96 2 0.5 32 96 2 0.5 
930885:  Double_t \
  0 200 693.5 48 48 0.6 32 96 2 0.5  \
  32 96 2 0.5 32 96 2 0.5 
930917:  Double_t \
  0 -100 918.5 48 48 0.6 32 96 2 0.5  \
  32 96 2 0.5 32 96 2 0.5 
931365:  Double_t \
  0 200 483.5 48 48 0.6 96 32 0.5 2  \
  96 32 0.5 2 96 32 0.5 2 
931397:  Double_t \
  0 200 708.5 48 48 0.6 96 32 0.5 2  \
  96 32 0.5 2 96 32 0.5 2 
931429:  Double_t \
  0 -100 933.5 48 48 0.6 96 32 0.5 2  \
  96 32 0.5 2 96 32 0.5 2 
931877:  Double_t \
  0 200 498.5 48 48 0.6 32 96 2 0.5  \
  32 96 2 0.5 32 96 2 0.5 
931909:  Double_t \
  0 200 723.5 48 48 0.6 32 96 2 0.5  \
  32 96 2 0.5 32 96 2 0.5 
931941:  Double_t \
  0 -100 948.5 48 48 0.6 32 96 2 0.5  \
  32 96 2 0.5 32 96 2 0.5 
1053221:  Double_t \
  -60 60 453.5 28.5 28.5 0.6 57 24 0.5 2  \
  57 9 0.5 1.5 57 24 0.5 2 
1053253:  Double_t \
  -60 60 678.5 28.5 28.5 0.6 57 24 0.5 2  \
  57 9 0.5 1.5 57 24 0.5 2 
1053733:  Double_t \
  -60 60 468.5 28.5 28.5 0.6 24 57 2 0.5  \
  9 57 1.5 0.5 24 57 2 0.5 
1053765:  Double_t \
  -60 60 693.5 28.5 28.5 0.6 24 57 2 0.5  \
  9 57 1.5 0.5 24 57 2 0.5 
1054245:  Double_t \
  -60 60 483.5 28.5 28.5 0.6 57 24 0.5 2  \
  57 9 0.5 1.5 57 24 0.5 2 
1054277:  Double_t \
  -60 60 708.5 28.5 28.5 0.6 57 24 0.5 2  \
  57 9 0.5 1.5 57 24 0.5 2 
1054757:  Double_t \
  -60 60 498.5 28.5 28.5 0.6 24 57 2 0.5  \
  9 57 1.5 0.5 24 57 2 0.5 
1054789:  Double_t \
  -60 60 723.5 28.5 28.5 0.6 24 57 2 0.5  \
  9 57 1.5 0.5 24 57 2 0.5 
1057317:  Double_t \
  -120 60 453.5 28.5 28.5 0.6 57 24 0.5 2  \
  57 9 0.5 1.5 57 24 0.5 2 
1057349:  Double_t \
  -120 60 678.5 28.5 28.5 0.6 57 24 0.5 2  \
  57 9 0.5 1.5 57 24 0.5 2 
1057829:  Double_t \
  -120 60 468.5 28.5 28.5 0.6 24 57 2 0.5  \
  9 57 1.5 0.5 24 57 2 0.5 
1057861:  Double_t \
  -120 60 693.5 28.5 28.5 0.6 24 57 2 0.5  \
  9 57 1.5 0.5 24 57 2 0.5 
1058341:  Double_t \
  -120 60 483.5 28.5 28.5 0.6 57 24 0.5 2  \
  57 9 0.5 1.5 57 24 0.5 2 
1058373:  Double_t \
  -120 60 708.5 28.5 28.5 0.6 57 24 0.5 2  \
  57 9 0.5 1.5 57 24 0.5 2 
1058853:  Double_t \
  -120 60 498.5 28.5 28.5 0.6 24 57 2 0.5  \
  9 57 1.5 0.5 24 57 2 0.5 
1058885:  Double_t \
  -120 60 723.5 28.5 28.5 0.6 24 57 2 0.5  \
  9 57 1.5 0.5 24 57 2 0.5 
1061413:  Double_t \
  0 -200 453.5 48 48 0.6 96 32 0.5 2  \
  96 32 0.5 2 96 32 0.5 2 
1061445:  Double_t \
  0 -200 678.5 48 48 0.6 96 32 0.5 2  \
  96 32 0.5 2 96 32 0.5 2 
1061477:  Double_t \
  100 -100 903.5 48 48 0.6 96 32 0.5 2  \
  96 32 0.5 2 96 32 0.5 2 
1061925:  Double_t \
  0 -200 468.5 48 48 0.6 32 96 2 0.5  \
  32 96 2 0.5 32 96 2 0.5 
1061957:  Double_t \
  0 -200 693.5 48 48 0.6 32 96 2 0.5  \
  32 96 2 0.5 32 96 2 0.5 
1061989:  Double_t \
  100 -100 918.5 48 48 0.6 32 96 2 0.5  \
  32 96 2 0.5 32 96 2 0.5 
1062437:  Double_t \
  0 -200 483.5 48 48 0.6 96 32 0.5 2  \
  96 32 0.5 2 96 32 0.5 2 
1062469:  Double_t \
  0 -200 708.5 48 48 0.6 96 32 0.5 2  \
  96 32 0.5 2 96 32 0.5 2 
1062501:  Double_t \
  100 -100 933.5 48 48 0.6 96 32 0.5 2  \
  96 32 0.5 2 96 32 0.5 2 
1062949:  Double_t \
  0 -200 498.5 48 48 0.6 32 96 2 0.5  \
  32 96 2 0.5 32 96 2 0.5 
1062981:  Double_t \
  0 -200 723.5 48 48 0.6 32 96 2 0.5  \
  32 96 2 0.5 32 96 2 0.5 
1063013:  Double_t \
  100 -100 948.5 48 48 0.6 32 96 2 0.5  \
  32 96 2 0.5 32 96 2 0.5 
1188389:  Double_t \
  60 120 453.5 28.5 28.5 0.6 57 24 0.5 2  \
  57 9 0.5 1.5 57 24 0.5 2 
1188421:  Double_t \
  60 120 678.5 28.5 28.5 0.6 57 24 0.5 2  \
  57 9 0.5 1.5 57 24 0.5 2 
1188901:  Double_t \
  60 120 468.5 28.5 28.5 0.6 24 57 2 0.5  \
  9 57 1.5 0.5 24 57 2 0.5 
1188933:  Double_t \
  60 120 693.5 28.5 28.5 0.6 24 57 2 0.5  \
  9 57 1.5 0.5 24 57 2 0.5 
1189413:  Double_t \
  60 120 483.5 28.5 28.5 0.6 57 24 0.5 2  \
  57 9 0.5 1.5 57 24 0.5 2 
1189445:  Double_t \
  60 120 708.5 28.5 28.5 0.6 57 24 0.5 2  \
  57 9 0.5 1.5 57 24 0.5 2 
1189925:  Double_t \
  60 120 498.5 28.5 28.5 0.6 24 57 2 0.5  \
  9 57 1.5 0.5 24 57 2 0.5 
1189957:  Double_t \
  60 120 723.5 28.5 28.5 0.6 24 57 2 0.5  \
  9 57 1.5 0.5 24 57 2 0.5 
1192485:  Double_t \
  100 200 453.5 48 48 0.6 96 32 0.5 2  \
  96 32 0.5 2 96 32 0.5 2 
1192517:  Double_t \
  100 200 678.5 48 48 0.6 96 32 0.5 2  \
  96 32 0.5 2 96 32 0.5 2 
1192549:  Double_t \
  -100 200 903.5 48 48 0.6 96 32 0.5 2  \
  96 32 0.5 2 96 32 0.5 2 
1192997:  Double_t \
  100 200 468.5 48 48 0.6 32 96 2 0.5  \
  32 96 2 0.5 32 96 2 0.5 
1193029:  Double_t \
  100 200 693.5 48 48 0.6 32 96 2 0.5  \
  32 96 2 0.5 32 96 2 0.5 
1193061:  Double_t \
  -100 200 918.5 48 48 0.6 32 96 2 0.5  \
  32 96 2 0.5 32 96 2 0.5 
1193509:  Double_t \
  100 200 483.5 48 48 0.6 96 32 0.5 2  \
  96 32 0.5 2 96 32 0.5 2 
1193541:  Double_t \
  100 200 708.5 48 48 0.6 96 32 0.5 2  \
  96 32 0.5 2 96 32 0.5 2 
1193573:  Double_t \
  -100 200 933.5 48 48 0.6 96 32 0.5 2  \
  96 32 0.5 2 96 32 0.5 2 
1194021:  Double_t \
  100 200 498.5 48 48 0.6 32 96 2 0.5  \
  32 96 2 0.5 32 96 2 0.5 
1194053:  Double_t \
  100 200 723.5 48 48 0.6 32 96 2 0.5  \
  32 96 2 0.5 32 96 2 0.5 
1194085:  Double_t \
  -100 200 948.5 48 48 0.6 32 96 2 0.5  \
  32 96 2 0.5 32 96 2 0.5 
1319461:  Double_t \
  -60 120 453.5 28.5 28.5 0.6 57 24 0.5 2  \
  57 9 0.5 1.5 57 24 0.5 2 
1319493:  Double_t \
  -60 120 678.5 28.5 28.5 0.6 57 24 0.5 2  \
  57 9 0.5 1.5 57 24 0.5 2 
1319973:  Double_t \
  -60 120 468.5 28.5 28.5 0.6 24 57 2 0.5  \
  9 57 1.5 0.5 24 57 2 0.5 
1320005:  Double_t \
  -60 120 693.5 28.5 28.5 0.6 24 57 2 0.5  \
  9 57 1.5 0.5 24 57 2 0.5 
1320485:  Double_t \
  -60 120 483.5 28.5 28.5 0.6 57 24 0.5 2  \
  57 9 0.5 1.5 57 24 0.5 2 
1320517:  Double_t \
  -60 120 708.5 28.5 28.5 0.6 57 24 0.5 2  \
  57 9 0.5 1.5 57 24 0.5 2 
1320997:  Double_t \
  -60 120 498.5 28.5 28.5 0.6 24 57 2 0.5  \
  9 57 1.5 0.5 24 57 2 0.5 
1321029:  Double_t \
  -60 120 723.5 28.5 28.5 0.6 24 57 2 0.5  \
  9 57 1.5 0.5 24 57 2 0.5 
1323557:  Double_t \
  -100 200 453.5 48 48 0.6 96 32 0.5 2  \
  96 32 0.5 2 96 32 0.5 2 
1323589:  Double_t \
  -100 200 678.5 48 48 0.6 96 32 0.5 2  \
  96 32 0.5 2 96 32 0.5 2 
1323621:  Double_t \
  0 200 903.5 48 48 0.6 96 32 0.5 2  \
  96 32 0.5 2 96 32 0.5 2 
1324069:  Double_t \
  -100 200 468.5 48 48 0.6 32 96 2 0.5  \
  32 96 2 0.5 32 96 2 0.5 
1324101:  Double_t \
  -100 200 693.5 48 48 0.6 32 96 2 0.5  \
  32 96 2 0.5 32 96 2 0.5 
1324133:  Double_t \
  0 200 918.5 48 48 0.6 32 96 2 0.5  \
  32 96 2 0.5 32 96 2 0.5 
1324581:  Double_t \
  -100 200 483.5 48 48 0.6 96 32 0.5 2  \
  96 32 0.5 2 96 32 0.5 2 
1324613:  Double_t \
  -100 200 708.5 48 48 0.6 96 32 0.5 2  \
  96 32 0.5 2 96 32 0.5 2 
1324645:  Double_t \
  0 200 933.5 48 48 0.6 96 32 0.5 2  \
  96 32 0.5 2 96 32 0.5 2 
1325093:  Double_t \
  -100 200 498.5 48 48 0.6 32 96 2 0.5  \
  32 96 2 0.5 32 96 2 0.5 
1325125:  Double_t \
  -100 200 723.5 48 48 0.6 32 96 2 0.5  \
  32 96 2 0.5 32 96 2 0.5 
1325157:  Double_t \
  0 200 948.5 48 48 0.6 32 96 2 0.5  \
  32 96 2 0.5 32 96 2 0.5 
1450533:  Double_t \
  -60 -120 453.5 28.5 28.5 0.6 57 24 0.5 2  \
  57 9 0.5 1.5 57 24 0.5 2 
1450565:  Double_t \
  -60 -120 678.5 28.5 28.5 0.6 57 24 0.5 2  \
  57 9 0.5 1.5 57 24 0.5 2 
1451045:  Double_t \
  -60 -120 468.5 28.5 28.5 0.6 24 57 2 0.5  \
  9 57 1.5 0.5 24 57 2 0.5 
1451077:  Double_t \
  -60 -120 693.5 28.5 28.5 0.6 24 57 2 0.5  \
  9 57 1.5 0.5 24 57 2 0.5 
1451557:  Double_t \
  -60 -120 483.5 28.5 28.5 0.6 57 24 0.5 2  \
  57 9 0.5 1.5 57 24 0.5 2 
1451589:  Double_t \
  -60 -120 708.5 28.5 28.5 0.6 57 24 0.5 2  \
  57 9 0.5 1.5 57 24 0.5 2 
1452069:  Double_t \
  -60 -120 498.5 28.5 28.5 0.6 24 57 2 0.5  \
  9 57 1.5 0.5 24 57 2 0.5 
1452101:  Double_t \
  -60 -120 723.5 28.5 28.5 0.6 24 57 2 0.5  \
  9 57 1.5 0.5 24 57 2 0.5 
1454629:  Double_t \
  -100 -200 453.5 48 48 0.6 96 32 0.5 2  \
  96 32 0.5 2 96 32 0.5 2 
1454661:  Double_t \
  -100 -200 678.5 48 48 0.6 96 32 0.5 2  \
  96 32 0.5 2 96 32 0.5 2 
1454693:  Double_t \
  100 200 903.5 48 48 0.6 96 32 0.5 2  \
  96 32 0.5 2 96 32 0.5 2 
1455141:  Double_t \
  -100 -200 468.5 48 48 0.6 32 96 2 0.5  \
  32 96 2 0.5 32 96 2 0.5 
1455173:  Double_t \
  -100 -200 693.5 48 48 0.6 32 96 2 0.5  \
  32 96 2 0.5 32 96 2 0.5 
1455205:  Double_t \
  100 200 918.5 48 48 0.6 32 96 2 0.5  \
  32 96 2 0.5 32 96 2 0.5 
1455653:  Double_t \
  -100 -200 483.5 48 48 0.6 96 32 0.5 2  \
  96 32 0.5 2 96 32 0.5 2 
1455685:  Double_t \
  -100 -200 708.5 48 48 0.6 96 32 0.5 2  \
  96 32 0.5 2 96 32 0.5 2 
1455717:  Double_t \
  100 200 933.5 48 48 0.6 96 32 0.5 2  \
  96 32 0.5 2 96 32 0.5 2 
1456165:  Double_t \
  -100 -200 498.5 48 48 0.6 32 96 2 0.5  \
  32 96 2 0.5 32 96 2 0.5 
1456197:  Double_t \
  -100 -200 723.5 48 48 0.6 32 96 2 0.5  \
  32 96 2 0.5 32 96 2 0.5 
1456229:  Double_t \
  100 200 948.5 48 48 0.6 32 96 2 0.5  \
  32 96 2 0.5 32 96 2 0.5 
1581605:  Double_t \
  60 -120 453.5 28.5 28.5 0.6 57 24 0.5 2  \
  57 9 0.5 1.5 57 24 0.5 2 
1581637:  Double_t \
  60 -120 678.5 28.5 28.5 0.6 57 24 0.5 2  \
  57 9 0.5 1.5 57 24 0.5 2 
1582117:  Double_t \
  60 -120 468.5 28.5 28.5 0.6 24 57 2 0.5  \
  9 57 1.5 0.5 24 57 2 0.5 
1582149:  Double_t \
  60 -120 693.5 28.5 28.5 0.6 24 57 2 0.5  \
  9 57 1.5 0.5 24 57 2 0.5 
1582629:  Double_t \
  60 -120 483.5 28.5 28.5 0.6 57 24 0.5 2  \
  57 9 0.5 1.5 57 24 0.5 2 
1582661:  Double_t \
  60 -120 708.5 28.5 28.5 0.6 57 24 0.5 2  \
  57 9 0.5 1.5 57 24 0.5 2 
1583141:  Double_t \
  60 -120 498.5 28.5 28.5 0.6 24 57 2 0.5  \
  9 57 1.5 0.5 24 57 2 0.5 
1583173:  Double_t \
  60 -120 723.5 28.5 28.5 0.6 24 57 2 0.5  \
  9 57 1.5 0.5 24 57 2 0.5 
1585701:  Double_t \
  100 -200 453.5 48 48 0.6 96 32 0.5 2  \
  96 32 0.5 2 96 32 0.5 2 
1585733:  Double_t \
  100 -200 678.5 48 48 0.6 96 32 0.5 2  \
  96 32 0.5 2 96 32 0.5 2 
1585765:  Double_t \
  -200 100 903.5 48 48 0.6 96 32 0.5 2  \
  96 32 0.5 2 96 32 0.5 2 
1586213:  Double_t \
  100 -200 468.5 48 48 0.6 32 96 2 0.5  \
  32 96 2 0.5 32 96 2 0.5 
1586245:  Double_t \
  100 -200 693.5 48 48 0.6 32 96 2 0.5  \
  32 96 2 0.5 32 96 2 0.5 
1586277:  Double_t \
  -200 100 918.5 48 48 0.6 32 96 2 0.5  \
  32 96 2 0.5 32 96 2 0.5 
1586725:  Double_t \
  100 -200 483.5 48 48 0.6 96 32 0.5 2  \
  96 32 0.5 2 96 32 0.5 2 
1586757:  Double_t \
  100 -200 708.5 48 48 0.6 96 32 0.5 2  \
  96 32 0.5 2 96 32 0.5 2 
1586789:  Double_t \
  -200 100 933.5 48 48 0.6 96 32 0.5 2  \
  96 32 0.5 2 96 32 0.5 2 
1587237:  Double_t \
  100 -200 498.5 48 48 0.6 32 96 2 0.5  \
  32 96 2 0.5 32 96 2 0.5 
1587269:  Double_t \
  100 -200 723.5 48 48 0.6 32 96 2 0.5  \
  32 96 2 0.5 32 96 2 0.5 
1587301:  Double_t \
  -200 100 948.5 48 48 0.6 32 96 2 0.5  \
  32 96 2 0.5 32 96 2 0.5 
1712677:  Double_t \
  120 120 453.5 28.5 28.5 0.6 57 24 0.5 2  \
  57 9 0.5 1.5 57 24 0.5 2 
1712709:  Double_t \
  120 120 678.5 28.5 28.5 0.6 57 24 0.5 2  \
  57 9 0.5 1.5 57 24 0.5 2 
1713189:  Double_t \
  120 120 468.5 28.5 28.5 0.6 24 57 2 0.5  \
  9 57 1.5 0.5 24 57 2 0.5 
1713221:  Double_t \
  120 120 693.5 28.5 28.5 0.6 24 57 2 0.5  \
  9 57 1.5 0.5 24 57 2 0.5 
1713701:  Double_t \
  120 120 483.5 28.5 28.5 0.6 57 24 0.5 2  \
  57 9 0.5 1.5 57 24 0.5 2 
1713733:  Double_t \
  120 120 708.5 28.5 28.5 0.6 57 24 0.5 2  \
  57 9 0.5 1.5 57 24 0.5 2 
1714213:  Double_t \
  120 120 498.5 28.5 28.5 0.6 24 57 2 0.5  \
  9 57 1.5 0.5 24 57 2 0.5 
1714245:  Double_t \
  120 120 723.5 28.5 28.5 0.6 24 57 2 0.5  \
  9 57 1.5 0.5 24 57 2 0.5 
1716773:  Double_t \
  200 200 453.5 48 48 0.6 96 32 0.5 2  \
  96 32 0.5 2 96 32 0.5 2 
1716805:  Double_t \
  200 200 678.5 48 48 0.6 96 32 0.5 2  \
  96 32 0.5 2 96 32 0.5 2 
1716837:  Double_t \
  200 100 903.5 48 48 0.6 96 32 0.5 2  \
  96 32 0.5 2 96 32 0.5 2 
1717285:  Double_t \
  200 200 468.5 48 48 0.6 32 96 2 0.5  \
  32 96 2 0.5 32 96 2 0.5 
1717317:  Double_t \
  200 200 693.5 48 48 0.6 32 96 2 0.5  \
  32 96 2 0.5 32 96 2 0.5 
1717349:  Double_t \
  200 100 918.5 48 48 0.6 32 96 2 0.5  \
  32 96 2 0.5 32 96 2 0.5 
1717797:  Double_t \
  200 200 483.5 48 48 0.6 96 32 0.5 2  \
  96 32 0.5 2 96 32 0.5 2 
1717829:  Double_t \
  200 200 708.5 48 48 0.6 96 32 0.5 2  \
  96 32 0.5 2 96 32 0.5 2 
1717861:  Double_t \
  200 100 933.5 48 48 0.6 96 32 0.5 2  \
  96 32 0.5 2 96 32 0.5 2 
1718309:  Double_t \
  200 200 498.5 48 48 0.6 32 96 2 0.5  \
  32 96 2 0.5 32 96 2 0.5 
1718341:  Double_t \
  200 200 723.5 48 48 0.6 32 96 2 0.5  \
  32 96 2 0.5 32 96 2 0.5 
1718373:  Double_t \
  200 100 948.5 48 48 0.6 32 96 2 0.5  \
  32 96 2 0.5 32 96 2 0.5 
1843749:  Double_t \
  -120 120 453.5 28.5 28.5 0.6 57 24 0.5 2  \
  57 9 0.5 1.5 57 24 0.5 2 
1843781:  Double_t \
  -120 120 678.5 28.5 28.5 0.6 57 24 0.5 2  \
  57 9 0.5 1.5 57 24 0.5 2 
1844261:  Double_t \
  -120 120 468.5 28.5 28.5 0.6 24 57 2 0.5  \
  9 57 1.5 0.5 24 57 2 0.5 
1844293:  Double_t \
  -120 120 693.5 28.5 28.5 0.6 24 57 2 0.5  \
  9 57 1.5 0.5 24 57 2 0.5 
1844773:  Double_t \
  -120 120 483.5 28.5 28.5 0.6 57 24 0.5 2  \
  57 9 0.5 1.5 57 24 0.5 2 
1844805:  Double_t \
  -120 120 708.5 28.5 28.5 0.6 57 24 0.5 2  \
  57 9 0.5 1.5 57 24 0.5 2 
1845285:  Double_t \
  -120 120 498.5 28.5 28.5 0.6 24 57 2 0.5  \
  9 57 1.5 0.5 24 57 2 0.5 
1845317:  Double_t \
  -120 120 723.5 28.5 28.5 0.6 24 57 2 0.5  \
  9 57 1.5 0.5 24 57 2 0.5 
1847845:  Double_t \
  200 -200 453.5 48 48 0.6 96 32 0.5 2  \
  96 32 0.5 2 96 32 0.5 2 
1847877:  Double_t \
  200 -200 678.5 48 48 0.6 96 32 0.5 2  \
  96 32 0.5 2 96 32 0.5 2 
1847909:  Double_t \
  -200 0 903.5 48 48 0.6 96 32 0.5 2  \
  96 32 0.5 2 96 32 0.5 2 
1848357:  Double_t \
  200 -200 468.5 48 48 0.6 32 96 2 0.5  \
  32 96 2 0.5 32 96 2 0.5 
1848389:  Double_t \
  200 -200 693.5 48 48 0.6 32 96 2 0.5  \
  32 96 2 0.5 32 96 2 0.5 
1848421:  Double_t \
  -200 0 918.5 48 48 0.6 32 96 2 0.5  \
  32 96 2 0.5 32 96 2 0.5 
1848869:  Double_t \
  200 -200 483.5 48 48 0.6 96 32 0.5 2  \
  96 32 0.5 2 96 32 0.5 2 
1848901:  Double_t \
  200 -200 708.5 48 48 0.6 96 32 0.5 2  \
  96 32 0.5 2 96 32 0.5 2 
1848933:  Double_t \
  -200 0 933.5 48 48 0.6 96 32 0.5 2  \
  96 32 0.5 2 96 32 0.5 2 
1849381:  Double_t \
  200 -200 498.5 48 48 0.6 32 96 2 0.5  \
  32 96 2 0.5 32 96 2 0.5 
1849413:  Double_t \
  200 -200 723.5 48 48 0.6 32 96 2 0.5  \
  32 96 2 0.5 32 96 2 0.5 
1849445:  Double_t \
  -200 0 948.5 48 48 0.6 32 96 2 0.5  \
  32 96 2 0.5 32 96 2 0.5 
1974821:  Double_t \
  -120 -120 453.5 28.5 28.5 0.6 57 24 0.5 2  \
  57 9 0.5 1.5 57 24 0.5 2 
1974853:  Double_t \
  -120 -120 678.5 28.5 28.5 0.6 57 24 0.5 2  \
  57 9 0.5 1.5 57 24 0.5 2 
1975333:  Double_t \
  -120 -120 468.5 28.5 28.5 0.6 24 57 2 0.5  \
  9 57 1.5 0.5 24 57 2 0.5 
1975365:  Double_t \
  -120 -120 693.5 28.5 28.5 0.6 24 57 2 0.5  \
  9 57 1.5 0.5 24 57 2 0.5 
1975845:  Double_t \
  -120 -120 483.5 28.5 28.5 0.6 57 24 0.5 2  \
  57 9 0.5 1.5 57 24 0.5 2 
1975877:  Double_t \
  -120 -120 708.5 28.5 28.5 0.6 57 24 0.5 2  \
  57 9 0.5 1.5 57 24 0.5 2 
1976357:  Double_t \
  -120 -120 498.5 28.5 28.5 0.6 24 57 2 0.5  \
  9 57 1.5 0.5 24 57 2 0.5 
1976389:  Double_t \
  -120 -120 723.5 28.5 28.5 0.6 24 57 2 0.5  \
  9 57 1.5 0.5 24 57 2 0.5 
1978917:  Double_t \
  -200 -200 453.5 48 48 0.6 96 32 0.5 2  \
  96 32 0.5 2 96 32 0.5 2 
1978949:  Double_t \
  -200 -200 678.5 48 48 0.6 96 32 0.5 2  \
  96 32 0.5 2 96 32 0.5 2 
1978981:  Double_t \
  200 0 903.5 48 48 0.6 96 32 0.5 2  \
  96 32 0.5 2 96 32 0.5 2 
1979429:  Double_t \
  -200 -200 468.5 48 48 0.6 32 96 2 0.5  \
  32 96 2 0.5 32 96 2 0.5 
1979461:  Double_t \
  -200 -200 693.5 48 48 0.6 32 96 2 0.5  \
  32 96 2 0.5 32 96 2 0.5 
1979493:  Double_t \
  200 0 918.5 48 48 0.6 32 96 2 0.5  \
  32 96 2 0.5 32 96 2 0.5 
1979941:  Double_t \
  -200 -200 483.5 48 48 0.6 96 32 0.5 2  \
  96 32 0.5 2 96 32 0.5 2 
1979973:  Double_t \
  -200 -200 708.5 48 48 0.6 96 32 0.5 2  \
  96 32 0.5 2 96 32 0.5 2 
1980005:  Double_t \
  200 0 933.5 48 48 0.6 96 32 0.5 2  \
  96 32 0.5 2 96 32 0.5 2 
1980453:  Double_t \
  -200 -200 498.5 48 48 0.6 32 96 2 0.5  \
  32 96 2 0.5 32 96 2 0.5 
1980485:  Double_t \
  -200 -200 723.5 48 48 0.6 32 96 2 0.5  \
  32 96 2 0.5 32 96 2 0.5 
1980517:  Double_t \
  200 0 948.5 48 48 0.6 32 96 2 0.5  \
  32 96 2 0.5 32 96 2 0.5 
2105893:  Double_t \
  120 -120 453.5 28.5 28.5 0.6 57 24 0.5 2  \
  57 9 0.5 1.5 57 24 0.5 2 
2105925:  Double_t \
  120 -120 678.5 28.5 28.5 0.6 57 24 0.5 2  \
  57 9 0.5 1.5 57 24 0.5 2 
2106405:  Double_t \
  120 -120 468.5 28.5 28.5 0.6 24 57 2 0.5  \
  9 57 1.5 0.5 24 57 2 0.5 
2106437:  Double_t \
  120 -120 693.5 28.5 28.5 0.6 24 57 2 0.5  \
  9 57 1.5 0.5 24 57 2 0.5 
2106917:  Double_t \
  120 -120 483.5 28.5 28.5 0.6 57 24 0.5 2  \
  57 9 0.5 1.5 57 24 0.5 2 
2106949:  Double_t \
  120 -120 708.5 28.5 28.5 0.6 57 24 0.5 2  \
  57 9 0.5 1.5 57 24 0.5 2 
2107429:  Double_t \
  120 -120 498.5 28.5 28.5 0.6 24 57 2 0.5  \
  9 57 1.5 0.5 24 57 2 0.5 
2107461:  Double_t \
  120 -120 723.5 28.5 28.5 0.6 24 57 2 0.5  \
  9 57 1.5 0.5 24 57 2 0.5 
2109989:  Double_t \
  -200 200 453.5 48 48 0.6 96 32 0.5 2  \
  96 32 0.5 2 96 32 0.5 2 
2110021:  Double_t \
  -200 200 678.5 48 48 0.6 96 32 0.5 2  \
  96 32 0.5 2 96 32 0.5 2 
2110053:  Double_t \
  -200 -100 903.5 48 48 0.6 96 32 0.5 2  \
  96 32 0.5 2 96 32 0.5 2 
2110501:  Double_t \
  -200 200 468.5 48 48 0.6 32 96 2 0.5  \
  32 96 2 0.5 32 96 2 0.5 
2110533:  Double_t \
  -200 200 693.5 48 48 0.6 32 96 2 0.5  \
  32 96 2 0.5 32 96 2 0.5 
2110565:  Double_t \
  -200 -100 918.5 48 48 0.6 32 96 2 0.5  \
  32 96 2 0.5 32 96 2 0.5 
2111013:  Double_t \
  -200 200 483.5 48 48 0.6 96 32 0.5 2  \
  96 32 0.5 2 96 32 0.5 2 
2111045:  Double_t \
  -200 200 708.5 48 48 0.6 96 32 0.5 2  \
  96 32 0.5 2 96 32 0.5 2 
2111077:  Double_t \
  -200 -100 933.5 48 48 0.6 96 32 0.5 2  \
  96 32 0.5 2 96 32 0.5 2 
2111525:  Double_t \
  -200 200 498.5 48 48 0.6 32 96 2 0.5  \
  32 96 2 0.5 32 96 2 0.5 
2111557:  Double_t \
  -200 200 723.5 48 48 0.6 32 96 2 0.5  \
  32 96 2 0.5 32 96 2 0.5 
2111589:  Double_t \
  -200 -100 948.5 48 48 0.6 32 96 2 0.5  \
  32 96 2 0.5 32 96 2 0.5 
2241061:  Double_t \
  300 200 453.5 48 48 0.6 96 32 0.5 2  \
  96 32 0.5 2 96 32 0.5 2 
2241093:  Double_t \
  300 200 678.5 48 48 0.6 96 32 0.5 2  \
  96 32 0.5 2 96 32 0.5 2 
2241125:  Double_t \
  200 -100 903.5 48 48 0.6 96 32 0.5 2  \
  96 32 0.5 2 96 32 0.5 2 
2241573:  Double_t \
  300 200 468.5 48 48 0.6 32 96 2 0.5  \
  32 96 2 0.5 32 96 2 0.5 
2241605:  Double_t \
  300 200 693.5 48 48 0.6 32 96 2 0.5  \
  32 96 2 0.5 32 96 2 0.5 
2241637:  Double_t \
  200 -100 918.5 48 48 0.6 32 96 2 0.5  \
  32 96 2 0.5 32 96 2 0.5 
2242085:  Double_t \
  300 200 483.5 48 48 0.6 96 32 0.5 2  \
  96 32 0.5 2 96 32 0.5 2 
2242117:  Double_t \
  300 200 708.5 48 48 0.6 96 32 0.5 2  \
  96 32 0.5 2 96 32 0.5 2 
2242149:  Double_t \
  200 -100 933.5 48 48 0.6 96 32 0.5 2  \
  96 32 0.5 2 96 32 0.5 2 
2242597:  Double_t \
  300 200 498.5 48 48 0.6 32 96 2 0.5  \
  32 96 2 0.5 32 96 2 0.5 
2242629:  Double_t \
  300 200 723.5 48 48 0.6 32 96 2 0.5  \
  32 96 2 0.5 32 96 2 0.5 
2242661:  Double_t \
  200 -100 948.5 48 48 0.6 32 96 2 0.5  \
  32 96 2 0.5 32 96 2 0.5 
2372133:  Double_t \
  300 100 453.5 48 48 0.6 96 32 0.5 2  \
  96 32 0.5 2 96 32 0.5 2 
2372165:  Double_t \
  300 100 678.5 48 48 0.6 96 32 0.5 2  \
  96 32 0.5 2 96 32 0.5 2 
2372197:  Double_t \
  -100 -200 903.5 48 48 0.6 96 32 0.5 2  \
  96 32 0.5 2 96 32 0.5 2 
2372645:  Double_t \
  300 100 468.5 48 48 0.6 32 96 2 0.5  \
  32 96 2 0.5 32 96 2 0.5 
2372677:  Double_t \
  300 100 693.5 48 48 0.6 32 96 2 0.5  \
  32 96 2 0.5 32 96 2 0.5 
2372709:  Double_t \
  -100 -200 918.5 48 48 0.6 32 96 2 0.5  \
  32 96 2 0.5 32 96 2 0.5 
2373157:  Double_t \
  300 100 483.5 48 48 0.6 96 32 0.5 2  \
  96 32 0.5 2 96 32 0.5 2 
2373189:  Double_t \
  300 100 708.5 48 48 0.6 96 32 0.5 2  \
  96 32 0.5 2 96 32 0.5 2 
2373221:  Double_t \
  -100 -200 933.5 48 48 0.6 96 32 0.5 2  \
  96 32 0.5 2 96 32 0.5 2 
2373669:  Double_t \
  300 100 498.5 48 48 0.6 32 96 2 0.5  \
  32 96 2 0.5 32 96 2 0.5 
2373701:  Double_t \
  300 100 723.5 48 48 0.6 32 96 2 0.5  \
  32 96 2 0.5 32 96 2 0.5 
2373733:  Double_t \
  -100 -200 948.5 48 48 0.6 32 96 2 0.5  \
  32 96 2 0.5 32 96 2 0.5 
2503205:  Double_t \
  300 0 453.5 48 48 0.6 96 32 0.5 2  \
  96 32 0.5 2 96 32 0.5 2 
2503237:  Double_t \
  300 0 678.5 48 48 0.6 96 32 0.5 2  \
  96 32 0.5 2 96 32 0.5 2 
2503269:  Double_t \
  0 -200 903.5 48 48 0.6 96 32 0.5 2  \
  96 32 0.5 2 96 32 0.5 2 
2503717:  Double_t \
  300 0 468.5 48 48 0.6 32 96 2 0.5  \
  32 96 2 0.5 32 96 2 0.5 
2503749:  Double_t \
  300 0 693.5 48 48 0.6 32 96 2 0.5  \
  32 96 2 0.5 32 96 2 0.5 
2503781:  Double_t \
  0 -200 918.5 48 48 0.6 32 96 2 0.5  \
  32 96 2 0.5 32 96 2 0.5 
2504229:  Double_t \
  300 0 483.5 48 48 0.6 96 32 0.5 2  \
  96 32 0.5 2 96 32 0.5 2 
2504261:  Double_t \
  300 0 708.5 48 48 0.6 96 32 0.5 2  \
  96 32 0.5 2 96 32 0.5 2 
2504293:  Double_t \
  0 -200 933.5 48 48 0.6 96 32 0.5 2  \
  96 32 0.5 2 96 32 0.5 2 
2504741:  Double_t \
  300 0 498.5 48 48 0.6 32 96 2 0.5  \
  32 96 2 0.5 32 96 2 0.5 
2504773:  Double_t \
  300 0 723.5 48 48 0.6 32 96 2 0.5  \
  32 96 2 0.5 32 96 2 0.5 
2504805:  Double_t \
  0 -200 948.5 48 48 0.6 32 96 2 0.5  \
  32 96 2 0.5 32 96 2 0.5 
2634277:  Double_t \
  300 -100 453.5 48 48 0.6 96 32 0.5 2  \
  96 32 0.5 2 96 32 0.5 2 
2634309:  Double_t \
  300 -100 678.5 48 48 0.6 96 32 0.5 2  \
  96 32 0.5 2 96 32 0.5 2 
2634341:  Double_t \
  100 -200 903.5 48 48 0.6 96 32 0.5 2  \
  96 32 0.5 2 96 32 0.5 2 
2634789:  Double_t \
  300 -100 468.5 48 48 0.6 32 96 2 0.5  \
  32 96 2 0.5 32 96 2 0.5 
2634821:  Double_t \
  300 -100 693.5 48 48 0.6 32 96 2 0.5  \
  32 96 2 0.5 32 96 2 0.5 
2634853:  Double_t \
  100 -200 918.5 48 48 0.6 32 96 2 0.5  \
  32 96 2 0.5 32 96 2 0.5 
2635301:  Double_t \
  300 -100 483.5 48 48 0.6 96 32 0.5 2  \
  96 32 0.5 2 96 32 0.5 2 
2635333:  Double_t \
  300 -100 708.5 48 48 0.6 96 32 0.5 2  \
  96 32 0.5 2 96 32 0.5 2 
2635365:  Double_t \
  100 -200 933.5 48 48 0.6 96 32 0.5 2  \
  96 32 0.5 2 96 32 0.5 2 
2635813:  Double_t \
  300 -100 498.5 48 48 0.6 32 96 2 0.5  \
  32 96 2 0.5 32 96 2 0.5 
2635845:  Double_t \
  300 -100 723.5 48 48 0.6 32 96 2 0.5  \
  32 96 2 0.5 32 96 2 0.5 
2635877:  Double_t \
  100 -200 948.5 48 48 0.6 32 96 2 0.5  \
  32 96 2 0.5 32 96 2 0.5 
2765349:  Double_t \
  300 -200 453.5 48 48 0.6 96 32 0.5 2  \
  96 32 0.5 2 96 32 0.5 2 
2765381:  Double_t \
  300 -200 678.5 48 48 0.6 96 32 0.5 2  \
  96 32 0.5 2 96 32 0.5 2 
2765413:  Double_t \
  -200 300 903.5 48 48 0.6 96 32 0.5 2  \
  96 32 0.5 2 96 32 0.5 2 
2765861:  Double_t \
  300 -200 468.5 48 48 0.6 32 96 2 0.5  \
  32 96 2 0.5 32 96 2 0.5 
2765893:  Double_t \
  300 -200 693.5 48 48 0.6 32 96 2 0.5  \
  32 96 2 0.5 32 96 2 0.5 
2765925:  Double_t \
  -200 300 918.5 48 48 0.6 32 96 2 0.5  \
  32 96 2 0.5 32 96 2 0.5 
2766373:  Double_t \
  300 -200 483.5 48 48 0.6 96 32 0.5 2  \
  96 32 0.5 2 96 32 0.5 2 
2766405:  Double_t \
  300 -200 708.5 48 48 0.6 96 32 0.5 2  \
  96 32 0.5 2 96 32 0.5 2 
2766437:  Double_t \
  -200 300 933.5 48 48 0.6 96 32 0.5 2  \
  96 32 0.5 2 96 32 0.5 2 
2766885:  Double_t \
  300 -200 498.5 48 48 0.6 32 96 2 0.5  \
  32 96 2 0.5 32 96 2 0.5 
2766917:  Double_t \
  300 -200 723.5 48 48 0.6 32 96 2 0.5  \
  32 96 2 0.5 32 96 2 0.5 
2766949:  Double_t \
  -200 300 948.5 48 48 0.6 32 96 2 0.5  \
  32 96 2 0.5 32 96 2 0.5 
2896421:  Double_t \
  -300 -200 453.5 48 48 0.6 96 32 0.5 2  \
  96 32 0.5 2 96 32 0.5 2 
2896453:  Double_t \
  -300 -200 678.5 48 48 0.6 96 32 0.5 2  \
  96 32 0.5 2 96 32 0.5 2 
2896485:  Double_t \
  -100 300 903.5 48 48 0.6 96 32 0.5 2  \
  96 32 0.5 2 96 32 0.5 2 
2896933:  Double_t \
  -300 -200 468.5 48 48 0.6 32 96 2 0.5  \
  32 96 2 0.5 32 96 2 0.5 
2896965:  Double_t \
  -300 -200 693.5 48 48 0.6 32 96 2 0.5  \
  32 96 2 0.5 32 96 2 0.5 
2896997:  Double_t \
  -100 300 918.5 48 48 0.6 32 96 2 0.5  \
  32 96 2 0.5 32 96 2 0.5 
2897445:  Double_t \
  -300 -200 483.5 48 48 0.6 96 32 0.5 2  \
  96 32 0.5 2 96 32 0.5 2 
2897477:  Double_t \
  -300 -200 708.5 48 48 0.6 96 32 0.5 2  \
  96 32 0.5 2 96 32 0.5 2 
2897509:  Double_t \
  -100 300 933.5 48 48 0.6 96 32 0.5 2  \
  96 32 0.5 2 96 32 0.5 2 
2897957:  Double_t \
  -300 -200 498.5 48 48 0.6 32 96 2 0.5  \
  32 96 2 0.5 32 96 2 0.5 
2897989:  Double_t \
  -300 -200 723.5 48 48 0.6 32 96 2 0.5  \
  32 96 2 0.5 32 96 2 0.5 
2898021:  Double_t \
  -100 300 948.5 48 48 0.6 32 96 2 0.5  \
  32 96 2 0.5 32 96 2 0.5 
3027493:  Double_t \
  -300 -100 453.5 48 48 0.6 96 32 0.5 2  \
  96 32 0.5 2 96 32 0.5 2 
3027525:  Double_t \
  -300 -100 678.5 48 48 0.6 96 32 0.5 2  \
  96 32 0.5 2 96 32 0.5 2 
3027557:  Double_t \
  0 300 903.5 48 48 0.6 96 32 0.5 2  \
  96 32 0.5 2 96 32 0.5 2 
3028005:  Double_t \
  -300 -100 468.5 48 48 0.6 32 96 2 0.5  \
  32 96 2 0.5 32 96 2 0.5 
3028037:  Double_t \
  -300 -100 693.5 48 48 0.6 32 96 2 0.5  \
  32 96 2 0.5 32 96 2 0.5 
3028069:  Double_t \
  0 300 918.5 48 48 0.6 32 96 2 0.5  \
  32 96 2 0.5 32 96 2 0.5 
3028517:  Double_t \
  -300 -100 483.5 48 48 0.6 96 32 0.5 2  \
  96 32 0.5 2 96 32 0.5 2 
3028549:  Double_t \
  -300 -100 708.5 48 48 0.6 96 32 0.5 2  \
  96 32 0.5 2 96 32 0.5 2 
3028581:  Double_t \
  0 300 933.5 48 48 0.6 96 32 0.5 2  \
  96 32 0.5 2 96 32 0.5 2 
3029029:  Double_t \
  -300 -100 498.5 48 48 0.6 32 96 2 0.5  \
  32 96 2 0.5 32 96 2 0.5 
3029061:  Double_t \
  -300 -100 723.5 48 48 0.6 32 96 2 0.5  \
  32 96 2 0.5 32 96 2 0.5 
3029093:  Double_t \
  0 300 948.5 48 48 0.6 32 96 2 0.5  \
  32 96 2 0.5 32 96 2 0.5 
3158565:  Double_t \
  -300 0 453.5 48 48 0.6 96 32 0.5 2  \
  96 32 0.5 2 96 32 0.5 2 
3158597:  Double_t \
  -300 0 678.5 48 48 0.6 96 32 0.5 2  \
  96 32 0.5 2 96 32 0.5 2 
3158629:  Double_t \
  100 300 903.5 48 48 0.6 96 32 0.5 2  \
  96 32 0.5 2 96 32 0.5 2 
3159077:  Double_t \
  -300 0 468.5 48 48 0.6 32 96 2 0.5  \
  32 96 2 0.5 32 96 2 0.5 
3159109:  Double_t \
  -300 0 693.5 48 48 0.6 32 96 2 0.5  \
  32 96 2 0.5 32 96 2 0.5 
3159141:  Double_t \
  100 300 918.5 48 48 0.6 32 96 2 0.5  \
  32 96 2 0.5 32 96 2 0.5 
3159589:  Double_t \
  -300 0 483.5 48 48 0.6 96 32 0.5 2  \
  96 32 0.5 2 96 32 0.5 2 
3159621:  Double_t \
  -300 0 708.5 48 48 0.6 96 32 0.5 2  \
  96 32 0.5 2 96 32 0.5 2 
3159653:  Double_t \
  100 300 933.5 48 48 0.6 96 32 0.5 2  \
  96 32 0.5 2 96 32 0.5 2 
3160101:  Double_t \
  -300 0 498.5 48 48 0.6 32 96 2 0.5  \
  32 96 2 0.5 32 96 2 0.5 
3160133:  Double_t \
  -300 0 723.5 48 48 0.6 32 96 2 0.5  \
  32 96 2 0.5 32 96 2 0.5 
3160165:  Double_t \
  100 300 948.5 48 48 0.6 32 96 2 0.5  \
  32 96 2 0.5 32 96 2 0.5 
3289637:  Double_t \
  -300 100 453.5 48 48 0.6 96 32 0.5 2  \
  96 32 0.5 2 96 32 0.5 2 
3289669:  Double_t \
  -300 100 678.5 48 48 0.6 96 32 0.5 2  \
  96 32 0.5 2 96 32 0.5 2 
3289701:  Double_t \
  200 300 903.5 48 48 0.6 96 32 0.5 2  \
  96 32 0.5 2 96 32 0.5 2 
3290149:  Double_t \
  -300 100 468.5 48 48 0.6 32 96 2 0.5  \
  32 96 2 0.5 32 96 2 0.5 
3290181:  Double_t \
  -300 100 693.5 48 48 0.6 32 96 2 0.5  \
  32 96 2 0.5 32 96 2 0.5 
3290213:  Double_t \
  200 300 918.5 48 48 0.6 32 96 2 0.5  \
  32 96 2 0.5 32 96 2 0.5 
3290661:  Double_t \
  -300 100 483.5 48 48 0.6 96 32 0.5 2  \
  96 32 0.5 2 96 32 0.5 2 
3290693:  Double_t \
  -300 100 708.5 48 48 0.6 96 32 0.5 2  \
  96 32 0.5 2 96 32 0.5 2 
3290725:  Double_t \
  200 300 933.5 48 48 0.6 96 32 0.5 2  \
  96 32 0.5 2 96 32 0.5 2 
3291173:  Double_t \
  -300 100 498.5 48 48 0.6 32 96 2 0.5  \
  32 96 2 0.5 32 96 2 0.5 
3291205:  Double_t \
  -300 100 723.5 48 48 0.6 32 96 2 0.5  \
  32 96 2 0.5 32 96 2 0.5 
3291237:  Double_t \
  200 300 948.5 48 48 0.6 32 96 2 0.5  \
  32 96 2 0.5 32 96 2 0.5 
3420709:  Double_t \
  -300 200 453.5 48 48 0.6 96 32 0.5 2  \
  96 32 0.5 2 96 32 0.5 2 
3420741:  Double_t \
  -300 200 678.5 48 48 0.6 96 32 0.5 2  \
  96 32 0.5 2 96 32 0.5 2 
3420773:  Double_t \
  -300 200 903.5 48 48 0.6 96 32 0.5 2  \
  96 32 0.5 2 96 32 0.5 2 
3421221:  Double_t \
  -300 200 468.5 48 48 0.6 32 96 2 0.5  \
  32 96 2 0.5 32 96 2 0.5 
3421253:  Double_t \
  -300 200 693.5 48 48 0.6 32 96 2 0.5  \
  32 96 2 0.5 32 96 2 0.5 
3421285:  Double_t \
  -300 200 918.5 48 48 0.6 32 96 2 0.5  \
  32 96 2 0.5 32 96 2 0.5 
3421733:  Double_t \
  -300 200 483.5 48 48 0.6 96 32 0.5 2  \
  96 32 0.5 2 96 32 0.5 2 
3421765:  Double_t \
  -300 200 708.5 48 48 0.6 96 32 0.5 2  \
  96 32 0.5 2 96 32 0.5 2 
3421797:  Double_t \
  -300 200 933.5 48 48 0.6 96 32 0.5 2  \
  96 32 0.5 2 96 32 0.5 2 
3422245:  Double_t \
  -300 200 498.5 48 48 0.6 32 96 2 0.5  \
  32 96 2 0.5 32 96 2 0.5 
3422277:  Double_t \
  -300 200 723.5 48 48 0.6 32 96 2 0.5  \
  32 96 2 0.5 32 96 2 0.5 
3422309:  Double_t \
  -300 200 948.5 48 48 0.6 32 96 2 0.5  \
  32 96 2 0.5 32 96 2 0.5 
3551813:  Double_t \
  400 200 678.5 48 48 0.6 96 32 0.5 2  \
  96 32 0.5 2 96 32 0.5 2 
3551845:  Double_t \
  -200 200 903.5 48 48 0.6 96 32 0.5 2  \
  96 32 0.5 2 96 32 0.5 2 
3552325:  Double_t \
  400 200 693.5 48 48 0.6 32 96 2 0.5  \
  32 96 2 0.5 32 96 2 0.5 
3552357:  Double_t \
  -200 200 918.5 48 48 0.6 32 96 2 0.5  \
  32 96 2 0.5 32 96 2 0.5 
3552837:  Double_t \
  400 200 708.5 48 48 0.6 96 32 0.5 2  \
  96 32 0.5 2 96 32 0.5 2 
3552869:  Double_t \
  -200 200 933.5 48 48 0.6 96 32 0.5 2  \
  96 32 0.5 2 96 32 0.5 2 
3553349:  Double_t \
  400 200 723.5 48 48 0.6 32 96 2 0.5  \
  32 96 2 0.5 32 96 2 0.5 
3553381:  Double_t \
  -200 200 948.5 48 48 0.6 32 96 2 0.5  \
  32 96 2 0.5 32 96 2 0.5 
3682885:  Double_t \
  400 100 678.5 48 48 0.6 96 32 0.5 2  \
  96 32 0.5 2 96 32 0.5 2 
3682917:  Double_t \
  200 200 903.5 48 48 0.6 96 32 0.5 2  \
  96 32 0.5 2 96 32 0.5 2 
3683397:  Double_t \
  400 100 693.5 48 48 0.6 32 96 2 0.5  \
  32 96 2 0.5 32 96 2 0.5 
3683429:  Double_t \
  200 200 918.5 48 48 0.6 32 96 2 0.5  \
  32 96 2 0.5 32 96 2 0.5 
3683909:  Double_t \
  400 100 708.5 48 48 0.6 96 32 0.5 2  \
  96 32 0.5 2 96 32 0.5 2 
3683941:  Double_t \
  200 200 933.5 48 48 0.6 96 32 0.5 2  \
  96 32 0.5 2 96 32 0.5 2 
3684421:  Double_t \
  400 100 723.5 48 48 0.6 32 96 2 0.5  \
  32 96 2 0.5 32 96 2 0.5 
3684453:  Double_t \
  200 200 948.5 48 48 0.6 32 96 2 0.5  \
  32 96 2 0.5 32 96 2 0.5 
3813957:  Double_t \
  400 0 678.5 48 48 0.6 96 32 0.5 2  \
  96 32 0.5 2 96 32 0.5 2 
3813989:  Double_t \
  300 200 903.5 48 48 0.6 96 32 0.5 2  \
  96 32 0.5 2 96 32 0.5 2 
3814469:  Double_t \
  400 0 693.5 48 48 0.6 32 96 2 0.5  \
  32 96 2 0.5 32 96 2 0.5 
3814501:  Double_t \
  300 200 918.5 48 48 0.6 32 96 2 0.5  \
  32 96 2 0.5 32 96 2 0.5 
3814981:  Double_t \
  400 0 708.5 48 48 0.6 96 32 0.5 2  \
  96 32 0.5 2 96 32 0.5 2 
3815013:  Double_t \
  300 200 933.5 48 48 0.6 96 32 0.5 2  \
  96 32 0.5 2 96 32 0.5 2 
3815493:  Double_t \
  400 0 723.5 48 48 0.6 32 96 2 0.5  \
  32 96 2 0.5 32 96 2 0.5 
3815525:  Double_t \
  300 200 948.5 48 48 0.6 32 96 2 0.5  \
  32 96 2 0.5 32 96 2 0.5 
3945029:  Double_t \
  400 -100 678.5 48 48 0.6 96 32 0.5 2  \
  96 32 0.5 2 96 32 0.5 2 
3945061:  Double_t \
  -300 100 903.5 48 48 0.6 96 32 0.5 2  \
  96 32 0.5 2 96 32 0.5 2 
3945541:  Double_t \
  400 -100 693.5 48 48 0.6 32 96 2 0.5  \
  32 96 2 0.5 32 96 2 0.5 
3945573:  Double_t \
  -300 100 918.5 48 48 0.6 32 96 2 0.5  \
  32 96 2 0.5 32 96 2 0.5 
3946053:  Double_t \
  400 -100 708.5 48 48 0.6 96 32 0.5 2  \
  96 32 0.5 2 96 32 0.5 2 
3946085:  Double_t \
  -300 100 933.5 48 48 0.6 96 32 0.5 2  \
  96 32 0.5 2 96 32 0.5 2 
3946565:  Double_t \
  400 -100 723.5 48 48 0.6 32 96 2 0.5  \
  32 96 2 0.5 32 96 2 0.5 
3946597:  Double_t \
  -300 100 948.5 48 48 0.6 32 96 2 0.5  \
  32 96 2 0.5 32 96 2 0.5 
4076101:  Double_t \
  400 -200 678.5 48 48 0.6 96 32 0.5 2  \
  96 32 0.5 2 96 32 0.5 2 
4076133:  Double_t \
  300 100 903.5 48 48 0.6 96 32 0.5 2  \
  96 32 0.5 2 96 32 0.5 2 
4076613:  Double_t \
  400 -200 693.5 48 48 0.6 32 96 2 0.5  \
  32 96 2 0.5 32 96 2 0.5 
4076645:  Double_t \
  300 100 918.5 48 48 0.6 32 96 2 0.5  \
  32 96 2 0.5 32 96 2 0.5 
4077125:  Double_t \
  400 -200 708.5 48 48 0.6 96 32 0.5 2  \
  96 32 0.5 2 96 32 0.5 2 
4077157:  Double_t \
  300 100 933.5 48 48 0.6 96 32 0.5 2  \
  96 32 0.5 2 96 32 0.5 2 
4077637:  Double_t \
  400 -200 723.5 48 48 0.6 32 96 2 0.5  \
  32 96 2 0.5 32 96 2 0.5 
4077669:  Double_t \
  300 100 948.5 48 48 0.6 32 96 2 0.5  \
  32 96 2 0.5 32 96 2 0.5 
4207173:  Double_t \
  -400 -200 678.5 48 48 0.6 96 32 0.5 2  \
  96 32 0.5 2 96 32 0.5 2 
4207205:  Double_t \
  -300 0 903.5 48 48 0.6 96 32 0.5 2  \
  96 32 0.5 2 96 32 0.5 2 
4207685:  Double_t \
  -400 -200 693.5 48 48 0.6 32 96 2 0.5  \
  32 96 2 0.5 32 96 2 0.5 
4207717:  Double_t \
  -300 0 918.5 48 48 0.6 32 96 2 0.5  \
  32 96 2 0.5 32 96 2 0.5 
4208197:  Double_t \
  -400 -200 708.5 48 48 0.6 96 32 0.5 2  \
  96 32 0.5 2 96 32 0.5 2 
4208229:  Double_t \
  -300 0 933.5 48 48 0.6 96 32 0.5 2  \
  96 32 0.5 2 96 32 0.5 2 
4208709:  Double_t \
  -400 -200 723.5 48 48 0.6 32 96 2 0.5  \
  32 96 2 0.5 32 96 2 0.5 
4208741:  Double_t \
  -300 0 948.5 48 48 0.6 32 96 2 0.5  \
  32 96 2 0.5 32 96 2 0.5 
4338245:  Double_t \
  -400 -100 678.5 48 48 0.6 96 32 0.5 2  \
  96 32 0.5 2 96 32 0.5 2 
4338277:  Double_t \
  300 0 903.5 48 48 0.6 96 32 0.5 2  \
  96 32 0.5 2 96 32 0.5 2 
4338757:  Double_t \
  -400 -100 693.5 48 48 0.6 32 96 2 0.5  \
  32 96 2 0.5 32 96 2 0.5 
4338789:  Double_t \
  300 0 918.5 48 48 0.6 32 96 2 0.5  \
  32 96 2 0.5 32 96 2 0.5 
4339269:  Double_t \
  -400 -100 708.5 48 48 0.6 96 32 0.5 2  \
  96 32 0.5 2 96 32 0.5 2 
4339301:  Double_t \
  300 0 933.5 48 48 0.6 96 32 0.5 2  \
  96 32 0.5 2 96 32 0.5 2 
4339781:  Double_t \
  -400 -100 723.5 48 48 0.6 32 96 2 0.5  \
  32 96 2 0.5 32 96 2 0.5 
4339813:  Double_t \
  300 0 948.5 48 48 0.6 32 96 2 0.5  \
  32 96 2 0.5 32 96 2 0.5 
4469317:  Double_t \
  -400 0 678.5 48 48 0.6 96 32 0.5 2  \
  96 32 0.5 2 96 32 0.5 2 
4469349:  Double_t \
  -300 -100 903.5 48 48 0.6 96 32 0.5 2  \
  96 32 0.5 2 96 32 0.5 2 
4469829:  Double_t \
  -400 0 693.5 48 48 0.6 32 96 2 0.5  \
  32 96 2 0.5 32 96 2 0.5 
4469861:  Double_t \
  -300 -100 918.5 48 48 0.6 32 96 2 0.5  \
  32 96 2 0.5 32 96 2 0.5 
4470341:  Double_t \
  -400 0 708.5 48 48 0.6 96 32 0.5 2  \
  96 32 0.5 2 96 32 0.5 2 
4470373:  Double_t \
  -300 -100 933.5 48 48 0.6 96 32 0.5 2  \
  96 32 0.5 2 96 32 0.5 2 
4470853:  Double_t \
  -400 0 723.5 48 48 0.6 32 96 2 0.5  \
  32 96 2 0.5 32 96 2 0.5 
4470885:  Double_t \
  -300 -100 948.5 48 48 0.6 32 96 2 0.5  \
  32 96 2 0.5 32 96 2 0.5 
4600389:  Double_t \
  -400 100 678.5 48 48 0.6 96 32 0.5 2  \
  96 32 0.5 2 96 32 0.5 2 
4600421:  Double_t \
  300 -100 903.5 48 48 0.6 96 32 0.5 2  \
  96 32 0.5 2 96 32 0.5 2 
4600901:  Double_t \
  -400 100 693.5 48 48 0.6 32 96 2 0.5  \
  32 96 2 0.5 32 96 2 0.5 
4600933:  Double_t \
  300 -100 918.5 48 48 0.6 32 96 2 0.5  \
  32 96 2 0.5 32 96 2 0.5 
4601413:  Double_t \
  -400 100 708.5 48 48 0.6 96 32 0.5 2  \
  96 32 0.5 2 96 32 0.5 2 
4601445:  Double_t \
  300 -100 933.5 48 48 0.6 96 32 0.5 2  \
  96 32 0.5 2 96 32 0.5 2 
4601925:  Double_t \
  -400 100 723.5 48 48 0.6 32 96 2 0.5  \
  32 96 2 0.5 32 96 2 0.5 
4601957:  Double_t \
  300 -100 948.5 48 48 0.6 32 96 2 0.5  \
  32 96 2 0.5 32 96 2 0.5 
4731461:  Double_t \
  -400 200 678.5 48 48 0.6 96 32 0.5 2  \
  96 32 0.5 2 96 32 0.5 2 
4731493:  Double_t \
  -300 -200 903.5 48 48 0.6 96 32 0.5 2  \
  96 32 0.5 2 96 32 0.5 2 
4731973:  Double_t \
  -400 200 693.5 48 48 0.6 32 96 2 0.5  \
  32 96 2 0.5 32 96 2 0.5 
4732005:  Double_t \
  -300 -200 918.5 48 48 0.6 32 96 2 0.5  \
  32 96 2 0.5 32 96 2 0.5 
4732485:  Double_t \
  -400 200 708.5 48 48 0.6 96 32 0.5 2  \
  96 32 0.5 2 96 32 0.5 2 
4732517:  Double_t \
  -300 -200 933.5 48 48 0.6 96 32 0.5 2  \
  96 32 0.5 2 96 32 0.5 2 
4732997:  Double_t \
  -400 200 723.5 48 48 0.6 32 96 2 0.5  \
  32 96 2 0.5 32 96 2 0.5 
4733029:  Double_t \
  -300 -200 948.5 48 48 0.6 32 96 2 0.5  \
  32 96 2 0.5 32 96 2 0.5 
4862533:  Double_t \
  400 300 678.5 48 48 0.6 96 32 0.5 2  \
  96 32 0.5 2 96 32 0.5 2 
4862565:  Double_t \
  -200 -200 903.5 48 48 0.6 96 32 0.5 2  \
  96 32 0.5 2 96 32 0.5 2 
4863045:  Double_t \
  400 300 693.5 48 48 0.6 32 96 2 0.5  \
  32 96 2 0.5 32 96 2 0.5 
4863077:  Double_t \
  -200 -200 918.5 48 48 0.6 32 96 2 0.5  \
  32 96 2 0.5 32 96 2 0.5 
4863557:  Double_t \
  400 300 708.5 48 48 0.6 96 32 0.5 2  \
  96 32 0.5 2 96 32 0.5 2 
4863589:  Double_t \
  -200 -200 933.5 48 48 0.6 96 32 0.5 2  \
  96 32 0.5 2 96 32 0.5 2 
4864069:  Double_t \
  400 300 723.5 48 48 0.6 32 96 2 0.5  \
  32 96 2 0.5 32 96 2 0.5 
4864101:  Double_t \
  -200 -200 948.5 48 48 0.6 32 96 2 0.5  \
  32 96 2 0.5 32 96 2 0.5 
4993605:  Double_t \
  400 -300 678.5 48 48 0.6 96 32 0.5 2  \
  96 32 0.5 2 96 32 0.5 2 
4993637:  Double_t \
  200 -200 903.5 48 48 0.6 96 32 0.5 2  \
  96 32 0.5 2 96 32 0.5 2 
4994117:  Double_t \
  400 -300 693.5 48 48 0.6 32 96 2 0.5  \
  32 96 2 0.5 32 96 2 0.5 
4994149:  Double_t \
  200 -200 918.5 48 48 0.6 32 96 2 0.5  \
  32 96 2 0.5 32 96 2 0.5 
4994629:  Double_t \
  400 -300 708.5 48 48 0.6 96 32 0.5 2  \
  96 32 0.5 2 96 32 0.5 2 
4994661:  Double_t \
  200 -200 933.5 48 48 0.6 96 32 0.5 2  \
  96 32 0.5 2 96 32 0.5 2 
4995141:  Double_t \
  400 -300 723.5 48 48 0.6 32 96 2 0.5  \
  32 96 2 0.5 32 96 2 0.5 
4995173:  Double_t \
  200 -200 948.5 48 48 0.6 32 96 2 0.5  \
  32 96 2 0.5 32 96 2 0.5 
5124677:  Double_t \
  300 300 678.5 48 48 0.6 96 32 0.5 2  \
  96 32 0.5 2 96 32 0.5 2 
5124709:  Double_t \
  300 -200 903.5 48 48 0.6 96 32 0.5 2  \
  96 32 0.5 2 96 32 0.5 2 
5125189:  Double_t \
  300 300 693.5 48 48 0.6 32 96 2 0.5  \
  32 96 2 0.5 32 96 2 0.5 
5125221:  Double_t \
  300 -200 918.5 48 48 0.6 32 96 2 0.5  \
  32 96 2 0.5 32 96 2 0.5 
5125701:  Double_t \
  300 300 708.5 48 48 0.6 96 32 0.5 2  \
  96 32 0.5 2 96 32 0.5 2 
5125733:  Double_t \
  300 -200 933.5 48 48 0.6 96 32 0.5 2  \
  96 32 0.5 2 96 32 0.5 2 
5126213:  Double_t \
  300 300 723.5 48 48 0.6 32 96 2 0.5  \
  32 96 2 0.5 32 96 2 0.5 
5126245:  Double_t \
  300 -200 948.5 48 48 0.6 32 96 2 0.5  \
  32 96 2 0.5 32 96 2 0.5 
5255749:  Double_t \
  300 -300 678.5 48 48 0.6 96 32 0.5 2  \
  96 32 0.5 2 96 32 0.5 2 
5255781:  Double_t \
  -200 -300 903.5 48 48 0.6 96 32 0.5 2  \
  96 32 0.5 2 96 32 0.5 2 
5256261:  Double_t \
  300 -300 693.5 48 48 0.6 32 96 2 0.5  \
  32 96 2 0.5 32 96 2 0.5 
5256293:  Double_t \
  -200 -300 918.5 48 48 0.6 32 96 2 0.5  \
  32 96 2 0.5 32 96 2 0.5 
5256773:  Double_t \
  300 -300 708.5 48 48 0.6 96 32 0.5 2  \
  96 32 0.5 2 96 32 0.5 2 
5256805:  Double_t \
  -200 -300 933.5 48 48 0.6 96 32 0.5 2  \
  96 32 0.5 2 96 32 0.5 2 
5257285:  Double_t \
  300 -300 723.5 48 48 0.6 32 96 2 0.5  \
  32 96 2 0.5 32 96 2 0.5 
5257317:  Double_t \
  -200 -300 948.5 48 48 0.6 32 96 2 0.5  \
  32 96 2 0.5 32 96 2 0.5 
5386821:  Double_t \
  200 300 678.5 48 48 0.6 96 32 0.5 2  \
  96 32 0.5 2 96 32 0.5 2 
5386853:  Double_t \
  -100 -300 903.5 48 48 0.6 96 32 0.5 2  \
  96 32 0.5 2 96 32 0.5 2 
5387333:  Double_t \
  200 300 693.5 48 48 0.6 32 96 2 0.5  \
  32 96 2 0.5 32 96 2 0.5 
5387365:  Double_t \
  -100 -300 918.5 48 48 0.6 32 96 2 0.5  \
  32 96 2 0.5 32 96 2 0.5 
5387845:  Double_t \
  200 300 708.5 48 48 0.6 96 32 0.5 2  \
  96 32 0.5 2 96 32 0.5 2 
5387877:  Double_t \
  -100 -300 933.5 48 48 0.6 96 32 0.5 2  \
  96 32 0.5 2 96 32 0.5 2 
5388357:  Double_t \
  200 300 723.5 48 48 0.6 32 96 2 0.5  \
  32 96 2 0.5 32 96 2 0.5 
5388389:  Double_t \
  -100 -300 948.5 48 48 0.6 32 96 2 0.5  \
  32 96 2 0.5 32 96 2 0.5 
5517893:  Double_t \
  200 -300 678.5 48 48 0.6 96 32 0.5 2  \
  96 32 0.5 2 96 32 0.5 2 
5517925:  Double_t \
  0 -300 903.5 48 48 0.6 96 32 0.5 2  \
  96 32 0.5 2 96 32 0.5 2 
5518405:  Double_t \
  200 -300 693.5 48 48 0.6 32 96 2 0.5  \
  32 96 2 0.5 32 96 2 0.5 
5518437:  Double_t \
  0 -300 918.5 48 48 0.6 32 96 2 0.5  \
  32 96 2 0.5 32 96 2 0.5 
5518917:  Double_t \
  200 -300 708.5 48 48 0.6 96 32 0.5 2  \
  96 32 0.5 2 96 32 0.5 2 
5518949:  Double_t \
  0 -300 933.5 48 48 0.6 96 32 0.5 2  \
  96 32 0.5 2 96 32 0.5 2 
5519429:  Double_t \
  200 -300 723.5 48 48 0.6 32 96 2 0.5  \
  32 96 2 0.5 32 96 2 0.5 
5519461:  Double_t \
  0 -300 948.5 48 48 0.6 32 96 2 0.5  \
  32 96 2 0.5 32 96 2 0.5 
5648965:  Double_t \
  100 300 678.5 48 48 0.6 96 32 0.5 2  \
  96 32 0.5 2 96 32 0.5 2 
5648997:  Double_t \
  100 -300 903.5 48 48 0.6 96 32 0.5 2  \
  96 32 0.5 2 96 32 0.5 2 
5649477:  Double_t \
  100 300 693.5 48 48 0.6 32 96 2 0.5  \
  32 96 2 0.5 32 96 2 0.5 
5649509:  Double_t \
  100 -300 918.5 48 48 0.6 32 96 2 0.5  \
  32 96 2 0.5 32 96 2 0.5 
5649989:  Double_t \
  100 300 708.5 48 48 0.6 96 32 0.5 2  \
  96 32 0.5 2 96 32 0.5 2 
5650021:  Double_t \
  100 -300 933.5 48 48 0.6 96 32 0.5 2  \
  96 32 0.5 2 96 32 0.5 2 
5650501:  Double_t \
  100 300 723.5 48 48 0.6 32 96 2 0.5  \
  32 96 2 0.5 32 96 2 0.5 
5650533:  Double_t \
  100 -300 948.5 48 48 0.6 32 96 2 0.5  \
  32 96 2 0.5 32 96 2 0.5 
5780037:  Double_t \
  100 -300 678.5 48 48 0.6 96 32 0.5 2  \
  96 32 0.5 2 96 32 0.5 2 
5780069:  Double_t \
  200 -300 903.5 48 48 0.6 96 32 0.5 2  \
  96 32 0.5 2 96 32 0.5 2 
5780549:  Double_t \
  100 -300 693.5 48 48 0.6 32 96 2 0.5  \
  32 96 2 0.5 32 96 2 0.5 
5780581:  Double_t \
  200 -300 918.5 48 48 0.6 32 96 2 0.5  \
  32 96 2 0.5 32 96 2 0.5 
5781061:  Double_t \
  100 -300 708.5 48 48 0.6 96 32 0.5 2  \
  96 32 0.5 2 96 32 0.5 2 
5781093:  Double_t \
  200 -300 933.5 48 48 0.6 96 32 0.5 2  \
  96 32 0.5 2 96 32 0.5 2 
5781573:  Double_t \
  100 -300 723.5 48 48 0.6 32 96 2 0.5  \
  32 96 2 0.5 32 96 2 0.5 
5781605:  Double_t \
  200 -300 948.5 48 48 0.6 32 96 2 0.5  \
  32 96 2 0.5 32 96 2 0.5 
5911109:  Double_t \
  0 300 678.5 48 48 0.6 96 32 0.5 2  \
  96 32 0.5 2 96 32 0.5 2 
5911141:  Double_t \
  -500 400 903.5 48 48 0.6 96 32 0.5 2  \
  96 32 0.5 2 96 32 0.5 2 
5911621:  Double_t \
  0 300 693.5 48 48 0.6 32 96 2 0.5  \
  32 96 2 0.5 32 96 2 0.5 
5911653:  Double_t \
  -500 400 918.5 48 48 0.6 32 96 2 0.5  \
  32 96 2 0.5 32 96 2 0.5 
5912133:  Double_t \
  0 300 708.5 48 48 0.6 96 32 0.5 2  \
  96 32 0.5 2 96 32 0.5 2 
5912165:  Double_t \
  -500 400 933.5 48 48 0.6 96 32 0.5 2  \
  96 32 0.5 2 96 32 0.5 2 
5912645:  Double_t \
  0 300 723.5 48 48 0.6 32 96 2 0.5  \
  32 96 2 0.5 32 96 2 0.5 
5912677:  Double_t \
  -500 400 948.5 48 48 0.6 32 96 2 0.5  \
  32 96 2 0.5 32 96 2 0.5 
6042181:  Double_t \
  -400 -300 678.5 48 48 0.6 96 32 0.5 2  \
  96 32 0.5 2 96 32 0.5 2 
6042213:  Double_t \
  -400 400 903.5 48 48 0.6 96 32 0.5 2  \
  96 32 0.5 2 96 32 0.5 2 
6042693:  Double_t \
  -400 -300 693.5 48 48 0.6 32 96 2 0.5  \
  32 96 2 0.5 32 96 2 0.5 
6042725:  Double_t \
  -400 400 918.5 48 48 0.6 32 96 2 0.5  \
  32 96 2 0.5 32 96 2 0.5 
6043205:  Double_t \
  -400 -300 708.5 48 48 0.6 96 32 0.5 2  \
  96 32 0.5 2 96 32 0.5 2 
6043237:  Double_t \
  -400 400 933.5 48 48 0.6 96 32 0.5 2  \
  96 32 0.5 2 96 32 0.5 2 
6043717:  Double_t \
  -400 -300 723.5 48 48 0.6 32 96 2 0.5  \
  32 96 2 0.5 32 96 2 0.5 
6043749:  Double_t \
  -400 400 948.5 48 48 0.6 32 96 2 0.5  \
  32 96 2 0.5 32 96 2 0.5 
6173253:  Double_t \
  -400 300 678.5 48 48 0.6 96 32 0.5 2  \
  96 32 0.5 2 96 32 0.5 2 
6173285:  Double_t \
  -300 400 903.5 48 48 0.6 96 32 0.5 2  \
  96 32 0.5 2 96 32 0.5 2 
6173765:  Double_t \
  -400 300 693.5 48 48 0.6 32 96 2 0.5  \
  32 96 2 0.5 32 96 2 0.5 
6173797:  Double_t \
  -300 400 918.5 48 48 0.6 32 96 2 0.5  \
  32 96 2 0.5 32 96 2 0.5 
6174277:  Double_t \
  -400 300 708.5 48 48 0.6 96 32 0.5 2  \
  96 32 0.5 2 96 32 0.5 2 
6174309:  Double_t \
  -300 400 933.5 48 48 0.6 96 32 0.5 2  \
  96 32 0.5 2 96 32 0.5 2 
6174789:  Double_t \
  -400 300 723.5 48 48 0.6 32 96 2 0.5  \
  32 96 2 0.5 32 96 2 0.5 
6174821:  Double_t \
  -300 400 948.5 48 48 0.6 32 96 2 0.5  \
  32 96 2 0.5 32 96 2 0.5 
6304325:  Double_t \
  -300 -300 678.5 48 48 0.6 96 32 0.5 2  \
  96 32 0.5 2 96 32 0.5 2 
6304357:  Double_t \
  -200 400 903.5 48 48 0.6 96 32 0.5 2  \
  96 32 0.5 2 96 32 0.5 2 
6304837:  Double_t \
  -300 -300 693.5 48 48 0.6 32 96 2 0.5  \
  32 96 2 0.5 32 96 2 0.5 
6304869:  Double_t \
  -200 400 918.5 48 48 0.6 32 96 2 0.5  \
  32 96 2 0.5 32 96 2 0.5 
6305349:  Double_t \
  -300 -300 708.5 48 48 0.6 96 32 0.5 2  \
  96 32 0.5 2 96 32 0.5 2 
6305381:  Double_t \
  -200 400 933.5 48 48 0.6 96 32 0.5 2  \
  96 32 0.5 2 96 32 0.5 2 
6305861:  Double_t \
  -300 -300 723.5 48 48 0.6 32 96 2 0.5  \
  32 96 2 0.5 32 96 2 0.5 
6305893:  Double_t \
  -200 400 948.5 48 48 0.6 32 96 2 0.5  \
  32 96 2 0.5 32 96 2 0.5 
6435397:  Double_t \
  -300 300 678.5 48 48 0.6 96 32 0.5 2  \
  96 32 0.5 2 96 32 0.5 2 
6435429:  Double_t \
  -100 400 903.5 48 48 0.6 96 32 0.5 2  \
  96 32 0.5 2 96 32 0.5 2 
6435909:  Double_t \
  -300 300 693.5 48 48 0.6 32 96 2 0.5  \
  32 96 2 0.5 32 96 2 0.5 
6435941:  Double_t \
  -100 400 918.5 48 48 0.6 32 96 2 0.5  \
  32 96 2 0.5 32 96 2 0.5 
6436421:  Double_t \
  -300 300 708.5 48 48 0.6 96 32 0.5 2  \
  96 32 0.5 2 96 32 0.5 2 
6436453:  Double_t \
  -100 400 933.5 48 48 0.6 96 32 0.5 2  \
  96 32 0.5 2 96 32 0.5 2 
6436933:  Double_t \
  -300 300 723.5 48 48 0.6 32 96 2 0.5  \
  32 96 2 0.5 32 96 2 0.5 
6436965:  Double_t \
  -100 400 948.5 48 48 0.6 32 96 2 0.5  \
  32 96 2 0.5 32 96 2 0.5 
6566469:  Double_t \
  -200 -300 678.5 48 48 0.6 96 32 0.5 2  \
  96 32 0.5 2 96 32 0.5 2 
6566501:  Double_t \
  0 400 903.5 48 48 0.6 96 32 0.5 2  \
  96 32 0.5 2 96 32 0.5 2 
6566981:  Double_t \
  -200 -300 693.5 48 48 0.6 32 96 2 0.5  \
  32 96 2 0.5 32 96 2 0.5 
6567013:  Double_t \
  0 400 918.5 48 48 0.6 32 96 2 0.5  \
  32 96 2 0.5 32 96 2 0.5 
6567493:  Double_t \
  -200 -300 708.5 48 48 0.6 96 32 0.5 2  \
  96 32 0.5 2 96 32 0.5 2 
6567525:  Double_t \
  0 400 933.5 48 48 0.6 96 32 0.5 2  \
  96 32 0.5 2 96 32 0.5 2 
6568005:  Double_t \
  -200 -300 723.5 48 48 0.6 32 96 2 0.5  \
  32 96 2 0.5 32 96 2 0.5 
6568037:  Double_t \
  0 400 948.5 48 48 0.6 32 96 2 0.5  \
  32 96 2 0.5 32 96 2 0.5 
6697541:  Double_t \
  -200 300 678.5 48 48 0.6 96 32 0.5 2  \
  96 32 0.5 2 96 32 0.5 2 
6697573:  Double_t \
  100 400 903.5 48 48 0.6 96 32 0.5 2  \
  96 32 0.5 2 96 32 0.5 2 
6698053:  Double_t \
  -200 300 693.5 48 48 0.6 32 96 2 0.5  \
  32 96 2 0.5 32 96 2 0.5 
6698085:  Double_t \
  100 400 918.5 48 48 0.6 32 96 2 0.5  \
  32 96 2 0.5 32 96 2 0.5 
6698565:  Double_t \
  -200 300 708.5 48 48 0.6 96 32 0.5 2  \
  96 32 0.5 2 96 32 0.5 2 
6698597:  Double_t \
  100 400 933.5 48 48 0.6 96 32 0.5 2  \
  96 32 0.5 2 96 32 0.5 2 
6699077:  Double_t \
  -200 300 723.5 48 48 0.6 32 96 2 0.5  \
  32 96 2 0.5 32 96 2 0.5 
6699109:  Double_t \
  100 400 948.5 48 48 0.6 32 96 2 0.5  \
  32 96 2 0.5 32 96 2 0.5 
6828613:  Double_t \
  -100 -300 678.5 48 48 0.6 96 32 0.5 2  \
  96 32 0.5 2 96 32 0.5 2 
6828645:  Double_t \
  200 400 903.5 48 48 0.6 96 32 0.5 2  \
  96 32 0.5 2 96 32 0.5 2 
6829125:  Double_t \
  -100 -300 693.5 48 48 0.6 32 96 2 0.5  \
  32 96 2 0.5 32 96 2 0.5 
6829157:  Double_t \
  200 400 918.5 48 48 0.6 32 96 2 0.5  \
  32 96 2 0.5 32 96 2 0.5 
6829637:  Double_t \
  -100 -300 708.5 48 48 0.6 96 32 0.5 2  \
  96 32 0.5 2 96 32 0.5 2 
6829669:  Double_t \
  200 400 933.5 48 48 0.6 96 32 0.5 2  \
  96 32 0.5 2 96 32 0.5 2 
6830149:  Double_t \
  -100 -300 723.5 48 48 0.6 32 96 2 0.5  \
  32 96 2 0.5 32 96 2 0.5 
6830181:  Double_t \
  200 400 948.5 48 48 0.6 32 96 2 0.5  \
  32 96 2 0.5 32 96 2 0.5 
6959685:  Double_t \
  -100 300 678.5 48 48 0.6 96 32 0.5 2  \
  96 32 0.5 2 96 32 0.5 2 
6959717:  Double_t \
  300 400 903.5 48 48 0.6 96 32 0.5 2  \
  96 32 0.5 2 96 32 0.5 2 
6960197:  Double_t \
  -100 300 693.5 48 48 0.6 32 96 2 0.5  \
  32 96 2 0.5 32 96 2 0.5 
6960229:  Double_t \
  300 400 918.5 48 48 0.6 32 96 2 0.5  \
  32 96 2 0.5 32 96 2 0.5 
6960709:  Double_t \
  -100 300 708.5 48 48 0.6 96 32 0.5 2  \
  96 32 0.5 2 96 32 0.5 2 
6960741:  Double_t \
  300 400 933.5 48 48 0.6 96 32 0.5 2  \
  96 32 0.5 2 96 32 0.5 2 
6961221:  Double_t \
  -100 300 723.5 48 48 0.6 32 96 2 0.5  \
  32 96 2 0.5 32 96 2 0.5 
6961253:  Double_t \
  300 400 948.5 48 48 0.6 32 96 2 0.5  \
  32 96 2 0.5 32 96 2 0.5 
7090757:  Double_t \
  0 -300 678.5 48 48 0.6 96 32 0.5 2  \
  96 32 0.5 2 96 32 0.5 2 
7090789:  Double_t \
  400 400 903.5 48 48 0.6 96 32 0.5 2  \
  96 32 0.5 2 96 32 0.5 2 
7091269:  Double_t \
  0 -300 693.5 48 48 0.6 32 96 2 0.5  \
  32 96 2 0.5 32 96 2 0.5 
7091301:  Double_t \
  400 400 918.5 48 48 0.6 32 96 2 0.5  \
  32 96 2 0.5 32 96 2 0.5 
7091781:  Double_t \
  0 -300 708.5 48 48 0.6 96 32 0.5 2  \
  96 32 0.5 2 96 32 0.5 2 
7091813:  Double_t \
  400 400 933.5 48 48 0.6 96 32 0.5 2  \
  96 32 0.5 2 96 32 0.5 2 
7092293:  Double_t \
  0 -300 723.5 48 48 0.6 32 96 2 0.5  \
  32 96 2 0.5 32 96 2 0.5 
7092325:  Double_t \
  400 400 948.5 48 48 0.6 32 96 2 0.5  \
  32 96 2 0.5 32 96 2 0.5 
7221861:  Double_t \
  500 400 903.5 48 48 0.6 96 32 0.5 2  \
  96 32 0.5 2 96 32 0.5 2 
7222373:  Double_t \
  500 400 918.5 48 48 0.6 32 96 2 0.5  \
  32 96 2 0.5 32 96 2 0.5 
7222885:  Double_t \
  500 400 933.5 48 48 0.6 96 32 0.5 2  \
  96 32 0.5 2 96 32 0.5 2 
7223397:  Double_t \
  500 400 948.5 48 48 0.6 32 96 2 0.5  \
  32 96 2 0.5 32 96 2 0.5 
7352933:  Double_t \
  -500 300 903.5 48 48 0.6 96 32 0.5 2  \
  96 32 0.5 2 96 32 0.5 2 
7353445:  Double_t \
  -500 300 918.5 48 48 0.6 32 96 2 0.5  \
  32 96 2 0.5 32 96 2 0.5 
7353957:  Double_t \
  -500 300 933.5 48 48 0.6 96 32 0.5 2  \
  96 32 0.5 2 96 32 0.5 2 
7354469:  Double_t \
  -500 300 948.5 48 48 0.6 32 96 2 0.5  \
  32 96 2 0.5 32 96 2 0.5 
7484005:  Double_t \
  -400 300 903.5 48 48 0.6 96 32 0.5 2  \
  96 32 0.5 2 96 32 0.5 2 
7484517:  Double_t \
  -400 300 918.5 48 48 0.6 32 96 2 0.5  \
  32 96 2 0.5 32 96 2 0.5 
7485029:  Double_t \
  -400 300 933.5 48 48 0.6 96 32 0.5 2  \
  96 32 0.5 2 96 32 0.5 2 
7485541:  Double_t \
  -400 300 948.5 48 48 0.6 32 96 2 0.5  \
  32 96 2 0.5 32 96 2 0.5 
7615077:  Double_t \
  -300 300 903.5 48 48 0.6 96 32 0.5 2  \
  96 32 0.5 2 96 32 0.5 2 
7615589:  Double_t \
  -300 300 918.5 48 48 0.6 32 96 2 0.5  \
  32 96 2 0.5 32 96 2 0.5 
7616101:  Double_t \
  -300 300 933.5 48 48 0.6 96 32 0.5 2  \
  96 32 0.5 2 96 32 0.5 2 
7616613:  Double_t \
  -300 300 948.5 48 48 0.6 32 96 2 0.5  \
  32 96 2 0.5 32 96 2 0.5 
7746149:  Double_t \
  300 300 903.5 48 48 0.6 96 32 0.5 2  \
  96 32 0.5 2 96 32 0.5 2 
7746661:  Double_t \
  300 300 918.5 48 48 0.6 32 96 2 0.5  \
  32 96 2 0.5 32 96 2 0.5 
7747173:  Double_t \
  300 300 933.5 48 48 0.6 96 32 0.5 2  \
  96 32 0.5 2 96 32 0.5 2 
7747685:  Double_t \
  300 300 948.5 48 48 0.6 32 96 2 0.5  \
  32 96 2 0.5 32 96 2 0.5 
7877221:  Double_t \
  400 300 903.5 48 48 0.6 96 32 0.5 2  \
  96 32 0.5 2 96 32 0.5 2 
7877733:  Double_t \
  400 300 918.5 48 48 0.6 32 96 2 0.5  \
  32 96 2 0.5 32 96 2 0.5 
7878245:  Double_t \
  400 300 933.5 48 48 0.6 96 32 0.5 2  \
  96 32 0.5 2 96 32 0.5 2 
7878757:  Double_t \
  400 300 948.5 48 48 0.6 32 96 2 0.5  \
  32 96 2 0.5 32 96 2 0.5 
8008293:  Double_t \
  500 300 903.5 48 48 0.6 96 32 0.5 2  \
  96 32 0.5 2 96 32 0.5 2 
8008805:  Double_t \
  500 300 918.5 48 48 0.6 32 96 2 0.5  \
  32 96 2 0.5 32 96 2 0.5 
8009317:  Double_t \
  500 300 933.5 48 48 0.6 96 32 0.5 2  \
  96 32 0.5 2 96 32 0.5 2 
8009829:  Double_t \
  500 300 948.5 48 48 0.6 32 96 2 0.5  \
  32 96 2 0.5 32 96 2 0.5 
8139365:  Double_t \
  -500 200 903.5 48 48 0.6 96 32 0.5 2  \
  96 32 0.5 2 96 32 0.5 2 
8139877:  Double_t \
  -500 200 918.5 48 48 0.6 32 96 2 0.5  \
  32 96 2 0.5 32 96 2 0.5 
8140389:  Double_t \
  -500 200 933.5 48 48 0.6 96 32 0.5 2  \
  96 32 0.5 2 96 32 0.5 2 
8140901:  Double_t \
  -500 200 948.5 48 48 0.6 32 96 2 0.5  \
  32 96 2 0.5 32 96 2 0.5 
8270437:  Double_t \
  -400 200 903.5 48 48 0.6 96 32 0.5 2  \
  96 32 0.5 2 96 32 0.5 2 
8270949:  Double_t \
  -400 200 918.5 48 48 0.6 32 96 2 0.5  \
  32 96 2 0.5 32 96 2 0.5 
8271461:  Double_t \
  -400 200 933.5 48 48 0.6 96 32 0.5 2  \
  96 32 0.5 2 96 32 0.5 2 
8271973:  Double_t \
  -400 200 948.5 48 48 0.6 32 96 2 0.5  \
  32 96 2 0.5 32 96 2 0.5 
8401509:  Double_t \
  400 200 903.5 48 48 0.6 96 32 0.5 2  \
  96 32 0.5 2 96 32 0.5 2 
8402021:  Double_t \
  400 200 918.5 48 48 0.6 32 96 2 0.5  \
  32 96 2 0.5 32 96 2 0.5 
8402533:  Double_t \
  400 200 933.5 48 48 0.6 96 32 0.5 2  \
  96 32 0.5 2 96 32 0.5 2 
8403045:  Double_t \
  400 200 948.5 48 48 0.6 32 96 2 0.5  \
  32 96 2 0.5 32 96 2 0.5 
8532581:  Double_t \
  500 200 903.5 48 48 0.6 96 32 0.5 2  \
  96 32 0.5 2 96 32 0.5 2 
8533093:  Double_t \
  500 200 918.5 48 48 0.6 32 96 2 0.5  \
  32 96 2 0.5 32 96 2 0.5 
8533605:  Double_t \
  500 200 933.5 48 48 0.6 96 32 0.5 2  \
  96 32 0.5 2 96 32 0.5 2 
8534117:  Double_t \
  500 200 948.5 48 48 0.6 32 96 2 0.5  \
  32 96 2 0.5 32 96 2 0.5 
8663653:  Double_t \
  -500 100 903.5 48 48 0.6 96 32 0.5 2  \
  96 32 0.5 2 96 32 0.5 2 
8664165:  Double_t \
  -500 100 918.5 48 48 0.6 32 96 2 0.5  \
  32 96 2 0.5 32 96 2 0.5 
8664677:  Double_t \
  -500 100 933.5 48 48 0.6 96 32 0.5 2  \
  96 32 0.5 2 96 32 0.5 2 
8665189:  Double_t \
  -500 100 948.5 48 48 0.6 32 96 2 0.5  \
  32 96 2 0.5 32 96 2 0.5 
8794725:  Double_t \
  -400 100 903.5 48 48 0.6 96 32 0.5 2  \
  96 32 0.5 2 96 32 0.5 2 
8795237:  Double_t \
  -400 100 918.5 48 48 0.6 32 96 2 0.5  \
  32 96 2 0.5 32 96 2 0.5 
8795749:  Double_t \
  -400 100 933.5 48 48 0.6 96 32 0.5 2  \
  96 32 0.5 2 96 32 0.5 2 
8796261:  Double_t \
  -400 100 948.5 48 48 0.6 32 96 2 0.5  \
  32 96 2 0.5 32 96 2 0.5 
8925797:  Double_t \
  400 100 903.5 48 48 0.6 96 32 0.5 2  \
  96 32 0.5 2 96 32 0.5 2 
8926309:  Double_t \
  400 100 918.5 48 48 0.6 32 96 2 0.5  \
  32 96 2 0.5 32 96 2 0.5 
8926821:  Double_t \
  400 100 933.5 48 48 0.6 96 32 0.5 2  \
  96 32 0.5 2 96 32 0.5 2 
8927333:  Double_t \
  400 100 948.5 48 48 0.6 32 96 2 0.5  \
  32 96 2 0.5 32 96 2 0.5 
9056869:  Double_t \
  500 100 903.5 48 48 0.6 96 32 0.5 2  \
  96 32 0.5 2 96 32 0.5 2 
9057381:  Double_t \
  500 100 918.5 48 48 0.6 32 96 2 0.5  \
  32 96 2 0.5 32 96 2 0.5 
9057893:  Double_t \
  500 100 933.5 48 48 0.6 96 32 0.5 2  \
  96 32 0.5 2 96 32 0.5 2 
9058405:  Double_t \
  500 100 948.5 48 48 0.6 32 96 2 0.5  \
  32 96 2 0.5 32 96 2 0.5 
9187941:  Double_t \
  -500 0 903.5 48 48 0.6 96 32 0.5 2  \
  96 32 0.5 2 96 32 0.5 2 
9188453:  Double_t \
  -500 0 918.5 48 48 0.6 32 96 2 0.5  \
  32 96 2 0.5 32 96 2 0.5 
9188965:  Double_t \
  -500 0 933.5 48 48 0.6 96 32 0.5 2  \
  96 32 0.5 2 96 32 0.5 2 
9189477:  Double_t \
  -500 0 948.5 48 48 0.6 32 96 2 0.5  \
  32 96 2 0.5 32 96 2 0.5 
9319013:  Double_t \
  -400 0 903.5 48 48 0.6 96 32 0.5 2  \
  96 32 0.5 2 96 32 0.5 2 
9319525:  Double_t \
  -400 0 918.5 48 48 0.6 32 96 2 0.5  \
  32 96 2 0.5 32 96 2 0.5 
9320037:  Double_t \
  -400 0 933.5 48 48 0.6 96 32 0.5 2  \
  96 32 0.5 2 96 32 0.5 2 
9320549:  Double_t \
  -400 0 948.5 48 48 0.6 32 96 2 0.5  \
  32 96 2 0.5 32 96 2 0.5 
9450085:  Double_t \
  400 0 903.5 48 48 0.6 96 32 0.5 2  \
  96 32 0.5 2 96 32 0.5 2 
9450597:  Double_t \
  400 0 918.5 48 48 0.6 32 96 2 0.5  \
  32 96 2 0.5 32 96 2 0.5 
9451109:  Double_t \
  400 0 933.5 48 48 0.6 96 32 0.5 2  \
  96 32 0.5 2 96 32 0.5 2 
9451621:  Double_t \
  400 0 948.5 48 48 0.6 32 96 2 0.5  \
  32 96 2 0.5 32 96 2 0.5 
9581157:  Double_t \
  500 0 903.5 48 48 0.6 96 32 0.5 2  \
  96 32 0.5 2 96 32 0.5 2 
9581669:  Double_t \
  500 0 918.5 48 48 0.6 32 96 2 0.5  \
  32 96 2 0.5 32 96 2 0.5 
9582181:  Double_t \
  500 0 933.5 48 48 0.6 96 32 0.5 2  \
  96 32 0.5 2 96 32 0.5 2 
9582693:  Double_t \
  500 0 948.5 48 48 0.6 32 96 2 0.5  \
  32 96 2 0.5 32 96 2 0.5 
9712229:  Double_t \
  -500 -100 903.5 48 48 0.6 96 32 0.5 2  \
  96 32 0.5 2 96 32 0.5 2 
9712741:  Double_t \
  -500 -100 918.5 48 48 0.6 32 96 2 0.5  \
  32 96 2 0.5 32 96 2 0.5 
9713253:  Double_t \
  -500 -100 933.5 48 48 0.6 96 32 0.5 2  \
  96 32 0.5 2 96 32 0.5 2 
9713765:  Double_t \
  -500 -100 948.5 48 48 0.6 32 96 2 0.5  \
  32 96 2 0.5 32 96 2 0.5 
9843301:  Double_t \
  -400 -100 903.5 48 48 0.6 96 32 0.5 2  \
  96 32 0.5 2 96 32 0.5 2 
9843813:  Double_t \
  -400 -100 918.5 48 48 0.6 32 96 2 0.5  \
  32 96 2 0.5 32 96 2 0.5 
9844325:  Double_t \
  -400 -100 933.5 48 48 0.6 96 32 0.5 2  \
  96 32 0.5 2 96 32 0.5 2 
9844837:  Double_t \
  -400 -100 948.5 48 48 0.6 32 96 2 0.5  \
  32 96 2 0.5 32 96 2 0.5 
9974373:  Double_t \
  400 -100 903.5 48 48 0.6 96 32 0.5 2  \
  96 32 0.5 2 96 32 0.5 2 
9974885:  Double_t \
  400 -100 918.5 48 48 0.6 32 96 2 0.5  \
  32 96 2 0.5 32 96 2 0.5 
9975397:  Double_t \
  400 -100 933.5 48 48 0.6 96 32 0.5 2  \
  96 32 0.5 2 96 32 0.5 2 
9975909:  Double_t \
  400 -100 948.5 48 48 0.6 32 96 2 0.5  \
  32 96 2 0.5 32 96 2 0.5 
10105445:  Double_t \
  500 -100 903.5 48 48 0.6 96 32 0.5 2  \
  96 32 0.5 2 96 32 0.5 2 
10105957:  Double_t \
  500 -100 918.5 48 48 0.6 32 96 2 0.5  \
  32 96 2 0.5 32 96 2 0.5 
10106469:  Double_t \
  500 -100 933.5 48 48 0.6 96 32 0.5 2  \
  96 32 0.5 2 96 32 0.5 2 
10106981:  Double_t \
  500 -100 948.5 48 48 0.6 32 96 2 0.5  \
  32 96 2 0.5 32 96 2 0.5 
10236517:  Double_t \
  -500 -200 903.5 48 48 0.6 96 32 0.5 2  \
  96 32 0.5 2 96 32 0.5 2 
10237029:  Double_t \
  -500 -200 918.5 48 48 0.6 32 96 2 0.5  \
  32 96 2 0.5 32 96 2 0.5 
10237541:  Double_t \
  -500 -200 933.5 48 48 0.6 96 32 0.5 2  \
  96 32 0.5 2 96 32 0.5 2 
10238053:  Double_t \
  -500 -200 948.5 48 48 0.6 32 96 2 0.5  \
  32 96 2 0.5 32 96 2 0.5 
10367589:  Double_t \
  -400 -200 903.5 48 48 0.6 96 32 0.5 2  \
  96 32 0.5 2 96 32 0.5 2 
10368101:  Double_t \
  -400 -200 918.5 48 48 0.6 32 96 2 0.5  \
  32 96 2 0.5 32 96 2 0.5 
10368613:  Double_t \
  -400 -200 933.5 48 48 0.6 96 32 0.5 2  \
  96 32 0.5 2 96 32 0.5 2 
10369125:  Double_t \
  -400 -200 948.5 48 48 0.6 32 96 2 0.5  \
  32 96 2 0.5 32 96 2 0.5 
10498661:  Double_t \
  400 -200 903.5 48 48 0.6 96 32 0.5 2  \
  96 32 0.5 2 96 32 0.5 2 
10499173:  Double_t \
  400 -200 918.5 48 48 0.6 32 96 2 0.5  \
  32 96 2 0.5 32 96 2 0.5 
10499685:  Double_t \
  400 -200 933.5 48 48 0.6 96 32 0.5 2  \
  96 32 0.5 2 96 32 0.5 2 
10500197:  Double_t \
  400 -200 948.5 48 48 0.6 32 96 2 0.5  \
  32 96 2 0.5 32 96 2 0.5 
10629733:  Double_t \
  500 -200 903.5 48 48 0.6 96 32 0.5 2  \
  96 32 0.5 2 96 32 0.5 2 
10630245:  Double_t \
  500 -200 918.5 48 48 0.6 32 96 2 0.5  \
  32 96 2 0.5 32 96 2 0.5 
10630757:  Double_t \
  500 -200 933.5 48 48 0.6 96 32 0.5 2  \
  96 32 0.5 2 96 32 0.5 2 
10631269:  Double_t \
  500 -200 948.5 48 48 0.6 32 96 2 0.5  \
  32 96 2 0.5 32 96 2 0.5 
10760805:  Double_t \
  -500 -300 903.5 48 48 0.6 96 32 0.5 2  \
  96 32 0.5 2 96 32 0.5 2 
10761317:  Double_t \
  -500 -300 918.5 48 48 0.6 32 96 2 0.5  \
  32 96 2 0.5 32 96 2 0.5 
10761829:  Double_t \
  -500 -300 933.5 48 48 0.6 96 32 0.5 2  \
  96 32 0.5 2 96 32 0.5 2 
10762341:  Double_t \
  -500 -300 948.5 48 48 0.6 32 96 2 0.5  \
  32 96 2 0.5 32 96 2 0.5 
10891877:  Double_t \
  -400 -300 903.5 48 48 0.6 96 32 0.5 2  \
  96 32 0.5 2 96 32 0.5 2 
10892389:  Double_t \
  -400 -300 918.5 48 48 0.6 32 96 2 0.5  \
  32 96 2 0.5 32 96 2 0.5 
10892901:  Double_t \
  -400 -300 933.5 48 48 0.6 96 32 0.5 2  \
  96 32 0.5 2 96 32 0.5 2 
10893413:  Double_t \
  -400 -300 948.5 48 48 0.6 32 96 2 0.5  \
  32 96 2 0.5 32 96 2 0.5 
11022949:  Double_t \
  -300 -300 903.5 48 48 0.6 96 32 0.5 2  \
  96 32 0.5 2 96 32 0.5 2 
11023461:  Double_t \
  -300 -300 918.5 48 48 0.6 32 96 2 0.5  \
  32 96 2 0.5 32 96 2 0.5 
11023973:  Double_t \
  -300 -300 933.5 48 48 0.6 96 32 0.5 2  \
  96 32 0.5 2 96 32 0.5 2 
11024485:  Double_t \
  -300 -300 948.5 48 48 0.6 32 96 2 0.5  \
  32 96 2 0.5 32 96 2 0.5 
11154021:  Double_t \
  300 -300 903.5 48 48 0.6 96 32 0.5 2  \
  96 32 0.5 2 96 32 0.5 2 
11154533:  Double_t \
  300 -300 918.5 48 48 0.6 32 96 2 0.5  \
  32 96 2 0.5 32 96 2 0.5 
11155045:  Double_t \
  300 -300 933.5 48 48 0.6 96 32 0.5 2  \
  96 32 0.5 2 96 32 0.5 2 
11155557:  Double_t \
  300 -300 948.5 48 48 0.6 32 96 2 0.5  \
  32 96 2 0.5 32 96 2 0.5 
11285093:  Double_t \
  400 -300 903.5 48 48 0.6 96 32 0.5 2  \
  96 32 0.5 2 96 32 0.5 2 
11285605:  Double_t \
  400 -300 918.5 48 48 0.6 32 96 2 0.5  \
  32 96 2 0.5 32 96 2 0.5 
11286117:  Double_t \
  400 -300 933.5 48 48 0.6 96 32 0.5 2  \
  96 32 0.5 2 96 32 0.5 2 
11286629:  Double_t \
  400 -300 948.5 48 48 0.6 32 96 2 0.5  \
  32 96 2 0.5 32 96 2 0.5 
11416165:  Double_t \
  500 -300 903.5 48 48 0.6 96 32 0.5 2  \
  96 32 0.5 2 96 32 0.5 2 
11416677:  Double_t \
  500 -300 918.5 48 48 0.6 32 96 2 0.5  \
  32 96 2 0.5 32 96 2 0.5 
11417189:  Double_t \
  500 -300 933.5 48 48 0.6 96 32 0.5 2  \
  96 32 0.5 2 96 32 0.5 2 
11417701:  Double_t \
  500 -300 948.5 48 48 0.6 32 96 2 0.5  \
  32 96 2 0.5 32 96 2 0.5 
11547237:  Double_t \
  -500 -400 903.5 48 48 0.6 96 32 0.5 2  \
  96 32 0.5 2 96 32 0.5 2 
11547749:  Double_t \
  -500 -400 918.5 48 48 0.6 32 96 2 0.5  \
  32 96 2 0.5 32 96 2 0.5 
11548261:  Double_t \
  -500 -400 933.5 48 48 0.6 96 32 0.5 2  \
  96 32 0.5 2 96 32 0.5 2 
11548773:  Double_t \
  -500 -400 948.5 48 48 0.6 32 96 2 0.5  \
  32 96 2 0.5 32 96 2 0.5 
11678309:  Double_t \
  -400 -400 903.5 48 48 0.6 96 32 0.5 2  \
  96 32 0.5 2 96 32 0.5 2 
11678821:  Double_t \
  -400 -400 918.5 48 48 0.6 32 96 2 0.5  \
  32 96 2 0.5 32 96 2 0.5 
11679333:  Double_t \
  -400 -400 933.5 48 48 0.6 96 32 0.5 2  \
  96 32 0.5 2 96 32 0.5 2 
11679845:  Double_t \
  -400 -400 948.5 48 48 0.6 32 96 2 0.5  \
  32 96 2 0.5 32 96 2 0.5 
11809381:  Double_t \
  -300 -400 903.5 48 48 0.6 96 32 0.5 2  \
  96 32 0.5 2 96 32 0.5 2 
11809893:  Double_t \
  -300 -400 918.5 48 48 0.6 32 96 2 0.5  \
  32 96 2 0.5 32 96 2 0.5 
11810405:  Double_t \
  -300 -400 933.5 48 48 0.6 96 32 0.5 2  \
  96 32 0.5 2 96 32 0.5 2 
11810917:  Double_t \
  -300 -400 948.5 48 48 0.6 32 96 2 0.5  \
  32 96 2 0.5 32 96 2 0.5 
11940453:  Double_t \
  -200 -400 903.5 48 48 0.6 96 32 0.5 2  \
  96 32 0.5 2 96 32 0.5 2 
11940965:  Double_t \
  -200 -400 918.5 48 48 0.6 32 96 2 0.5  \
  32 96 2 0.5 32 96 2 0.5 
11941477:  Double_t \
  -200 -400 933.5 48 48 0.6 96 32 0.5 2  \
  96 32 0.5 2 96 32 0.5 2 
11941989:  Double_t \
  -200 -400 948.5 48 48 0.6 32 96 2 0.5  \
  32 96 2 0.5 32 96 2 0.5 
12071525:  Double_t \
  -100 -400 903.5 48 48 0.6 96 32 0.5 2  \
  96 32 0.5 2 96 32 0.5 2 
12072037:  Double_t \
  -100 -400 918.5 48 48 0.6 32 96 2 0.5  \
  32 96 2 0.5 32 96 2 0.5 
12072549:  Double_t \
  -100 -400 933.5 48 48 0.6 96 32 0.5 2  \
  96 32 0.5 2 96 32 0.5 2 
12073061:  Double_t \
  -100 -400 948.5 48 48 0.6 32 96 2 0.5  \
  32 96 2 0.5 32 96 2 0.5 
12202597:  Double_t \
  0 -400 903.5 48 48 0.6 96 32 0.5 2  \
  96 32 0.5 2 96 32 0.5 2 
12203109:  Double_t \
  0 -400 918.5 48 48 0.6 32 96 2 0.5  \
  32 96 2 0.5 32 96 2 0.5 
12203621:  Double_t \
  0 -400 933.5 48 48 0.6 96 32 0.5 2  \
  96 32 0.5 2 96 32 0.5 2 
12204133:  Double_t \
  0 -400 948.5 48 48 0.6 32 96 2 0.5  \
  32 96 2 0.5 32 96 2 0.5 
12333669:  Double_t \
  100 -400 903.5 48 48 0.6 96 32 0.5 2  \
  96 32 0.5 2 96 32 0.5 2 
12334181:  Double_t \
  100 -400 918.5 48 48 0.6 32 96 2 0.5  \
  32 96 2 0.5 32 96 2 0.5 
12334693:  Double_t \
  100 -400 933.5 48 48 0.6 96 32 0.5 2  \
  96 32 0.5 2 96 32 0.5 2 
12335205:  Double_t \
  100 -400 948.5 48 48 0.6 32 96 2 0.5  \
  32 96 2 0.5 32 96 2 0.5 
12464741:  Double_t \
  200 -400 903.5 48 48 0.6 96 32 0.5 2  \
  96 32 0.5 2 96 32 0.5 2 
12465253:  Double_t \
  200 -400 918.5 48 48 0.6 32 96 2 0.5  \
  32 96 2 0.5 32 96 2 0.5 
12465765:  Double_t \
  200 -400 933.5 48 48 0.6 96 32 0.5 2  \
  96 32 0.5 2 96 32 0.5 2 
12466277:  Double_t \
  200 -400 948.5 48 48 0.6 32 96 2 0.5  \
  32 96 2 0.5 32 96 2 0.5 
12595813:  Double_t \
  300 -400 903.5 48 48 0.6 96 32 0.5 2  \
  96 32 0.5 2 96 32 0.5 2 
12596325:  Double_t \
  300 -400 918.5 48 48 0.6 32 96 2 0.5  \
  32 96 2 0.5 32 96 2 0.5 
12596837:  Double_t \
  300 -400 933.5 48 48 0.6 96 32 0.5 2  \
  96 32 0.5 2 96 32 0.5 2 
12597349:  Double_t \
  300 -400 948.5 48 48 0.6 32 96 2 0.5  \
  32 96 2 0.5 32 96 2 0.5 
12726885:  Double_t \
  400 -400 903.5 48 48 0.6 96 32 0.5 2  \
  96 32 0.5 2 96 32 0.5 2 
12727397:  Double_t \
  400 -400 918.5 48 48 0.6 32 96 2 0.5  \
  32 96 2 0.5 32 96 2 0.5 
12727909:  Double_t \
  400 -400 933.5 48 48 0.6 96 32 0.5 2  \
  96 32 0.5 2 96 32 0.5 2 
12728421:  Double_t \
  400 -400 948.5 48 48 0.6 32 96 2 0.5  \
  32 96 2 0.5 32 96 2 0.5 
12857957:  Double_t \
  500 -400 903.5 48 48 0.6 96 32 0.5 2  \
  96 32 0.5 2 96 32 0.5 2 
12858469:  Double_t \
  500 -400 918.5 48 48 0.6 32 96 2 0.5  \
  32 96 2 0.5 32 96 2 0.5 
12858981:  Double_t \
  500 -400 933.5 48 48 0.6 96 32 0.5 2  \
  96 32 0.5 2 96 32 0.5 2 
12859493:  Double_t \
  500 -400 948.5 48 48 0.6 32 96 2 0.5  \
  32 96 2 0.5 32 96 2 0.5 