##############################################################################
# Class:   CbmTrdDigiPar
# Context: TestDefaultContext
##############################################################################
[CbmTrdDigiPar]
//----------------------------------------------------------------------------
NrOfModules:  Int_t  100 
MaxSectors:  Int_t  3 
ModuleIdArray:  Int_t \
  135717 136229 139813 140325 143909 144421 148005 148517 160293 160805  \
  164389 164901 266789 267301 270885 271397 274981 275493 279077 279589  \
  291365 291877 295461 295973 397861 398373 401957 402469 406053 406565  \
  410149 410661 422437 422949 426533 427045 528933 529445 533029 533541  \
  537125 537637 541221 541733 553509 554021 557605 558117 660005 660517  \
  668197 668709 684581 685093 688677 689189 791077 791589 799269 799781  \
  815653 816165 819749 820261 922149 922661 930341 930853 946725 947237  \
  950821 951333 1053221 1053733 1061413 1061925 1077797 1078309 1081893 1082405  \
  1208869 1209381 1212965 1213477 1339941 1340453 1344037 1344549 1471013 1471525  \
  1475109 1475621 1602085 1602597 1606181 1606693 1737253 1737765 1868325 1868837 
135717:  Double_t \
  -60 -60 486.603 28.5 28.5 0.6 57 27 0.75 1.5  \
  57 3 0.75 1.5 57 27 0.75 1.5 
136229:  Double_t \
  -60 -60 536.602 28.5 28.5 0.6 27 57 1.5 0.75  \
  3 57 1.5 0.75 27 57 1.5 0.75 
139813:  Double_t \
  0 -120 486.603 28.5 28.5 0.6 57 21 0.75 3  \
  57 15 0.75 2.5 57 21 0.75 3 
140325:  Double_t \
  0 -120 536.602 28.5 28.5 0.6 21 57 3 0.75  \
  15 57 2.5 0.75 21 57 3 0.75 
143909:  Double_t \
  -60 -120 486.603 28.5 28.5 0.6 57 12 0.75 6  \
  57 33 0.75 5.5 57 12 0.75 6 
144421:  Double_t \
  -60 -120 536.602 28.5 28.5 0.6 12 57 6 0.75  \
  33 57 5.5 0.75 12 57 6 0.75 
148005:  Double_t \
  -120 -120 486.603 28.5 28.5 0.6 57 12 0.75 6  \
  57 33 0.75 5.5 57 12 0.75 6 
148517:  Double_t \
  -120 -120 536.602 28.5 28.5 0.6 12 57 6 0.75  \
  33 57 5.5 0.75 12 57 6 0.75 
160293:  Double_t \
  -100 -200 486.603 48 48 0.6 96 36 0.75 12  \
  96 24 0.75 12 96 36 0.75 12 
160805:  Double_t \
  -100 -200 536.602 48 48 0.6 36 96 12 0.75  \
  24 96 12 0.75 36 96 12 0.75 
164389:  Double_t \
  -300 -200 486.603 48 48 0.6 96 32 0.75 16  \
  96 32 0.75 16 96 32 0.75 16 
164901:  Double_t \
  -300 -200 536.602 48 48 0.6 32 96 16 0.75  \
  32 96 16 0.75 32 96 16 0.75 
266789:  Double_t \
  0 -60 486.603 28.5 28.5 0.6 57 27 0.75 1.5  \
  57 3 0.75 1.5 57 27 0.75 1.5 
267301:  Double_t \
  0 -60 536.602 28.5 28.5 0.6 27 57 1.5 0.75  \
  3 57 1.5 0.75 27 57 1.5 0.75 
270885:  Double_t \
  -120 0 486.603 28.5 28.5 0.6 57 21 0.75 3  \
  57 15 0.75 2.5 57 21 0.75 3 
271397:  Double_t \
  -120 0 536.602 28.5 28.5 0.6 21 57 3 0.75  \
  15 57 2.5 0.75 21 57 3 0.75 
274981:  Double_t \
  60 -120 486.603 28.5 28.5 0.6 57 12 0.75 6  \
  57 33 0.75 5.5 57 12 0.75 6 
275493:  Double_t \
  60 -120 536.602 28.5 28.5 0.6 12 57 6 0.75  \
  33 57 5.5 0.75 12 57 6 0.75 
279077:  Double_t \
  120 -120 486.603 28.5 28.5 0.6 57 12 0.75 6  \
  57 33 0.75 5.5 57 12 0.75 6 
279589:  Double_t \
  120 -120 536.602 28.5 28.5 0.6 12 57 6 0.75  \
  33 57 5.5 0.75 12 57 6 0.75 
291365:  Double_t \
  0 -200 486.603 48 48 0.6 96 36 0.75 12  \
  96 24 0.75 12 96 36 0.75 12 
291877:  Double_t \
  0 -200 536.602 48 48 0.6 36 96 12 0.75  \
  24 96 12 0.75 36 96 12 0.75 
295461:  Double_t \
  -200 -200 486.603 48 48 0.6 96 32 0.75 16  \
  96 32 0.75 16 96 32 0.75 16 
295973:  Double_t \
  -200 -200 536.602 48 48 0.6 32 96 16 0.75  \
  32 96 16 0.75 32 96 16 0.75 
397861:  Double_t \
  60 -60 486.603 28.5 28.5 0.6 57 27 0.75 1.5  \
  57 3 0.75 1.5 57 27 0.75 1.5 
398373:  Double_t \
  60 -60 536.602 28.5 28.5 0.6 27 57 1.5 0.75  \
  3 57 1.5 0.75 27 57 1.5 0.75 
401957:  Double_t \
  120 0 486.603 28.5 28.5 0.6 57 21 0.75 3  \
  57 15 0.75 2.5 57 21 0.75 3 
402469:  Double_t \
  120 0 536.602 28.5 28.5 0.6 21 57 3 0.75  \
  15 57 2.5 0.75 21 57 3 0.75 
406053:  Double_t \
  -120 -60 486.603 28.5 28.5 0.6 57 12 0.75 6  \
  57 33 0.75 5.5 57 12 0.75 6 
406565:  Double_t \
  -120 -60 536.602 28.5 28.5 0.6 12 57 6 0.75  \
  33 57 5.5 0.75 12 57 6 0.75 
410149:  Double_t \
  -120 120 486.603 28.5 28.5 0.6 57 12 0.75 6  \
  57 33 0.75 5.5 57 12 0.75 6 
410661:  Double_t \
  -120 120 536.602 28.5 28.5 0.6 12 57 6 0.75  \
  33 57 5.5 0.75 12 57 6 0.75 
422437:  Double_t \
  100 -200 486.603 48 48 0.6 96 36 0.75 12  \
  96 24 0.75 12 96 36 0.75 12 
422949:  Double_t \
  100 -200 536.602 48 48 0.6 36 96 12 0.75  \
  24 96 12 0.75 36 96 12 0.75 
426533:  Double_t \
  200 -200 486.603 48 48 0.6 96 32 0.75 16  \
  96 32 0.75 16 96 32 0.75 16 
427045:  Double_t \
  200 -200 536.602 48 48 0.6 32 96 16 0.75  \
  32 96 16 0.75 32 96 16 0.75 
528933:  Double_t \
  -60 0 486.603 28.5 28.5 0.6 57 27 0.75 1.5  \
  57 3 0.75 1.5 57 27 0.75 1.5 
529445:  Double_t \
  -60 0 536.602 28.5 28.5 0.6 27 57 1.5 0.75  \
  3 57 1.5 0.75 27 57 1.5 0.75 
533029:  Double_t \
  0 120 486.603 28.5 28.5 0.6 57 21 0.75 3  \
  57 15 0.75 2.5 57 21 0.75 3 
533541:  Double_t \
  0 120 536.602 28.5 28.5 0.6 21 57 3 0.75  \
  15 57 2.5 0.75 21 57 3 0.75 
537125:  Double_t \
  120 -60 486.603 28.5 28.5 0.6 57 12 0.75 6  \
  57 33 0.75 5.5 57 12 0.75 6 
537637:  Double_t \
  120 -60 536.602 28.5 28.5 0.6 12 57 6 0.75  \
  33 57 5.5 0.75 12 57 6 0.75 
541221:  Double_t \
  120 120 486.603 28.5 28.5 0.6 57 12 0.75 6  \
  57 33 0.75 5.5 57 12 0.75 6 
541733:  Double_t \
  120 120 536.602 28.5 28.5 0.6 12 57 6 0.75  \
  33 57 5.5 0.75 12 57 6 0.75 
553509:  Double_t \
  -200 -100 486.603 48 48 0.6 96 36 0.75 12  \
  96 24 0.75 12 96 36 0.75 12 
554021:  Double_t \
  -200 -100 536.602 48 48 0.6 36 96 12 0.75  \
  24 96 12 0.75 36 96 12 0.75 
557605:  Double_t \
  300 -200 486.603 48 48 0.6 96 32 0.75 16  \
  96 32 0.75 16 96 32 0.75 16 
558117:  Double_t \
  300 -200 536.602 48 48 0.6 32 96 16 0.75  \
  32 96 16 0.75 32 96 16 0.75 
660005:  Double_t \
  60 0 486.603 28.5 28.5 0.6 57 27 0.75 1.5  \
  57 3 0.75 1.5 57 27 0.75 1.5 
660517:  Double_t \
  60 0 536.602 28.5 28.5 0.6 27 57 1.5 0.75  \
  3 57 1.5 0.75 27 57 1.5 0.75 
668197:  Double_t \
  -120 60 486.603 28.5 28.5 0.6 57 12 0.75 6  \
  57 33 0.75 5.5 57 12 0.75 6 
668709:  Double_t \
  -120 60 536.602 28.5 28.5 0.6 12 57 6 0.75  \
  33 57 5.5 0.75 12 57 6 0.75 
684581:  Double_t \
  200 -100 486.603 48 48 0.6 96 36 0.75 12  \
  96 24 0.75 12 96 36 0.75 12 
685093:  Double_t \
  200 -100 536.602 48 48 0.6 36 96 12 0.75  \
  24 96 12 0.75 36 96 12 0.75 
688677:  Double_t \
  -300 -100 486.603 48 48 0.6 96 32 0.75 16  \
  96 32 0.75 16 96 32 0.75 16 
689189:  Double_t \
  -300 -100 536.602 48 48 0.6 32 96 16 0.75  \
  32 96 16 0.75 32 96 16 0.75 
791077:  Double_t \
  -60 60 486.603 28.5 28.5 0.6 57 27 0.75 1.5  \
  57 3 0.75 1.5 57 27 0.75 1.5 
791589:  Double_t \
  -60 60 536.602 28.5 28.5 0.6 27 57 1.5 0.75  \
  3 57 1.5 0.75 27 57 1.5 0.75 
799269:  Double_t \
  120 60 486.603 28.5 28.5 0.6 57 12 0.75 6  \
  57 33 0.75 5.5 57 12 0.75 6 
799781:  Double_t \
  120 60 536.602 28.5 28.5 0.6 12 57 6 0.75  \
  33 57 5.5 0.75 12 57 6 0.75 
815653:  Double_t \
  -200 0 486.603 48 48 0.6 96 36 0.75 12  \
  96 24 0.75 12 96 36 0.75 12 
816165:  Double_t \
  -200 0 536.602 48 48 0.6 36 96 12 0.75  \
  24 96 12 0.75 36 96 12 0.75 
819749:  Double_t \
  300 -100 486.603 48 48 0.6 96 32 0.75 16  \
  96 32 0.75 16 96 32 0.75 16 
820261:  Double_t \
  300 -100 536.602 48 48 0.6 32 96 16 0.75  \
  32 96 16 0.75 32 96 16 0.75 
922149:  Double_t \
  0 60 486.603 28.5 28.5 0.6 57 27 0.75 1.5  \
  57 3 0.75 1.5 57 27 0.75 1.5 
922661:  Double_t \
  0 60 536.602 28.5 28.5 0.6 27 57 1.5 0.75  \
  3 57 1.5 0.75 27 57 1.5 0.75 
930341:  Double_t \
  -60 120 486.603 28.5 28.5 0.6 57 12 0.75 6  \
  57 33 0.75 5.5 57 12 0.75 6 
930853:  Double_t \
  -60 120 536.602 28.5 28.5 0.6 12 57 6 0.75  \
  33 57 5.5 0.75 12 57 6 0.75 
946725:  Double_t \
  200 0 486.603 48 48 0.6 96 36 0.75 12  \
  96 24 0.75 12 96 36 0.75 12 
947237:  Double_t \
  200 0 536.602 48 48 0.6 36 96 12 0.75  \
  24 96 12 0.75 36 96 12 0.75 
950821:  Double_t \
  -300 0 486.603 48 48 0.6 96 32 0.75 16  \
  96 32 0.75 16 96 32 0.75 16 
951333:  Double_t \
  -300 0 536.602 48 48 0.6 32 96 16 0.75  \
  32 96 16 0.75 32 96 16 0.75 
1053221:  Double_t \
  60 60 486.603 28.5 28.5 0.6 57 27 0.75 1.5  \
  57 3 0.75 1.5 57 27 0.75 1.5 
1053733:  Double_t \
  60 60 536.602 28.5 28.5 0.6 27 57 1.5 0.75  \
  3 57 1.5 0.75 27 57 1.5 0.75 
1061413:  Double_t \
  60 120 486.603 28.5 28.5 0.6 57 12 0.75 6  \
  57 33 0.75 5.5 57 12 0.75 6 
1061925:  Double_t \
  60 120 536.602 28.5 28.5 0.6 12 57 6 0.75  \
  33 57 5.5 0.75 12 57 6 0.75 
1077797:  Double_t \
  -200 100 486.603 48 48 0.6 96 36 0.75 12  \
  96 24 0.75 12 96 36 0.75 12 
1078309:  Double_t \
  -200 100 536.602 48 48 0.6 36 96 12 0.75  \
  24 96 12 0.75 36 96 12 0.75 
1081893:  Double_t \
  300 0 486.603 48 48 0.6 96 32 0.75 16  \
  96 32 0.75 16 96 32 0.75 16 
1082405:  Double_t \
  300 0 536.602 48 48 0.6 32 96 16 0.75  \
  32 96 16 0.75 32 96 16 0.75 
1208869:  Double_t \
  200 100 486.603 48 48 0.6 96 36 0.75 12  \
  96 24 0.75 12 96 36 0.75 12 
1209381:  Double_t \
  200 100 536.602 48 48 0.6 36 96 12 0.75  \
  24 96 12 0.75 36 96 12 0.75 
1212965:  Double_t \
  -300 100 486.603 48 48 0.6 96 32 0.75 16  \
  96 32 0.75 16 96 32 0.75 16 
1213477:  Double_t \
  -300 100 536.602 48 48 0.6 32 96 16 0.75  \
  32 96 16 0.75 32 96 16 0.75 
1339941:  Double_t \
  -100 200 486.603 48 48 0.6 96 36 0.75 12  \
  96 24 0.75 12 96 36 0.75 12 
1340453:  Double_t \
  -100 200 536.602 48 48 0.6 36 96 12 0.75  \
  24 96 12 0.75 36 96 12 0.75 
1344037:  Double_t \
  300 100 486.603 48 48 0.6 96 32 0.75 16  \
  96 32 0.75 16 96 32 0.75 16 
1344549:  Double_t \
  300 100 536.602 48 48 0.6 32 96 16 0.75  \
  32 96 16 0.75 32 96 16 0.75 
1471013:  Double_t \
  0 200 486.603 48 48 0.6 96 36 0.75 12  \
  96 24 0.75 12 96 36 0.75 12 
1471525:  Double_t \
  0 200 536.602 48 48 0.6 36 96 12 0.75  \
  24 96 12 0.75 36 96 12 0.75 
1475109:  Double_t \
  -300 200 486.603 48 48 0.6 96 32 0.75 16  \
  96 32 0.75 16 96 32 0.75 16 
1475621:  Double_t \
  -300 200 536.602 48 48 0.6 32 96 16 0.75  \
  32 96 16 0.75 32 96 16 0.75 
1602085:  Double_t \
  100 200 486.603 48 48 0.6 96 36 0.75 12  \
  96 24 0.75 12 96 36 0.75 12 
1602597:  Double_t \
  100 200 536.602 48 48 0.6 36 96 12 0.75  \
  24 96 12 0.75 36 96 12 0.75 
1606181:  Double_t \
  -200 200 486.603 48 48 0.6 96 32 0.75 16  \
  96 32 0.75 16 96 32 0.75 16 
1606693:  Double_t \
  -200 200 536.602 48 48 0.6 32 96 16 0.75  \
  32 96 16 0.75 32 96 16 0.75 
1737253:  Double_t \
  200 200 486.603 48 48 0.6 96 32 0.75 16  \
  96 32 0.75 16 96 32 0.75 16 
1737765:  Double_t \
  200 200 536.602 48 48 0.6 32 96 16 0.75  \
  32 96 16 0.75 32 96 16 0.75 
1868325:  Double_t \
  300 200 486.603 48 48 0.6 96 32 0.75 16  \
  96 32 0.75 16 96 32 0.75 16 
1868837:  Double_t \
  300 200 536.602 48 48 0.6 32 96 16 0.75  \
  32 96 16 0.75 32 96 16 0.75 