##############################################################################
# Class:   CbmTrdDigiPar
# Context: TestDefaultContext
##############################################################################
[CbmTrdDigiPar]
//----------------------------------------------------------------------------
NrOfModules:  Int_t  200 
MaxSectors:  Int_t  3 
ModuleIdArray:  Int_t \
  135717 136229 136741 137253 139813 140325 140837 141349 143909 144421  \
  144933 145445 148005 148517 149029 149541 160293 160805 161317 161829  \
  164389 164901 165413 165925 266789 267301 267813 268325 270885 271397  \
  271909 272421 274981 275493 276005 276517 279077 279589 280101 280613  \
  291365 291877 292389 292901 295461 295973 296485 296997 397861 398373  \
  398885 399397 401957 402469 402981 403493 406053 406565 407077 407589  \
  410149 410661 411173 411685 422437 422949 423461 423973 426533 427045  \
  427557 428069 528933 529445 529957 530469 533029 533541 534053 534565  \
  537125 537637 538149 538661 541221 541733 542245 542757 553509 554021  \
  554533 555045 557605 558117 558629 559141 660005 660517 661029 661541  \
  668197 668709 669221 669733 684581 685093 685605 686117 688677 689189  \
  689701 690213 791077 791589 792101 792613 799269 799781 800293 800805  \
  815653 816165 816677 817189 819749 820261 820773 821285 922149 922661  \
  923173 923685 930341 930853 931365 931877 946725 947237 947749 948261  \
  950821 951333 951845 952357 1053221 1053733 1054245 1054757 1061413 1061925  \
  1062437 1062949 1077797 1078309 1078821 1079333 1081893 1082405 1082917 1083429  \
  1208869 1209381 1209893 1210405 1212965 1213477 1213989 1214501 1339941 1340453  \
  1340965 1341477 1344037 1344549 1345061 1345573 1471013 1471525 1472037 1472549  \
  1475109 1475621 1476133 1476645 1602085 1602597 1603109 1603621 1606181 1606693  \
  1607205 1607717 1737253 1737765 1738277 1738789 1868325 1868837 1869349 1869861 
135717:  Double_t \
  -60 -60 486.302 28.5 28.5 0.3 57 27 0.75 1.5  \
  57 3 0.75 1.5 57 27 0.75 1.5 
136229:  Double_t \
  -60 -60 536.302 28.5 28.5 0.3 27 57 1.5 0.75  \
  3 57 1.5 0.75 27 57 1.5 0.75 
136741:  Double_t \
  -60 -60 586.302 28.5 28.5 0.3 57 27 0.75 1.5  \
  57 3 0.75 1.5 57 27 0.75 1.5 
137253:  Double_t \
  -60 -60 636.302 28.5 28.5 0.3 27 57 1.5 0.75  \
  3 57 1.5 0.75 27 57 1.5 0.75 
139813:  Double_t \
  0 -120 486.302 28.5 28.5 0.3 57 21 0.75 3  \
  57 15 0.75 2.5 57 21 0.75 3 
140325:  Double_t \
  0 -120 536.302 28.5 28.5 0.3 21 57 3 0.75  \
  15 57 2.5 0.75 21 57 3 0.75 
140837:  Double_t \
  0 -120 586.302 28.5 28.5 0.3 57 21 0.75 3  \
  57 15 0.75 2.5 57 21 0.75 3 
141349:  Double_t \
  0 -120 636.302 28.5 28.5 0.3 21 57 3 0.75  \
  15 57 2.5 0.75 21 57 3 0.75 
143909:  Double_t \
  -60 -120 486.302 28.5 28.5 0.3 57 12 0.75 6  \
  57 33 0.75 5.5 57 12 0.75 6 
144421:  Double_t \
  -60 -120 536.302 28.5 28.5 0.3 12 57 6 0.75  \
  33 57 5.5 0.75 12 57 6 0.75 
144933:  Double_t \
  -60 -120 586.302 28.5 28.5 0.3 57 12 0.75 6  \
  57 33 0.75 5.5 57 12 0.75 6 
145445:  Double_t \
  -60 -120 636.302 28.5 28.5 0.3 12 57 6 0.75  \
  33 57 5.5 0.75 12 57 6 0.75 
148005:  Double_t \
  -120 -120 486.302 28.5 28.5 0.3 57 12 0.75 6  \
  57 33 0.75 5.5 57 12 0.75 6 
148517:  Double_t \
  -120 -120 536.302 28.5 28.5 0.3 12 57 6 0.75  \
  33 57 5.5 0.75 12 57 6 0.75 
149029:  Double_t \
  -120 -120 586.302 28.5 28.5 0.3 57 12 0.75 6  \
  57 33 0.75 5.5 57 12 0.75 6 
149541:  Double_t \
  -120 -120 636.302 28.5 28.5 0.3 12 57 6 0.75  \
  33 57 5.5 0.75 12 57 6 0.75 
160293:  Double_t \
  -100 -200 486.302 48 48 0.3 96 36 0.75 12  \
  96 24 0.75 12 96 36 0.75 12 
160805:  Double_t \
  -100 -200 536.302 48 48 0.3 36 96 12 0.75  \
  24 96 12 0.75 36 96 12 0.75 
161317:  Double_t \
  -100 -200 586.302 48 48 0.3 96 36 0.75 12  \
  96 24 0.75 12 96 36 0.75 12 
161829:  Double_t \
  -100 -200 636.302 48 48 0.3 36 96 12 0.75  \
  24 96 12 0.75 36 96 12 0.75 
164389:  Double_t \
  -300 -200 486.302 48 48 0.3 96 32 0.75 16  \
  96 32 0.75 16 96 32 0.75 16 
164901:  Double_t \
  -300 -200 536.302 48 48 0.3 32 96 16 0.75  \
  32 96 16 0.75 32 96 16 0.75 
165413:  Double_t \
  -300 -200 586.302 48 48 0.3 96 32 0.75 16  \
  96 32 0.75 16 96 32 0.75 16 
165925:  Double_t \
  -300 -200 636.302 48 48 0.3 32 96 16 0.75  \
  32 96 16 0.75 32 96 16 0.75 
266789:  Double_t \
  0 -60 486.302 28.5 28.5 0.3 57 27 0.75 1.5  \
  57 3 0.75 1.5 57 27 0.75 1.5 
267301:  Double_t \
  0 -60 536.302 28.5 28.5 0.3 27 57 1.5 0.75  \
  3 57 1.5 0.75 27 57 1.5 0.75 
267813:  Double_t \
  0 -60 586.302 28.5 28.5 0.3 57 27 0.75 1.5  \
  57 3 0.75 1.5 57 27 0.75 1.5 
268325:  Double_t \
  0 -60 636.302 28.5 28.5 0.3 27 57 1.5 0.75  \
  3 57 1.5 0.75 27 57 1.5 0.75 
270885:  Double_t \
  -120 0 486.302 28.5 28.5 0.3 57 21 0.75 3  \
  57 15 0.75 2.5 57 21 0.75 3 
271397:  Double_t \
  -120 0 536.302 28.5 28.5 0.3 21 57 3 0.75  \
  15 57 2.5 0.75 21 57 3 0.75 
271909:  Double_t \
  -120 0 586.302 28.5 28.5 0.3 57 21 0.75 3  \
  57 15 0.75 2.5 57 21 0.75 3 
272421:  Double_t \
  -120 0 636.302 28.5 28.5 0.3 21 57 3 0.75  \
  15 57 2.5 0.75 21 57 3 0.75 
274981:  Double_t \
  60 -120 486.302 28.5 28.5 0.3 57 12 0.75 6  \
  57 33 0.75 5.5 57 12 0.75 6 
275493:  Double_t \
  60 -120 536.302 28.5 28.5 0.3 12 57 6 0.75  \
  33 57 5.5 0.75 12 57 6 0.75 
276005:  Double_t \
  60 -120 586.302 28.5 28.5 0.3 57 12 0.75 6  \
  57 33 0.75 5.5 57 12 0.75 6 
276517:  Double_t \
  60 -120 636.302 28.5 28.5 0.3 12 57 6 0.75  \
  33 57 5.5 0.75 12 57 6 0.75 
279077:  Double_t \
  120 -120 486.302 28.5 28.5 0.3 57 12 0.75 6  \
  57 33 0.75 5.5 57 12 0.75 6 
279589:  Double_t \
  120 -120 536.302 28.5 28.5 0.3 12 57 6 0.75  \
  33 57 5.5 0.75 12 57 6 0.75 
280101:  Double_t \
  120 -120 586.302 28.5 28.5 0.3 57 12 0.75 6  \
  57 33 0.75 5.5 57 12 0.75 6 
280613:  Double_t \
  120 -120 636.302 28.5 28.5 0.3 12 57 6 0.75  \
  33 57 5.5 0.75 12 57 6 0.75 
291365:  Double_t \
  0 -200 486.302 48 48 0.3 96 36 0.75 12  \
  96 24 0.75 12 96 36 0.75 12 
291877:  Double_t \
  0 -200 536.302 48 48 0.3 36 96 12 0.75  \
  24 96 12 0.75 36 96 12 0.75 
292389:  Double_t \
  0 -200 586.302 48 48 0.3 96 36 0.75 12  \
  96 24 0.75 12 96 36 0.75 12 
292901:  Double_t \
  0 -200 636.302 48 48 0.3 36 96 12 0.75  \
  24 96 12 0.75 36 96 12 0.75 
295461:  Double_t \
  -200 -200 486.302 48 48 0.3 96 32 0.75 16  \
  96 32 0.75 16 96 32 0.75 16 
295973:  Double_t \
  -200 -200 536.302 48 48 0.3 32 96 16 0.75  \
  32 96 16 0.75 32 96 16 0.75 
296485:  Double_t \
  -200 -200 586.302 48 48 0.3 96 32 0.75 16  \
  96 32 0.75 16 96 32 0.75 16 
296997:  Double_t \
  -200 -200 636.302 48 48 0.3 32 96 16 0.75  \
  32 96 16 0.75 32 96 16 0.75 
397861:  Double_t \
  60 -60 486.302 28.5 28.5 0.3 57 27 0.75 1.5  \
  57 3 0.75 1.5 57 27 0.75 1.5 
398373:  Double_t \
  60 -60 536.302 28.5 28.5 0.3 27 57 1.5 0.75  \
  3 57 1.5 0.75 27 57 1.5 0.75 
398885:  Double_t \
  60 -60 586.302 28.5 28.5 0.3 57 27 0.75 1.5  \
  57 3 0.75 1.5 57 27 0.75 1.5 
399397:  Double_t \
  60 -60 636.302 28.5 28.5 0.3 27 57 1.5 0.75  \
  3 57 1.5 0.75 27 57 1.5 0.75 
401957:  Double_t \
  120 0 486.302 28.5 28.5 0.3 57 21 0.75 3  \
  57 15 0.75 2.5 57 21 0.75 3 
402469:  Double_t \
  120 0 536.302 28.5 28.5 0.3 21 57 3 0.75  \
  15 57 2.5 0.75 21 57 3 0.75 
402981:  Double_t \
  120 0 586.302 28.5 28.5 0.3 57 21 0.75 3  \
  57 15 0.75 2.5 57 21 0.75 3 
403493:  Double_t \
  120 0 636.302 28.5 28.5 0.3 21 57 3 0.75  \
  15 57 2.5 0.75 21 57 3 0.75 
406053:  Double_t \
  -120 -60 486.302 28.5 28.5 0.3 57 12 0.75 6  \
  57 33 0.75 5.5 57 12 0.75 6 
406565:  Double_t \
  -120 -60 536.302 28.5 28.5 0.3 12 57 6 0.75  \
  33 57 5.5 0.75 12 57 6 0.75 
407077:  Double_t \
  -120 -60 586.302 28.5 28.5 0.3 57 12 0.75 6  \
  57 33 0.75 5.5 57 12 0.75 6 
407589:  Double_t \
  -120 -60 636.302 28.5 28.5 0.3 12 57 6 0.75  \
  33 57 5.5 0.75 12 57 6 0.75 
410149:  Double_t \
  -120 120 486.302 28.5 28.5 0.3 57 12 0.75 6  \
  57 33 0.75 5.5 57 12 0.75 6 
410661:  Double_t \
  -120 120 536.302 28.5 28.5 0.3 12 57 6 0.75  \
  33 57 5.5 0.75 12 57 6 0.75 
411173:  Double_t \
  -120 120 586.302 28.5 28.5 0.3 57 12 0.75 6  \
  57 33 0.75 5.5 57 12 0.75 6 
411685:  Double_t \
  -120 120 636.302 28.5 28.5 0.3 12 57 6 0.75  \
  33 57 5.5 0.75 12 57 6 0.75 
422437:  Double_t \
  100 -200 486.302 48 48 0.3 96 36 0.75 12  \
  96 24 0.75 12 96 36 0.75 12 
422949:  Double_t \
  100 -200 536.302 48 48 0.3 36 96 12 0.75  \
  24 96 12 0.75 36 96 12 0.75 
423461:  Double_t \
  100 -200 586.302 48 48 0.3 96 36 0.75 12  \
  96 24 0.75 12 96 36 0.75 12 
423973:  Double_t \
  100 -200 636.302 48 48 0.3 36 96 12 0.75  \
  24 96 12 0.75 36 96 12 0.75 
426533:  Double_t \
  200 -200 486.302 48 48 0.3 96 32 0.75 16  \
  96 32 0.75 16 96 32 0.75 16 
427045:  Double_t \
  200 -200 536.302 48 48 0.3 32 96 16 0.75  \
  32 96 16 0.75 32 96 16 0.75 
427557:  Double_t \
  200 -200 586.302 48 48 0.3 96 32 0.75 16  \
  96 32 0.75 16 96 32 0.75 16 
428069:  Double_t \
  200 -200 636.302 48 48 0.3 32 96 16 0.75  \
  32 96 16 0.75 32 96 16 0.75 
528933:  Double_t \
  -60 0 486.302 28.5 28.5 0.3 57 27 0.75 1.5  \
  57 3 0.75 1.5 57 27 0.75 1.5 
529445:  Double_t \
  -60 0 536.302 28.5 28.5 0.3 27 57 1.5 0.75  \
  3 57 1.5 0.75 27 57 1.5 0.75 
529957:  Double_t \
  -60 0 586.302 28.5 28.5 0.3 57 27 0.75 1.5  \
  57 3 0.75 1.5 57 27 0.75 1.5 
530469:  Double_t \
  -60 0 636.302 28.5 28.5 0.3 27 57 1.5 0.75  \
  3 57 1.5 0.75 27 57 1.5 0.75 
533029:  Double_t \
  0 120 486.302 28.5 28.5 0.3 57 21 0.75 3  \
  57 15 0.75 2.5 57 21 0.75 3 
533541:  Double_t \
  0 120 536.302 28.5 28.5 0.3 21 57 3 0.75  \
  15 57 2.5 0.75 21 57 3 0.75 
534053:  Double_t \
  0 120 586.302 28.5 28.5 0.3 57 21 0.75 3  \
  57 15 0.75 2.5 57 21 0.75 3 
534565:  Double_t \
  0 120 636.302 28.5 28.5 0.3 21 57 3 0.75  \
  15 57 2.5 0.75 21 57 3 0.75 
537125:  Double_t \
  120 -60 486.302 28.5 28.5 0.3 57 12 0.75 6  \
  57 33 0.75 5.5 57 12 0.75 6 
537637:  Double_t \
  120 -60 536.302 28.5 28.5 0.3 12 57 6 0.75  \
  33 57 5.5 0.75 12 57 6 0.75 
538149:  Double_t \
  120 -60 586.302 28.5 28.5 0.3 57 12 0.75 6  \
  57 33 0.75 5.5 57 12 0.75 6 
538661:  Double_t \
  120 -60 636.302 28.5 28.5 0.3 12 57 6 0.75  \
  33 57 5.5 0.75 12 57 6 0.75 
541221:  Double_t \
  120 120 486.302 28.5 28.5 0.3 57 12 0.75 6  \
  57 33 0.75 5.5 57 12 0.75 6 
541733:  Double_t \
  120 120 536.302 28.5 28.5 0.3 12 57 6 0.75  \
  33 57 5.5 0.75 12 57 6 0.75 
542245:  Double_t \
  120 120 586.302 28.5 28.5 0.3 57 12 0.75 6  \
  57 33 0.75 5.5 57 12 0.75 6 
542757:  Double_t \
  120 120 636.302 28.5 28.5 0.3 12 57 6 0.75  \
  33 57 5.5 0.75 12 57 6 0.75 
553509:  Double_t \
  -200 -100 486.302 48 48 0.3 96 36 0.75 12  \
  96 24 0.75 12 96 36 0.75 12 
554021:  Double_t \
  -200 -100 536.302 48 48 0.3 36 96 12 0.75  \
  24 96 12 0.75 36 96 12 0.75 
554533:  Double_t \
  -200 -100 586.302 48 48 0.3 96 36 0.75 12  \
  96 24 0.75 12 96 36 0.75 12 
555045:  Double_t \
  -200 -100 636.302 48 48 0.3 36 96 12 0.75  \
  24 96 12 0.75 36 96 12 0.75 
557605:  Double_t \
  300 -200 486.302 48 48 0.3 96 32 0.75 16  \
  96 32 0.75 16 96 32 0.75 16 
558117:  Double_t \
  300 -200 536.302 48 48 0.3 32 96 16 0.75  \
  32 96 16 0.75 32 96 16 0.75 
558629:  Double_t \
  300 -200 586.302 48 48 0.3 96 32 0.75 16  \
  96 32 0.75 16 96 32 0.75 16 
559141:  Double_t \
  300 -200 636.302 48 48 0.3 32 96 16 0.75  \
  32 96 16 0.75 32 96 16 0.75 
660005:  Double_t \
  60 0 486.302 28.5 28.5 0.3 57 27 0.75 1.5  \
  57 3 0.75 1.5 57 27 0.75 1.5 
660517:  Double_t \
  60 0 536.302 28.5 28.5 0.3 27 57 1.5 0.75  \
  3 57 1.5 0.75 27 57 1.5 0.75 
661029:  Double_t \
  60 0 586.302 28.5 28.5 0.3 57 27 0.75 1.5  \
  57 3 0.75 1.5 57 27 0.75 1.5 
661541:  Double_t \
  60 0 636.302 28.5 28.5 0.3 27 57 1.5 0.75  \
  3 57 1.5 0.75 27 57 1.5 0.75 
668197:  Double_t \
  -120 60 486.302 28.5 28.5 0.3 57 12 0.75 6  \
  57 33 0.75 5.5 57 12 0.75 6 
668709:  Double_t \
  -120 60 536.302 28.5 28.5 0.3 12 57 6 0.75  \
  33 57 5.5 0.75 12 57 6 0.75 
669221:  Double_t \
  -120 60 586.302 28.5 28.5 0.3 57 12 0.75 6  \
  57 33 0.75 5.5 57 12 0.75 6 
669733:  Double_t \
  -120 60 636.302 28.5 28.5 0.3 12 57 6 0.75  \
  33 57 5.5 0.75 12 57 6 0.75 
684581:  Double_t \
  200 -100 486.302 48 48 0.3 96 36 0.75 12  \
  96 24 0.75 12 96 36 0.75 12 
685093:  Double_t \
  200 -100 536.302 48 48 0.3 36 96 12 0.75  \
  24 96 12 0.75 36 96 12 0.75 
685605:  Double_t \
  200 -100 586.302 48 48 0.3 96 36 0.75 12  \
  96 24 0.75 12 96 36 0.75 12 
686117:  Double_t \
  200 -100 636.302 48 48 0.3 36 96 12 0.75  \
  24 96 12 0.75 36 96 12 0.75 
688677:  Double_t \
  -300 -100 486.302 48 48 0.3 96 32 0.75 16  \
  96 32 0.75 16 96 32 0.75 16 
689189:  Double_t \
  -300 -100 536.302 48 48 0.3 32 96 16 0.75  \
  32 96 16 0.75 32 96 16 0.75 
689701:  Double_t \
  -300 -100 586.302 48 48 0.3 96 32 0.75 16  \
  96 32 0.75 16 96 32 0.75 16 
690213:  Double_t \
  -300 -100 636.302 48 48 0.3 32 96 16 0.75  \
  32 96 16 0.75 32 96 16 0.75 
791077:  Double_t \
  -60 60 486.302 28.5 28.5 0.3 57 27 0.75 1.5  \
  57 3 0.75 1.5 57 27 0.75 1.5 
791589:  Double_t \
  -60 60 536.302 28.5 28.5 0.3 27 57 1.5 0.75  \
  3 57 1.5 0.75 27 57 1.5 0.75 
792101:  Double_t \
  -60 60 586.302 28.5 28.5 0.3 57 27 0.75 1.5  \
  57 3 0.75 1.5 57 27 0.75 1.5 
792613:  Double_t \
  -60 60 636.302 28.5 28.5 0.3 27 57 1.5 0.75  \
  3 57 1.5 0.75 27 57 1.5 0.75 
799269:  Double_t \
  120 60 486.302 28.5 28.5 0.3 57 12 0.75 6  \
  57 33 0.75 5.5 57 12 0.75 6 
799781:  Double_t \
  120 60 536.302 28.5 28.5 0.3 12 57 6 0.75  \
  33 57 5.5 0.75 12 57 6 0.75 
800293:  Double_t \
  120 60 586.302 28.5 28.5 0.3 57 12 0.75 6  \
  57 33 0.75 5.5 57 12 0.75 6 
800805:  Double_t \
  120 60 636.302 28.5 28.5 0.3 12 57 6 0.75  \
  33 57 5.5 0.75 12 57 6 0.75 
815653:  Double_t \
  -200 0 486.302 48 48 0.3 96 36 0.75 12  \
  96 24 0.75 12 96 36 0.75 12 
816165:  Double_t \
  -200 0 536.302 48 48 0.3 36 96 12 0.75  \
  24 96 12 0.75 36 96 12 0.75 
816677:  Double_t \
  -200 0 586.302 48 48 0.3 96 36 0.75 12  \
  96 24 0.75 12 96 36 0.75 12 
817189:  Double_t \
  -200 0 636.302 48 48 0.3 36 96 12 0.75  \
  24 96 12 0.75 36 96 12 0.75 
819749:  Double_t \
  300 -100 486.302 48 48 0.3 96 32 0.75 16  \
  96 32 0.75 16 96 32 0.75 16 
820261:  Double_t \
  300 -100 536.302 48 48 0.3 32 96 16 0.75  \
  32 96 16 0.75 32 96 16 0.75 
820773:  Double_t \
  300 -100 586.302 48 48 0.3 96 32 0.75 16  \
  96 32 0.75 16 96 32 0.75 16 
821285:  Double_t \
  300 -100 636.302 48 48 0.3 32 96 16 0.75  \
  32 96 16 0.75 32 96 16 0.75 
922149:  Double_t \
  0 60 486.302 28.5 28.5 0.3 57 27 0.75 1.5  \
  57 3 0.75 1.5 57 27 0.75 1.5 
922661:  Double_t \
  0 60 536.302 28.5 28.5 0.3 27 57 1.5 0.75  \
  3 57 1.5 0.75 27 57 1.5 0.75 
923173:  Double_t \
  0 60 586.302 28.5 28.5 0.3 57 27 0.75 1.5  \
  57 3 0.75 1.5 57 27 0.75 1.5 
923685:  Double_t \
  0 60 636.302 28.5 28.5 0.3 27 57 1.5 0.75  \
  3 57 1.5 0.75 27 57 1.5 0.75 
930341:  Double_t \
  -60 120 486.302 28.5 28.5 0.3 57 12 0.75 6  \
  57 33 0.75 5.5 57 12 0.75 6 
930853:  Double_t \
  -60 120 536.302 28.5 28.5 0.3 12 57 6 0.75  \
  33 57 5.5 0.75 12 57 6 0.75 
931365:  Double_t \
  -60 120 586.302 28.5 28.5 0.3 57 12 0.75 6  \
  57 33 0.75 5.5 57 12 0.75 6 
931877:  Double_t \
  -60 120 636.302 28.5 28.5 0.3 12 57 6 0.75  \
  33 57 5.5 0.75 12 57 6 0.75 
946725:  Double_t \
  200 0 486.302 48 48 0.3 96 36 0.75 12  \
  96 24 0.75 12 96 36 0.75 12 
947237:  Double_t \
  200 0 536.302 48 48 0.3 36 96 12 0.75  \
  24 96 12 0.75 36 96 12 0.75 
947749:  Double_t \
  200 0 586.302 48 48 0.3 96 36 0.75 12  \
  96 24 0.75 12 96 36 0.75 12 
948261:  Double_t \
  200 0 636.302 48 48 0.3 36 96 12 0.75  \
  24 96 12 0.75 36 96 12 0.75 
950821:  Double_t \
  -300 0 486.302 48 48 0.3 96 32 0.75 16  \
  96 32 0.75 16 96 32 0.75 16 
951333:  Double_t \
  -300 0 536.302 48 48 0.3 32 96 16 0.75  \
  32 96 16 0.75 32 96 16 0.75 
951845:  Double_t \
  -300 0 586.302 48 48 0.3 96 32 0.75 16  \
  96 32 0.75 16 96 32 0.75 16 
952357:  Double_t \
  -300 0 636.302 48 48 0.3 32 96 16 0.75  \
  32 96 16 0.75 32 96 16 0.75 
1053221:  Double_t \
  60 60 486.302 28.5 28.5 0.3 57 27 0.75 1.5  \
  57 3 0.75 1.5 57 27 0.75 1.5 
1053733:  Double_t \
  60 60 536.302 28.5 28.5 0.3 27 57 1.5 0.75  \
  3 57 1.5 0.75 27 57 1.5 0.75 
1054245:  Double_t \
  60 60 586.302 28.5 28.5 0.3 57 27 0.75 1.5  \
  57 3 0.75 1.5 57 27 0.75 1.5 
1054757:  Double_t \
  60 60 636.302 28.5 28.5 0.3 27 57 1.5 0.75  \
  3 57 1.5 0.75 27 57 1.5 0.75 
1061413:  Double_t \
  60 120 486.302 28.5 28.5 0.3 57 12 0.75 6  \
  57 33 0.75 5.5 57 12 0.75 6 
1061925:  Double_t \
  60 120 536.302 28.5 28.5 0.3 12 57 6 0.75  \
  33 57 5.5 0.75 12 57 6 0.75 
1062437:  Double_t \
  60 120 586.302 28.5 28.5 0.3 57 12 0.75 6  \
  57 33 0.75 5.5 57 12 0.75 6 
1062949:  Double_t \
  60 120 636.302 28.5 28.5 0.3 12 57 6 0.75  \
  33 57 5.5 0.75 12 57 6 0.75 
1077797:  Double_t \
  -200 100 486.302 48 48 0.3 96 36 0.75 12  \
  96 24 0.75 12 96 36 0.75 12 
1078309:  Double_t \
  -200 100 536.302 48 48 0.3 36 96 12 0.75  \
  24 96 12 0.75 36 96 12 0.75 
1078821:  Double_t \
  -200 100 586.302 48 48 0.3 96 36 0.75 12  \
  96 24 0.75 12 96 36 0.75 12 
1079333:  Double_t \
  -200 100 636.302 48 48 0.3 36 96 12 0.75  \
  24 96 12 0.75 36 96 12 0.75 
1081893:  Double_t \
  300 0 486.302 48 48 0.3 96 32 0.75 16  \
  96 32 0.75 16 96 32 0.75 16 
1082405:  Double_t \
  300 0 536.302 48 48 0.3 32 96 16 0.75  \
  32 96 16 0.75 32 96 16 0.75 
1082917:  Double_t \
  300 0 586.302 48 48 0.3 96 32 0.75 16  \
  96 32 0.75 16 96 32 0.75 16 
1083429:  Double_t \
  300 0 636.302 48 48 0.3 32 96 16 0.75  \
  32 96 16 0.75 32 96 16 0.75 
1208869:  Double_t \
  200 100 486.302 48 48 0.3 96 36 0.75 12  \
  96 24 0.75 12 96 36 0.75 12 
1209381:  Double_t \
  200 100 536.302 48 48 0.3 36 96 12 0.75  \
  24 96 12 0.75 36 96 12 0.75 
1209893:  Double_t \
  200 100 586.302 48 48 0.3 96 36 0.75 12  \
  96 24 0.75 12 96 36 0.75 12 
1210405:  Double_t \
  200 100 636.302 48 48 0.3 36 96 12 0.75  \
  24 96 12 0.75 36 96 12 0.75 
1212965:  Double_t \
  -300 100 486.302 48 48 0.3 96 32 0.75 16  \
  96 32 0.75 16 96 32 0.75 16 
1213477:  Double_t \
  -300 100 536.302 48 48 0.3 32 96 16 0.75  \
  32 96 16 0.75 32 96 16 0.75 
1213989:  Double_t \
  -300 100 586.302 48 48 0.3 96 32 0.75 16  \
  96 32 0.75 16 96 32 0.75 16 
1214501:  Double_t \
  -300 100 636.302 48 48 0.3 32 96 16 0.75  \
  32 96 16 0.75 32 96 16 0.75 
1339941:  Double_t \
  -100 200 486.302 48 48 0.3 96 36 0.75 12  \
  96 24 0.75 12 96 36 0.75 12 
1340453:  Double_t \
  -100 200 536.302 48 48 0.3 36 96 12 0.75  \
  24 96 12 0.75 36 96 12 0.75 
1340965:  Double_t \
  -100 200 586.302 48 48 0.3 96 36 0.75 12  \
  96 24 0.75 12 96 36 0.75 12 
1341477:  Double_t \
  -100 200 636.302 48 48 0.3 36 96 12 0.75  \
  24 96 12 0.75 36 96 12 0.75 
1344037:  Double_t \
  300 100 486.302 48 48 0.3 96 32 0.75 16  \
  96 32 0.75 16 96 32 0.75 16 
1344549:  Double_t \
  300 100 536.302 48 48 0.3 32 96 16 0.75  \
  32 96 16 0.75 32 96 16 0.75 
1345061:  Double_t \
  300 100 586.302 48 48 0.3 96 32 0.75 16  \
  96 32 0.75 16 96 32 0.75 16 
1345573:  Double_t \
  300 100 636.302 48 48 0.3 32 96 16 0.75  \
  32 96 16 0.75 32 96 16 0.75 
1471013:  Double_t \
  0 200 486.302 48 48 0.3 96 36 0.75 12  \
  96 24 0.75 12 96 36 0.75 12 
1471525:  Double_t \
  0 200 536.302 48 48 0.3 36 96 12 0.75  \
  24 96 12 0.75 36 96 12 0.75 
1472037:  Double_t \
  0 200 586.302 48 48 0.3 96 36 0.75 12  \
  96 24 0.75 12 96 36 0.75 12 
1472549:  Double_t \
  0 200 636.302 48 48 0.3 36 96 12 0.75  \
  24 96 12 0.75 36 96 12 0.75 
1475109:  Double_t \
  -300 200 486.302 48 48 0.3 96 32 0.75 16  \
  96 32 0.75 16 96 32 0.75 16 
1475621:  Double_t \
  -300 200 536.302 48 48 0.3 32 96 16 0.75  \
  32 96 16 0.75 32 96 16 0.75 
1476133:  Double_t \
  -300 200 586.302 48 48 0.3 96 32 0.75 16  \
  96 32 0.75 16 96 32 0.75 16 
1476645:  Double_t \
  -300 200 636.302 48 48 0.3 32 96 16 0.75  \
  32 96 16 0.75 32 96 16 0.75 
1602085:  Double_t \
  100 200 486.302 48 48 0.3 96 36 0.75 12  \
  96 24 0.75 12 96 36 0.75 12 
1602597:  Double_t \
  100 200 536.302 48 48 0.3 36 96 12 0.75  \
  24 96 12 0.75 36 96 12 0.75 
1603109:  Double_t \
  100 200 586.302 48 48 0.3 96 36 0.75 12  \
  96 24 0.75 12 96 36 0.75 12 
1603621:  Double_t \
  100 200 636.302 48 48 0.3 36 96 12 0.75  \
  24 96 12 0.75 36 96 12 0.75 
1606181:  Double_t \
  -200 200 486.302 48 48 0.3 96 32 0.75 16  \
  96 32 0.75 16 96 32 0.75 16 
1606693:  Double_t \
  -200 200 536.302 48 48 0.3 32 96 16 0.75  \
  32 96 16 0.75 32 96 16 0.75 
1607205:  Double_t \
  -200 200 586.302 48 48 0.3 96 32 0.75 16  \
  96 32 0.75 16 96 32 0.75 16 
1607717:  Double_t \
  -200 200 636.302 48 48 0.3 32 96 16 0.75  \
  32 96 16 0.75 32 96 16 0.75 
1737253:  Double_t \
  200 200 486.302 48 48 0.3 96 32 0.75 16  \
  96 32 0.75 16 96 32 0.75 16 
1737765:  Double_t \
  200 200 536.302 48 48 0.3 32 96 16 0.75  \
  32 96 16 0.75 32 96 16 0.75 
1738277:  Double_t \
  200 200 586.302 48 48 0.3 96 32 0.75 16  \
  96 32 0.75 16 96 32 0.75 16 
1738789:  Double_t \
  200 200 636.302 48 48 0.3 32 96 16 0.75  \
  32 96 16 0.75 32 96 16 0.75 
1868325:  Double_t \
  300 200 486.302 48 48 0.3 96 32 0.75 16  \
  96 32 0.75 16 96 32 0.75 16 
1868837:  Double_t \
  300 200 536.302 48 48 0.3 32 96 16 0.75  \
  32 96 16 0.75 32 96 16 0.75 
1869349:  Double_t \
  300 200 586.302 48 48 0.3 96 32 0.75 16  \
  96 32 0.75 16 96 32 0.75 16 
1869861:  Double_t \
  300 200 636.302 48 48 0.3 32 96 16 0.75  \
  32 96 16 0.75 32 96 16 0.75 