##############################################################################
# Class:   CbmTrdDigiPar
# Context: TestDefaultContext
##############################################################################
[CbmTrdDigiPar]
//----------------------------------------------------------------------------
NrOfModules:  Int_t  200 
MaxSectors:  Int_t  3 
ModuleIdArray:  Int_t \
  5 21 37 53 261 277 293 309 517 533  \
  549 565 773 789 805 821 1029 1045 1061 1077  \
  1285 1301 1317 1333 1541 1557 1573 1589 1797 1813  \
  1829 1845 2053 2069 2085 2101 2309 2325 2341 2357  \
  2565 2581 2597 2613 2821 2837 2853 2869 3077 3093  \
  3109 3125 3333 3349 3365 3381 3589 3605 3621 3637  \
  3845 3861 3877 3893 4101 4117 4133 4149 4357 4373  \
  4389 4405 4613 4629 4645 4661 4869 4885 4901 4917  \
  5125 5141 5157 5173 5381 5397 5413 5429 5637 5653  \
  5669 5685 5893 5909 5925 5941 6149 6165 6181 6197  \
  6405 6421 6437 6453 6661 6677 6693 6709 6917 6933  \
  6949 6965 7173 7189 7205 7221 7429 7445 7461 7477  \
  7685 7701 7717 7733 7941 7957 7973 7989 8197 8213  \
  8229 8245 8453 8469 8485 8501 8709 8725 8741 8757  \
  8965 8981 8997 9013 9221 9237 9253 9269 9477 9493  \
  9509 9525 9733 9749 9765 9781 9989 10005 10021 10037  \
  10245 10261 10277 10293 10501 10517 10533 10549 10757 10773  \
  10789 10805 11013 11029 11045 11061 11269 11285 11301 11317  \
  11525 11541 11557 11573 11781 11797 11813 11829 12037 12053  \
  12069 12085 12293 12309 12325 12341 12549 12565 12581 12597 
5:  Double_t \
  0 -57 -57 291.6 27 27 0.6 54 18 18  \
  18 54 18 18 18 54 18 18 18 
21:  Double_t \
  3 -57 -57 336.6 27 27 0.6 54 18 18  \
  18 54 18 18 18 54 18 18 18 
37:  Double_t \
  0 -57 -57 381.6 27 27 0.6 54 18 18  \
  18 54 18 18 18 54 18 18 18 
53:  Double_t \
  3 -57 -57 426.6 27 27 0.6 54 18 18  \
  18 54 18 18 18 54 18 18 18 
261:  Double_t \
  0 0 -57 291.6 27 27 0.6 54 18 18  \
  18 54 18 18 18 54 18 18 18 
277:  Double_t \
  1 0 -57 336.6 27 27 0.6 54 18 18  \
  18 54 18 18 18 54 18 18 18 
293:  Double_t \
  0 0 -57 381.6 27 27 0.6 54 18 18  \
  18 54 18 18 18 54 18 18 18 
309:  Double_t \
  1 0 -57 426.6 27 27 0.6 54 18 18  \
  18 54 18 18 18 54 18 18 18 
517:  Double_t \
  0 57 -57 291.6 27 27 0.6 54 18 18  \
  18 54 18 18 18 54 18 18 18 
533:  Double_t \
  1 57 -57 336.6 27 27 0.6 54 18 18  \
  18 54 18 18 18 54 18 18 18 
549:  Double_t \
  0 57 -57 381.6 27 27 0.6 54 18 18  \
  18 54 18 18 18 54 18 18 18 
565:  Double_t \
  1 57 -57 426.6 27 27 0.6 54 18 18  \
  18 54 18 18 18 54 18 18 18 
773:  Double_t \
  0 -57 0 291.6 27 27 0.6 54 18 18  \
  18 54 18 18 18 54 18 18 18 
789:  Double_t \
  3 -57 0 336.6 27 27 0.6 54 18 18  \
  18 54 18 18 18 54 18 18 18 
805:  Double_t \
  0 -57 0 381.6 27 27 0.6 54 18 18  \
  18 54 18 18 18 54 18 18 18 
821:  Double_t \
  3 -57 0 426.6 27 27 0.6 54 18 18  \
  18 54 18 18 18 54 18 18 18 
1029:  Double_t \
  0 57 0 291.6 27 27 0.6 54 18 18  \
  18 54 18 18 18 54 18 18 18 
1045:  Double_t \
  1 57 0 336.6 27 27 0.6 54 18 18  \
  18 54 18 18 18 54 18 18 18 
1061:  Double_t \
  0 57 0 381.6 27 27 0.6 54 18 18  \
  18 54 18 18 18 54 18 18 18 
1077:  Double_t \
  1 57 0 426.6 27 27 0.6 54 18 18  \
  18 54 18 18 18 54 18 18 18 
1285:  Double_t \
  2 -57 57 291.6 27 27 0.6 54 18 18  \
  18 54 18 18 18 54 18 18 18 
1301:  Double_t \
  3 -57 57 336.6 27 27 0.6 54 18 18  \
  18 54 18 18 18 54 18 18 18 
1317:  Double_t \
  2 -57 57 381.6 27 27 0.6 54 18 18  \
  18 54 18 18 18 54 18 18 18 
1333:  Double_t \
  3 -57 57 426.6 27 27 0.6 54 18 18  \
  18 54 18 18 18 54 18 18 18 
1541:  Double_t \
  2 0 57 291.6 27 27 0.6 54 18 18  \
  18 54 18 18 18 54 18 18 18 
1557:  Double_t \
  1 0 57 336.6 27 27 0.6 54 18 18  \
  18 54 18 18 18 54 18 18 18 
1573:  Double_t \
  2 0 57 381.6 27 27 0.6 54 18 18  \
  18 54 18 18 18 54 18 18 18 
1589:  Double_t \
  1 0 57 426.6 27 27 0.6 54 18 18  \
  18 54 18 18 18 54 18 18 18 
1797:  Double_t \
  2 57 57 291.6 27 27 0.6 54 18 18  \
  18 54 18 18 18 54 18 18 18 
1813:  Double_t \
  1 57 57 336.6 27 27 0.6 54 18 18  \
  18 54 18 18 18 54 18 18 18 
1829:  Double_t \
  2 57 57 381.6 27 27 0.6 54 18 18  \
  18 54 18 18 18 54 18 18 18 
1845:  Double_t \
  1 57 57 426.6 27 27 0.6 54 18 18  \
  18 54 18 18 18 54 18 18 18 
2053:  Double_t \
  0 0 -114 291.6 27 27 0.6 54 13.5 13.5  \
  13.5 54 27 13.5 13.5 54 13.5 13.5 13.5 
2069:  Double_t \
  1 0 -114 336.6 27 27 0.6 54 13.5 13.5  \
  13.5 54 27 13.5 13.5 54 13.5 13.5 13.5 
2085:  Double_t \
  0 0 -114 381.6 27 27 0.6 54 13.5 13.5  \
  13.5 54 27 13.5 13.5 54 13.5 13.5 13.5 
2101:  Double_t \
  1 0 -114 426.6 27 27 0.6 54 13.5 13.5  \
  13.5 54 27 13.5 13.5 54 13.5 13.5 13.5 
2309:  Double_t \
  0 -114 0 291.6 27 27 0.6 54 13.5 13.5  \
  13.5 54 27 13.5 13.5 54 13.5 13.5 13.5 
2325:  Double_t \
  3 -114 0 336.6 27 27 0.6 54 13.5 13.5  \
  13.5 54 27 13.5 13.5 54 13.5 13.5 13.5 
2341:  Double_t \
  0 -114 0 381.6 27 27 0.6 54 13.5 13.5  \
  13.5 54 27 13.5 13.5 54 13.5 13.5 13.5 
2357:  Double_t \
  3 -114 0 426.6 27 27 0.6 54 13.5 13.5  \
  13.5 54 27 13.5 13.5 54 13.5 13.5 13.5 
2565:  Double_t \
  0 114 0 291.6 27 27 0.6 54 13.5 13.5  \
  13.5 54 27 13.5 13.5 54 13.5 13.5 13.5 
2581:  Double_t \
  1 114 0 336.6 27 27 0.6 54 13.5 13.5  \
  13.5 54 27 13.5 13.5 54 13.5 13.5 13.5 
2597:  Double_t \
  0 114 0 381.6 27 27 0.6 54 13.5 13.5  \
  13.5 54 27 13.5 13.5 54 13.5 13.5 13.5 
2613:  Double_t \
  1 114 0 426.6 27 27 0.6 54 13.5 13.5  \
  13.5 54 27 13.5 13.5 54 13.5 13.5 13.5 
2821:  Double_t \
  2 0 114 291.6 27 27 0.6 54 13.5 13.5  \
  13.5 54 27 13.5 13.5 54 13.5 13.5 13.5 
2837:  Double_t \
  1 0 114 336.6 27 27 0.6 54 13.5 13.5  \
  13.5 54 27 13.5 13.5 54 13.5 13.5 13.5 
2853:  Double_t \
  2 0 114 381.6 27 27 0.6 54 13.5 13.5  \
  13.5 54 27 13.5 13.5 54 13.5 13.5 13.5 
2869:  Double_t \
  1 0 114 426.6 27 27 0.6 54 13.5 13.5  \
  13.5 54 27 13.5 13.5 54 13.5 13.5 13.5 
3077:  Double_t \
  0 -57 -114 291.6 27 27 0.6 54 21.6 10.8  \
  10.8 54 10.8 10.8 10.8 54 21.6 10.8 10.8 
3093:  Double_t \
  3 -57 -114 336.6 27 27 0.6 54 21.6 10.8  \
  10.8 54 10.8 10.8 10.8 54 21.6 10.8 10.8 
3109:  Double_t \
  0 -57 -114 381.6 27 27 0.6 54 21.6 10.8  \
  10.8 54 10.8 10.8 10.8 54 21.6 10.8 10.8 
3125:  Double_t \
  3 -57 -114 426.6 27 27 0.6 54 21.6 10.8  \
  10.8 54 10.8 10.8 10.8 54 21.6 10.8 10.8 
3333:  Double_t \
  0 57 -114 291.6 27 27 0.6 54 21.6 10.8  \
  10.8 54 10.8 10.8 10.8 54 21.6 10.8 10.8 
3349:  Double_t \
  1 57 -114 336.6 27 27 0.6 54 21.6 10.8  \
  10.8 54 10.8 10.8 10.8 54 21.6 10.8 10.8 
3365:  Double_t \
  0 57 -114 381.6 27 27 0.6 54 21.6 10.8  \
  10.8 54 10.8 10.8 10.8 54 21.6 10.8 10.8 
3381:  Double_t \
  1 57 -114 426.6 27 27 0.6 54 21.6 10.8  \
  10.8 54 10.8 10.8 10.8 54 21.6 10.8 10.8 
3589:  Double_t \
  0 -114 -57 291.6 27 27 0.6 54 21.6 10.8  \
  10.8 54 10.8 10.8 10.8 54 21.6 10.8 10.8 
3605:  Double_t \
  3 -114 -57 336.6 27 27 0.6 54 21.6 10.8  \
  10.8 54 10.8 10.8 10.8 54 21.6 10.8 10.8 
3621:  Double_t \
  0 -114 -57 381.6 27 27 0.6 54 21.6 10.8  \
  10.8 54 10.8 10.8 10.8 54 21.6 10.8 10.8 
3637:  Double_t \
  3 -114 -57 426.6 27 27 0.6 54 21.6 10.8  \
  10.8 54 10.8 10.8 10.8 54 21.6 10.8 10.8 
3845:  Double_t \
  0 114 -57 291.6 27 27 0.6 54 21.6 10.8  \
  10.8 54 10.8 10.8 10.8 54 21.6 10.8 10.8 
3861:  Double_t \
  1 114 -57 336.6 27 27 0.6 54 21.6 10.8  \
  10.8 54 10.8 10.8 10.8 54 21.6 10.8 10.8 
3877:  Double_t \
  0 114 -57 381.6 27 27 0.6 54 21.6 10.8  \
  10.8 54 10.8 10.8 10.8 54 21.6 10.8 10.8 
3893:  Double_t \
  1 114 -57 426.6 27 27 0.6 54 21.6 10.8  \
  10.8 54 10.8 10.8 10.8 54 21.6 10.8 10.8 
4101:  Double_t \
  2 -114 57 291.6 27 27 0.6 54 21.6 10.8  \
  10.8 54 10.8 10.8 10.8 54 21.6 10.8 10.8 
4117:  Double_t \
  3 -114 57 336.6 27 27 0.6 54 21.6 10.8  \
  10.8 54 10.8 10.8 10.8 54 21.6 10.8 10.8 
4133:  Double_t \
  2 -114 57 381.6 27 27 0.6 54 21.6 10.8  \
  10.8 54 10.8 10.8 10.8 54 21.6 10.8 10.8 
4149:  Double_t \
  3 -114 57 426.6 27 27 0.6 54 21.6 10.8  \
  10.8 54 10.8 10.8 10.8 54 21.6 10.8 10.8 
4357:  Double_t \
  2 114 57 291.6 27 27 0.6 54 21.6 10.8  \
  10.8 54 10.8 10.8 10.8 54 21.6 10.8 10.8 
4373:  Double_t \
  1 114 57 336.6 27 27 0.6 54 21.6 10.8  \
  10.8 54 10.8 10.8 10.8 54 21.6 10.8 10.8 
4389:  Double_t \
  2 114 57 381.6 27 27 0.6 54 21.6 10.8  \
  10.8 54 10.8 10.8 10.8 54 21.6 10.8 10.8 
4405:  Double_t \
  1 114 57 426.6 27 27 0.6 54 21.6 10.8  \
  10.8 54 10.8 10.8 10.8 54 21.6 10.8 10.8 
4613:  Double_t \
  2 -57 114 291.6 27 27 0.6 54 21.6 10.8  \
  10.8 54 10.8 10.8 10.8 54 21.6 10.8 10.8 
4629:  Double_t \
  3 -57 114 336.6 27 27 0.6 54 21.6 10.8  \
  10.8 54 10.8 10.8 10.8 54 21.6 10.8 10.8 
4645:  Double_t \
  2 -57 114 381.6 27 27 0.6 54 21.6 10.8  \
  10.8 54 10.8 10.8 10.8 54 21.6 10.8 10.8 
4661:  Double_t \
  3 -57 114 426.6 27 27 0.6 54 21.6 10.8  \
  10.8 54 10.8 10.8 10.8 54 21.6 10.8 10.8 
4869:  Double_t \
  2 57 114 291.6 27 27 0.6 54 21.6 10.8  \
  10.8 54 10.8 10.8 10.8 54 21.6 10.8 10.8 
4885:  Double_t \
  1 57 114 336.6 27 27 0.6 54 21.6 10.8  \
  10.8 54 10.8 10.8 10.8 54 21.6 10.8 10.8 
4901:  Double_t \
  2 57 114 381.6 27 27 0.6 54 21.6 10.8  \
  10.8 54 10.8 10.8 10.8 54 21.6 10.8 10.8 
4917:  Double_t \
  1 57 114 426.6 27 27 0.6 54 21.6 10.8  \
  10.8 54 10.8 10.8 10.8 54 21.6 10.8 10.8 
5125:  Double_t \
  0 -114 -114 291.6 27 27 0.6 54 9 9  \
  9 54 36 9 9 54 9 9 9 
5141:  Double_t \
  3 -114 -114 336.6 27 27 0.6 54 9 9  \
  9 54 36 9 9 54 9 9 9 
5157:  Double_t \
  0 -114 -114 381.6 27 27 0.6 54 9 9  \
  9 54 36 9 9 54 9 9 9 
5173:  Double_t \
  3 -114 -114 426.6 27 27 0.6 54 9 9  \
  9 54 36 9 9 54 9 9 9 
5381:  Double_t \
  0 114 -114 291.6 27 27 0.6 54 9 9  \
  9 54 36 9 9 54 9 9 9 
5397:  Double_t \
  1 114 -114 336.6 27 27 0.6 54 9 9  \
  9 54 36 9 9 54 9 9 9 
5413:  Double_t \
  0 114 -114 381.6 27 27 0.6 54 9 9  \
  9 54 36 9 9 54 9 9 9 
5429:  Double_t \
  1 114 -114 426.6 27 27 0.6 54 9 9  \
  9 54 36 9 9 54 9 9 9 
5637:  Double_t \
  2 -114 114 291.6 27 27 0.6 54 9 9  \
  9 54 36 9 9 54 9 9 9 
5653:  Double_t \
  3 -114 114 336.6 27 27 0.6 54 9 9  \
  9 54 36 9 9 54 9 9 9 
5669:  Double_t \
  2 -114 114 381.6 27 27 0.6 54 9 9  \
  9 54 36 9 9 54 9 9 9 
5685:  Double_t \
  3 -114 114 426.6 27 27 0.6 54 9 9  \
  9 54 36 9 9 54 9 9 9 
5893:  Double_t \
  2 114 114 291.6 27 27 0.6 54 9 9  \
  9 54 36 9 9 54 9 9 9 
5909:  Double_t \
  1 114 114 336.6 27 27 0.6 54 9 9  \
  9 54 36 9 9 54 9 9 9 
5925:  Double_t \
  2 114 114 381.6 27 27 0.6 54 9 9  \
  9 54 36 9 9 54 9 9 9 
5941:  Double_t \
  1 114 114 426.6 27 27 0.6 54 9 9  \
  9 54 36 9 9 54 9 9 9 
6149:  Double_t \
  0 -95 -190 291.6 45.5 45.5 0.6 91 26 13  \
  13 91 39 13 13 91 26 13 13 
6165:  Double_t \
  3 -95 -190 336.6 45.5 45.5 0.6 91 26 13  \
  13 91 39 13 13 91 26 13 13 
6181:  Double_t \
  0 -95 -190 381.6 45.5 45.5 0.6 91 26 13  \
  13 91 39 13 13 91 26 13 13 
6197:  Double_t \
  3 -95 -190 426.6 45.5 45.5 0.6 91 26 13  \
  13 91 39 13 13 91 26 13 13 
6405:  Double_t \
  0 0 -190 291.6 45.5 45.5 0.6 91 26 13  \
  13 91 39 13 13 91 26 13 13 
6421:  Double_t \
  1 0 -190 336.6 45.5 45.5 0.6 91 26 13  \
  13 91 39 13 13 91 26 13 13 
6437:  Double_t \
  0 0 -190 381.6 45.5 45.5 0.6 91 26 13  \
  13 91 39 13 13 91 26 13 13 
6453:  Double_t \
  1 0 -190 426.6 45.5 45.5 0.6 91 26 13  \
  13 91 39 13 13 91 26 13 13 
6661:  Double_t \
  0 95 -190 291.6 45.5 45.5 0.6 91 26 13  \
  13 91 39 13 13 91 26 13 13 
6677:  Double_t \
  1 95 -190 336.6 45.5 45.5 0.6 91 26 13  \
  13 91 39 13 13 91 26 13 13 
6693:  Double_t \
  0 95 -190 381.6 45.5 45.5 0.6 91 26 13  \
  13 91 39 13 13 91 26 13 13 
6709:  Double_t \
  1 95 -190 426.6 45.5 45.5 0.6 91 26 13  \
  13 91 39 13 13 91 26 13 13 
6917:  Double_t \
  0 -190 -95 291.6 45.5 45.5 0.6 91 26 13  \
  13 91 39 13 13 91 26 13 13 
6933:  Double_t \
  3 -190 -95 336.6 45.5 45.5 0.6 91 26 13  \
  13 91 39 13 13 91 26 13 13 
6949:  Double_t \
  0 -190 -95 381.6 45.5 45.5 0.6 91 26 13  \
  13 91 39 13 13 91 26 13 13 
6965:  Double_t \
  3 -190 -95 426.6 45.5 45.5 0.6 91 26 13  \
  13 91 39 13 13 91 26 13 13 
7173:  Double_t \
  0 190 -95 291.6 45.5 45.5 0.6 91 26 13  \
  13 91 39 13 13 91 26 13 13 
7189:  Double_t \
  1 190 -95 336.6 45.5 45.5 0.6 91 26 13  \
  13 91 39 13 13 91 26 13 13 
7205:  Double_t \
  0 190 -95 381.6 45.5 45.5 0.6 91 26 13  \
  13 91 39 13 13 91 26 13 13 
7221:  Double_t \
  1 190 -95 426.6 45.5 45.5 0.6 91 26 13  \
  13 91 39 13 13 91 26 13 13 
7429:  Double_t \
  0 -190 0 291.6 45.5 45.5 0.6 91 26 13  \
  13 91 39 13 13 91 26 13 13 
7445:  Double_t \
  3 -190 0 336.6 45.5 45.5 0.6 91 26 13  \
  13 91 39 13 13 91 26 13 13 
7461:  Double_t \
  0 -190 0 381.6 45.5 45.5 0.6 91 26 13  \
  13 91 39 13 13 91 26 13 13 
7477:  Double_t \
  3 -190 0 426.6 45.5 45.5 0.6 91 26 13  \
  13 91 39 13 13 91 26 13 13 
7685:  Double_t \
  0 190 0 291.6 45.5 45.5 0.6 91 26 13  \
  13 91 39 13 13 91 26 13 13 
7701:  Double_t \
  1 190 0 336.6 45.5 45.5 0.6 91 26 13  \
  13 91 39 13 13 91 26 13 13 
7717:  Double_t \
  0 190 0 381.6 45.5 45.5 0.6 91 26 13  \
  13 91 39 13 13 91 26 13 13 
7733:  Double_t \
  1 190 0 426.6 45.5 45.5 0.6 91 26 13  \
  13 91 39 13 13 91 26 13 13 
7941:  Double_t \
  2 -190 95 291.6 45.5 45.5 0.6 91 26 13  \
  13 91 39 13 13 91 26 13 13 
7957:  Double_t \
  3 -190 95 336.6 45.5 45.5 0.6 91 26 13  \
  13 91 39 13 13 91 26 13 13 
7973:  Double_t \
  2 -190 95 381.6 45.5 45.5 0.6 91 26 13  \
  13 91 39 13 13 91 26 13 13 
7989:  Double_t \
  3 -190 95 426.6 45.5 45.5 0.6 91 26 13  \
  13 91 39 13 13 91 26 13 13 
8197:  Double_t \
  2 190 95 291.6 45.5 45.5 0.6 91 26 13  \
  13 91 39 13 13 91 26 13 13 
8213:  Double_t \
  1 190 95 336.6 45.5 45.5 0.6 91 26 13  \
  13 91 39 13 13 91 26 13 13 
8229:  Double_t \
  2 190 95 381.6 45.5 45.5 0.6 91 26 13  \
  13 91 39 13 13 91 26 13 13 
8245:  Double_t \
  1 190 95 426.6 45.5 45.5 0.6 91 26 13  \
  13 91 39 13 13 91 26 13 13 
8453:  Double_t \
  2 -95 190 291.6 45.5 45.5 0.6 91 26 13  \
  13 91 39 13 13 91 26 13 13 
8469:  Double_t \
  3 -95 190 336.6 45.5 45.5 0.6 91 26 13  \
  13 91 39 13 13 91 26 13 13 
8485:  Double_t \
  2 -95 190 381.6 45.5 45.5 0.6 91 26 13  \
  13 91 39 13 13 91 26 13 13 
8501:  Double_t \
  3 -95 190 426.6 45.5 45.5 0.6 91 26 13  \
  13 91 39 13 13 91 26 13 13 
8709:  Double_t \
  2 0 190 291.6 45.5 45.5 0.6 91 26 13  \
  13 91 39 13 13 91 26 13 13 
8725:  Double_t \
  1 0 190 336.6 45.5 45.5 0.6 91 26 13  \
  13 91 39 13 13 91 26 13 13 
8741:  Double_t \
  2 0 190 381.6 45.5 45.5 0.6 91 26 13  \
  13 91 39 13 13 91 26 13 13 
8757:  Double_t \
  1 0 190 426.6 45.5 45.5 0.6 91 26 13  \
  13 91 39 13 13 91 26 13 13 
8965:  Double_t \
  2 95 190 291.6 45.5 45.5 0.6 91 26 13  \
  13 91 39 13 13 91 26 13 13 
8981:  Double_t \
  1 95 190 336.6 45.5 45.5 0.6 91 26 13  \
  13 91 39 13 13 91 26 13 13 
8997:  Double_t \
  2 95 190 381.6 45.5 45.5 0.6 91 26 13  \
  13 91 39 13 13 91 26 13 13 
9013:  Double_t \
  1 95 190 426.6 45.5 45.5 0.6 91 26 13  \
  13 91 39 13 13 91 26 13 13 
9221:  Double_t \
  0 -285 -190 291.6 45.5 45.5 0.6 91 27.3 9.1  \
  9.1 91 36.4 9.1 9.1 91 27.3 9.1 9.1 
9237:  Double_t \
  3 -285 -190 336.6 45.5 45.5 0.6 91 27.3 9.1  \
  9.1 91 36.4 9.1 9.1 91 27.3 9.1 9.1 
9253:  Double_t \
  0 -285 -190 381.6 45.5 45.5 0.6 91 27.3 9.1  \
  9.1 91 36.4 9.1 9.1 91 27.3 9.1 9.1 
9269:  Double_t \
  3 -285 -190 426.6 45.5 45.5 0.6 91 27.3 9.1  \
  9.1 91 36.4 9.1 9.1 91 27.3 9.1 9.1 
9477:  Double_t \
  0 -190 -190 291.6 45.5 45.5 0.6 91 27.3 9.1  \
  9.1 91 36.4 9.1 9.1 91 27.3 9.1 9.1 
9493:  Double_t \
  3 -190 -190 336.6 45.5 45.5 0.6 91 27.3 9.1  \
  9.1 91 36.4 9.1 9.1 91 27.3 9.1 9.1 
9509:  Double_t \
  0 -190 -190 381.6 45.5 45.5 0.6 91 27.3 9.1  \
  9.1 91 36.4 9.1 9.1 91 27.3 9.1 9.1 
9525:  Double_t \
  3 -190 -190 426.6 45.5 45.5 0.6 91 27.3 9.1  \
  9.1 91 36.4 9.1 9.1 91 27.3 9.1 9.1 
9733:  Double_t \
  0 190 -190 291.6 45.5 45.5 0.6 91 27.3 9.1  \
  9.1 91 36.4 9.1 9.1 91 27.3 9.1 9.1 
9749:  Double_t \
  1 190 -190 336.6 45.5 45.5 0.6 91 27.3 9.1  \
  9.1 91 36.4 9.1 9.1 91 27.3 9.1 9.1 
9765:  Double_t \
  0 190 -190 381.6 45.5 45.5 0.6 91 27.3 9.1  \
  9.1 91 36.4 9.1 9.1 91 27.3 9.1 9.1 
9781:  Double_t \
  1 190 -190 426.6 45.5 45.5 0.6 91 27.3 9.1  \
  9.1 91 36.4 9.1 9.1 91 27.3 9.1 9.1 
9989:  Double_t \
  0 285 -190 291.6 45.5 45.5 0.6 91 27.3 9.1  \
  9.1 91 36.4 9.1 9.1 91 27.3 9.1 9.1 
10005:  Double_t \
  1 285 -190 336.6 45.5 45.5 0.6 91 27.3 9.1  \
  9.1 91 36.4 9.1 9.1 91 27.3 9.1 9.1 
10021:  Double_t \
  0 285 -190 381.6 45.5 45.5 0.6 91 27.3 9.1  \
  9.1 91 36.4 9.1 9.1 91 27.3 9.1 9.1 
10037:  Double_t \
  1 285 -190 426.6 45.5 45.5 0.6 91 27.3 9.1  \
  9.1 91 36.4 9.1 9.1 91 27.3 9.1 9.1 
10245:  Double_t \
  0 -285 -95 291.6 45.5 45.5 0.6 91 27.3 9.1  \
  9.1 91 36.4 9.1 9.1 91 27.3 9.1 9.1 
10261:  Double_t \
  3 -285 -95 336.6 45.5 45.5 0.6 91 27.3 9.1  \
  9.1 91 36.4 9.1 9.1 91 27.3 9.1 9.1 
10277:  Double_t \
  0 -285 -95 381.6 45.5 45.5 0.6 91 27.3 9.1  \
  9.1 91 36.4 9.1 9.1 91 27.3 9.1 9.1 
10293:  Double_t \
  3 -285 -95 426.6 45.5 45.5 0.6 91 27.3 9.1  \
  9.1 91 36.4 9.1 9.1 91 27.3 9.1 9.1 
10501:  Double_t \
  0 285 -95 291.6 45.5 45.5 0.6 91 27.3 9.1  \
  9.1 91 36.4 9.1 9.1 91 27.3 9.1 9.1 
10517:  Double_t \
  1 285 -95 336.6 45.5 45.5 0.6 91 27.3 9.1  \
  9.1 91 36.4 9.1 9.1 91 27.3 9.1 9.1 
10533:  Double_t \
  0 285 -95 381.6 45.5 45.5 0.6 91 27.3 9.1  \
  9.1 91 36.4 9.1 9.1 91 27.3 9.1 9.1 
10549:  Double_t \
  1 285 -95 426.6 45.5 45.5 0.6 91 27.3 9.1  \
  9.1 91 36.4 9.1 9.1 91 27.3 9.1 9.1 
10757:  Double_t \
  0 -285 0 291.6 45.5 45.5 0.6 91 27.3 9.1  \
  9.1 91 36.4 9.1 9.1 91 27.3 9.1 9.1 
10773:  Double_t \
  3 -285 0 336.6 45.5 45.5 0.6 91 27.3 9.1  \
  9.1 91 36.4 9.1 9.1 91 27.3 9.1 9.1 
10789:  Double_t \
  0 -285 0 381.6 45.5 45.5 0.6 91 27.3 9.1  \
  9.1 91 36.4 9.1 9.1 91 27.3 9.1 9.1 
10805:  Double_t \
  3 -285 0 426.6 45.5 45.5 0.6 91 27.3 9.1  \
  9.1 91 36.4 9.1 9.1 91 27.3 9.1 9.1 
11013:  Double_t \
  0 285 0 291.6 45.5 45.5 0.6 91 27.3 9.1  \
  9.1 91 36.4 9.1 9.1 91 27.3 9.1 9.1 
11029:  Double_t \
  1 285 0 336.6 45.5 45.5 0.6 91 27.3 9.1  \
  9.1 91 36.4 9.1 9.1 91 27.3 9.1 9.1 
11045:  Double_t \
  0 285 0 381.6 45.5 45.5 0.6 91 27.3 9.1  \
  9.1 91 36.4 9.1 9.1 91 27.3 9.1 9.1 
11061:  Double_t \
  1 285 0 426.6 45.5 45.5 0.6 91 27.3 9.1  \
  9.1 91 36.4 9.1 9.1 91 27.3 9.1 9.1 
11269:  Double_t \
  2 -285 95 291.6 45.5 45.5 0.6 91 27.3 9.1  \
  9.1 91 36.4 9.1 9.1 91 27.3 9.1 9.1 
11285:  Double_t \
  3 -285 95 336.6 45.5 45.5 0.6 91 27.3 9.1  \
  9.1 91 36.4 9.1 9.1 91 27.3 9.1 9.1 
11301:  Double_t \
  2 -285 95 381.6 45.5 45.5 0.6 91 27.3 9.1  \
  9.1 91 36.4 9.1 9.1 91 27.3 9.1 9.1 
11317:  Double_t \
  3 -285 95 426.6 45.5 45.5 0.6 91 27.3 9.1  \
  9.1 91 36.4 9.1 9.1 91 27.3 9.1 9.1 
11525:  Double_t \
  2 285 95 291.6 45.5 45.5 0.6 91 27.3 9.1  \
  9.1 91 36.4 9.1 9.1 91 27.3 9.1 9.1 
11541:  Double_t \
  1 285 95 336.6 45.5 45.5 0.6 91 27.3 9.1  \
  9.1 91 36.4 9.1 9.1 91 27.3 9.1 9.1 
11557:  Double_t \
  2 285 95 381.6 45.5 45.5 0.6 91 27.3 9.1  \
  9.1 91 36.4 9.1 9.1 91 27.3 9.1 9.1 
11573:  Double_t \
  1 285 95 426.6 45.5 45.5 0.6 91 27.3 9.1  \
  9.1 91 36.4 9.1 9.1 91 27.3 9.1 9.1 
11781:  Double_t \
  2 -285 190 291.6 45.5 45.5 0.6 91 27.3 9.1  \
  9.1 91 36.4 9.1 9.1 91 27.3 9.1 9.1 
11797:  Double_t \
  3 -285 190 336.6 45.5 45.5 0.6 91 27.3 9.1  \
  9.1 91 36.4 9.1 9.1 91 27.3 9.1 9.1 
11813:  Double_t \
  2 -285 190 381.6 45.5 45.5 0.6 91 27.3 9.1  \
  9.1 91 36.4 9.1 9.1 91 27.3 9.1 9.1 
11829:  Double_t \
  3 -285 190 426.6 45.5 45.5 0.6 91 27.3 9.1  \
  9.1 91 36.4 9.1 9.1 91 27.3 9.1 9.1 
12037:  Double_t \
  2 -190 190 291.6 45.5 45.5 0.6 91 27.3 9.1  \
  9.1 91 36.4 9.1 9.1 91 27.3 9.1 9.1 
12053:  Double_t \
  3 -190 190 336.6 45.5 45.5 0.6 91 27.3 9.1  \
  9.1 91 36.4 9.1 9.1 91 27.3 9.1 9.1 
12069:  Double_t \
  2 -190 190 381.6 45.5 45.5 0.6 91 27.3 9.1  \
  9.1 91 36.4 9.1 9.1 91 27.3 9.1 9.1 
12085:  Double_t \
  3 -190 190 426.6 45.5 45.5 0.6 91 27.3 9.1  \
  9.1 91 36.4 9.1 9.1 91 27.3 9.1 9.1 
12293:  Double_t \
  2 190 190 291.6 45.5 45.5 0.6 91 27.3 9.1  \
  9.1 91 36.4 9.1 9.1 91 27.3 9.1 9.1 
12309:  Double_t \
  1 190 190 336.6 45.5 45.5 0.6 91 27.3 9.1  \
  9.1 91 36.4 9.1 9.1 91 27.3 9.1 9.1 
12325:  Double_t \
  2 190 190 381.6 45.5 45.5 0.6 91 27.3 9.1  \
  9.1 91 36.4 9.1 9.1 91 27.3 9.1 9.1 
12341:  Double_t \
  1 190 190 426.6 45.5 45.5 0.6 91 27.3 9.1  \
  9.1 91 36.4 9.1 9.1 91 27.3 9.1 9.1 
12549:  Double_t \
  2 285 190 291.6 45.5 45.5 0.6 91 27.3 9.1  \
  9.1 91 36.4 9.1 9.1 91 27.3 9.1 9.1 
12565:  Double_t \
  1 285 190 336.6 45.5 45.5 0.6 91 27.3 9.1  \
  9.1 91 36.4 9.1 9.1 91 27.3 9.1 9.1 
12581:  Double_t \
  2 285 190 381.6 45.5 45.5 0.6 91 27.3 9.1  \
  9.1 91 36.4 9.1 9.1 91 27.3 9.1 9.1 
12597:  Double_t \
  1 285 190 426.6 45.5 45.5 0.6 91 27.3 9.1  \
  9.1 91 36.4 9.1 9.1 91 27.3 9.1 9.1 