##############################################################################
# Class:   CbmTrdDigiPar
# Context: TestDefaultContext
##############################################################################
[CbmTrdDigiPar]
//----------------------------------------------------------------------------
NrOfModules:  Int_t  708 
MaxSectors:  Int_t  3 
ModuleIdArray:  Int_t \
  5 21 37 53 69 85 101 117 133 149  \
  261 277 293 309 325 341 357 373 389 405  \
  517 533 549 565 581 597 613 629 645 661  \
  773 789 805 821 837 853 869 885 901 917  \
  1029 1045 1061 1077 1093 1109 1125 1141 1157 1173  \
  1285 1301 1317 1333 1349 1365 1381 1397 1413 1429  \
  1541 1557 1573 1589 1605 1621 1637 1653 1669 1685  \
  1797 1813 1829 1845 1861 1877 1893 1909 1925 1941  \
  2053 2069 2085 2101 2117 2133 2149 2165 2181 2197  \
  2309 2325 2341 2357 2373 2389 2405 2421 2437 2453  \
  2565 2581 2597 2613 2629 2645 2661 2677 2693 2709  \
  2821 2837 2853 2869 2885 2901 2917 2933 2949 2965  \
  3077 3093 3109 3125 3141 3157 3173 3189 3205 3221  \
  3333 3349 3365 3381 3397 3413 3429 3445 3461 3477  \
  3589 3605 3621 3637 3653 3669 3685 3701 3717 3733  \
  3845 3861 3877 3893 3909 3925 3941 3957 3973 3989  \
  4101 4117 4133 4149 4165 4181 4197 4213 4229 4245  \
  4357 4373 4389 4405 4421 4437 4453 4469 4485 4501  \
  4613 4629 4645 4661 4677 4693 4709 4725 4741 4757  \
  4869 4885 4901 4917 4933 4949 4965 4981 4997 5013  \
  5125 5141 5157 5173 5189 5205 5221 5237 5253 5269  \
  5381 5397 5413 5429 5445 5461 5477 5493 5509 5525  \
  5637 5653 5669 5685 5701 5717 5733 5749 5765 5781  \
  5893 5909 5925 5941 5957 5973 5989 6005 6021 6037  \
  6149 6165 6181 6197 6213 6229 6245 6261 6277 6293  \
  6405 6421 6437 6453 6469 6485 6501 6517 6533 6549  \
  6661 6677 6693 6709 6725 6741 6757 6773 6789 6805  \
  6917 6933 6949 6965 6981 6997 7013 7029 7045 7061  \
  7173 7189 7205 7221 7237 7253 7269 7285 7301 7317  \
  7429 7445 7461 7477 7493 7509 7525 7541 7557 7573  \
  7685 7701 7717 7733 7749 7765 7781 7797 7813 7829  \
  7941 7957 7973 7989 8005 8021 8037 8053 8069 8085  \
  8197 8213 8229 8245 8261 8277 8293 8309 8325 8341  \
  8453 8469 8485 8501 8517 8533 8549 8565 8581 8597  \
  8709 8725 8741 8757 8773 8789 8805 8821 8837 8853  \
  8965 8981 8997 9013 9029 9045 9061 9077 9093 9109  \
  9221 9237 9253 9269 9285 9301 9317 9333 9349 9365  \
  9477 9493 9509 9525 9541 9557 9573 9589 9605 9621  \
  9733 9749 9765 9781 9797 9813 9829 9845 9861 9877  \
  9989 10005 10021 10037 10053 10069 10085 10101 10117 10133  \
  10245 10261 10277 10293 10309 10325 10341 10357 10373 10389  \
  10501 10517 10533 10549 10565 10581 10597 10613 10629 10645  \
  10757 10773 10789 10805 10821 10837 10853 10869 10885 10901  \
  11013 11029 11045 11061 11077 11093 11109 11125 11141 11157  \
  11269 11285 11301 11317 11333 11349 11365 11381 11397 11413  \
  11525 11541 11557 11573 11589 11605 11621 11637 11653 11669  \
  11781 11797 11813 11829 11845 11861 11877 11893 11909 11925  \
  12037 12053 12069 12085 12101 12117 12133 12149 12165 12181  \
  12293 12309 12325 12341 12357 12373 12389 12405 12421 12437  \
  12549 12565 12581 12597 12613 12629 12645 12661 12677 12693  \
  12869 12885 12901 12917 12933 12949 13125 13141 13157 13173  \
  13189 13205 13381 13397 13413 13429 13445 13461 13637 13653  \
  13669 13685 13701 13717 13893 13909 13925 13941 13957 13973  \
  14149 14165 14181 14197 14213 14229 14405 14421 14437 14453  \
  14469 14485 14661 14677 14693 14709 14725 14741 14917 14933  \
  14949 14965 14981 14997 15173 15189 15205 15221 15237 15253  \
  15429 15445 15461 15477 15493 15509 15685 15701 15717 15733  \
  15749 15765 15941 15957 15973 15989 16005 16021 16197 16213  \
  16229 16245 16261 16277 16453 16469 16485 16501 16517 16533  \
  16709 16725 16741 16757 16773 16789 16965 16981 16997 17013  \
  17029 17045 17221 17237 17253 17269 17285 17301 17477 17493  \
  17509 17525 17541 17557 17733 17749 17765 17781 17797 17813  \
  17989 18005 18021 18037 18053 18069 18245 18261 18277 18293  \
  18309 18325 18501 18517 18533 18549 18565 18581 18757 18773  \
  18789 18805 18821 18837 19013 19029 19045 19061 19077 19093  \
  19269 19285 19301 19317 19333 19349 19525 19541 19557 19573  \
  19589 19605 19781 19797 19813 19829 19845 19861 20101 20117  \
  20357 20373 20613 20629 20869 20885 21125 21141 21381 21397  \
  21637 21653 21893 21909 22149 22165 22405 22421 22661 22677  \
  22917 22933 23173 23189 23429 23445 23685 23701 23941 23957  \
  24197 24213 24453 24469 24709 24725 24965 24981 
5:  Double_t \
  -57 -57 411.6 27 27 0.6 54 18 0.675 1.5  \
  54 18 0.675 1.5 54 18 0.675 1.5 
21:  Double_t \
  -57 -57 456.6 27 27 0.6 18 54 1.5 0.675  \
  18 54 1.5 0.675 18 54 1.5 0.675 
37:  Double_t \
  -57 -57 501.6 27 27 0.6 54 18 0.675 1.5  \
  54 18 0.675 1.5 54 18 0.675 1.5 
53:  Double_t \
  -57 -57 546.6 27 27 0.6 18 54 1.5 0.675  \
  18 54 1.5 0.675 18 54 1.5 0.675 
69:  Double_t \
  0 -57 591.6 27 27 0.6 54 18 0.675 1.5  \
  54 18 0.675 1.5 54 18 0.675 1.5 
85:  Double_t \
  0 -57 636.6 27 27 0.6 18 54 1.5 0.675  \
  18 54 1.5 0.675 18 54 1.5 0.675 
101:  Double_t \
  0 -57 681.6 27 27 0.6 54 18 0.675 1.5  \
  54 18 0.675 1.5 54 18 0.675 1.5 
117:  Double_t \
  0 -57 726.6 27 27 0.6 18 54 1.5 0.675  \
  18 54 1.5 0.675 18 54 1.5 0.675 
133:  Double_t \
  -95 -95 771.6 45.5 45.5 0.6 91 37.5 0.710938 3.75  \
  91 16 0.710938 4 91 37.5 0.710938 3.75 
149:  Double_t \
  -95 -95 816.6 45.5 45.5 0.6 37.5 91 3.75 0.710938  \
  16 91 4 0.710938 37.5 91 3.75 0.710938 
261:  Double_t \
  0 -57 411.6 27 27 0.6 54 18 0.675 1.5  \
  54 18 0.675 1.5 54 18 0.675 1.5 
277:  Double_t \
  0 -57 456.6 27 27 0.6 18 54 1.5 0.675  \
  18 54 1.5 0.675 18 54 1.5 0.675 
293:  Double_t \
  0 -57 501.6 27 27 0.6 54 18 0.675 1.5  \
  54 18 0.675 1.5 54 18 0.675 1.5 
309:  Double_t \
  0 -57 546.6 27 27 0.6 18 54 1.5 0.675  \
  18 54 1.5 0.675 18 54 1.5 0.675 
325:  Double_t \
  -57 0 591.6 27 27 0.6 54 18 0.675 1.5  \
  54 18 0.675 1.5 54 18 0.675 1.5 
341:  Double_t \
  -57 0 636.6 27 27 0.6 18 54 1.5 0.675  \
  18 54 1.5 0.675 18 54 1.5 0.675 
357:  Double_t \
  -57 0 681.6 27 27 0.6 54 18 0.675 1.5  \
  54 18 0.675 1.5 54 18 0.675 1.5 
373:  Double_t \
  -57 0 726.6 27 27 0.6 18 54 1.5 0.675  \
  18 54 1.5 0.675 18 54 1.5 0.675 
389:  Double_t \
  0 -95 771.6 45.5 45.5 0.6 91 37.5 0.710938 3.75  \
  91 16 0.710938 4 91 37.5 0.710938 3.75 
405:  Double_t \
  0 -95 816.6 45.5 45.5 0.6 37.5 91 3.75 0.710938  \
  16 91 4 0.710938 37.5 91 3.75 0.710938 
517:  Double_t \
  57 -57 411.6 27 27 0.6 54 18 0.675 1.5  \
  54 18 0.675 1.5 54 18 0.675 1.5 
533:  Double_t \
  57 -57 456.6 27 27 0.6 18 54 1.5 0.675  \
  18 54 1.5 0.675 18 54 1.5 0.675 
549:  Double_t \
  57 -57 501.6 27 27 0.6 54 18 0.675 1.5  \
  54 18 0.675 1.5 54 18 0.675 1.5 
565:  Double_t \
  57 -57 546.6 27 27 0.6 18 54 1.5 0.675  \
  18 54 1.5 0.675 18 54 1.5 0.675 
581:  Double_t \
  57 0 591.6 27 27 0.6 54 18 0.675 1.5  \
  54 18 0.675 1.5 54 18 0.675 1.5 
597:  Double_t \
  57 0 636.6 27 27 0.6 18 54 1.5 0.675  \
  18 54 1.5 0.675 18 54 1.5 0.675 
613:  Double_t \
  57 0 681.6 27 27 0.6 54 18 0.675 1.5  \
  54 18 0.675 1.5 54 18 0.675 1.5 
629:  Double_t \
  57 0 726.6 27 27 0.6 18 54 1.5 0.675  \
  18 54 1.5 0.675 18 54 1.5 0.675 
645:  Double_t \
  95 -95 771.6 45.5 45.5 0.6 91 37.5 0.710938 3.75  \
  91 16 0.710938 4 91 37.5 0.710938 3.75 
661:  Double_t \
  95 -95 816.6 45.5 45.5 0.6 37.5 91 3.75 0.710938  \
  16 91 4 0.710938 37.5 91 3.75 0.710938 
773:  Double_t \
  -57 0 411.6 27 27 0.6 54 18 0.675 1.5  \
  54 18 0.675 1.5 54 18 0.675 1.5 
789:  Double_t \
  -57 0 456.6 27 27 0.6 18 54 1.5 0.675  \
  18 54 1.5 0.675 18 54 1.5 0.675 
805:  Double_t \
  -57 0 501.6 27 27 0.6 54 18 0.675 1.5  \
  54 18 0.675 1.5 54 18 0.675 1.5 
821:  Double_t \
  -57 0 546.6 27 27 0.6 18 54 1.5 0.675  \
  18 54 1.5 0.675 18 54 1.5 0.675 
837:  Double_t \
  0 57 591.6 27 27 0.6 54 18 0.675 1.5  \
  54 18 0.675 1.5 54 18 0.675 1.5 
853:  Double_t \
  0 57 636.6 27 27 0.6 18 54 1.5 0.675  \
  18 54 1.5 0.675 18 54 1.5 0.675 
869:  Double_t \
  0 57 681.6 27 27 0.6 54 18 0.675 1.5  \
  54 18 0.675 1.5 54 18 0.675 1.5 
885:  Double_t \
  0 57 726.6 27 27 0.6 18 54 1.5 0.675  \
  18 54 1.5 0.675 18 54 1.5 0.675 
901:  Double_t \
  -95 0 771.6 45.5 45.5 0.6 91 37.5 0.710938 3.75  \
  91 16 0.710938 4 91 37.5 0.710938 3.75 
917:  Double_t \
  -95 0 816.6 45.5 45.5 0.6 37.5 91 3.75 0.710938  \
  16 91 4 0.710938 37.5 91 3.75 0.710938 
1029:  Double_t \
  57 0 411.6 27 27 0.6 54 18 0.675 1.5  \
  54 18 0.675 1.5 54 18 0.675 1.5 
1045:  Double_t \
  57 0 456.6 27 27 0.6 18 54 1.5 0.675  \
  18 54 1.5 0.675 18 54 1.5 0.675 
1061:  Double_t \
  57 0 501.6 27 27 0.6 54 18 0.675 1.5  \
  54 18 0.675 1.5 54 18 0.675 1.5 
1077:  Double_t \
  57 0 546.6 27 27 0.6 18 54 1.5 0.675  \
  18 54 1.5 0.675 18 54 1.5 0.675 
1093:  Double_t \
  -57 -57 591.6 27 27 0.6 54 22 0.675 2.75  \
  54 10 0.675 2.5 54 22 0.675 2.75 
1109:  Double_t \
  -57 -57 636.6 27 27 0.6 22 54 2.75 0.675  \
  10 54 2.5 0.675 22 54 2.75 0.675 
1125:  Double_t \
  -57 -57 681.6 27 27 0.6 54 22 0.675 2.75  \
  54 10 0.675 2.5 54 22 0.675 2.75 
1141:  Double_t \
  -57 -57 726.6 27 27 0.6 22 54 2.75 0.675  \
  10 54 2.5 0.675 22 54 2.75 0.675 
1157:  Double_t \
  95 0 771.6 45.5 45.5 0.6 91 37.5 0.710938 3.75  \
  91 16 0.710938 4 91 37.5 0.710938 3.75 
1173:  Double_t \
  95 0 816.6 45.5 45.5 0.6 37.5 91 3.75 0.710938  \
  16 91 4 0.710938 37.5 91 3.75 0.710938 
1285:  Double_t \
  -57 57 411.6 27 27 0.6 54 18 0.675 1.5  \
  54 18 0.675 1.5 54 18 0.675 1.5 
1301:  Double_t \
  -57 57 456.6 27 27 0.6 18 54 1.5 0.675  \
  18 54 1.5 0.675 18 54 1.5 0.675 
1317:  Double_t \
  -57 57 501.6 27 27 0.6 54 18 0.675 1.5  \
  54 18 0.675 1.5 54 18 0.675 1.5 
1333:  Double_t \
  -57 57 546.6 27 27 0.6 18 54 1.5 0.675  \
  18 54 1.5 0.675 18 54 1.5 0.675 
1349:  Double_t \
  57 -57 591.6 27 27 0.6 54 22 0.675 2.75  \
  54 10 0.675 2.5 54 22 0.675 2.75 
1365:  Double_t \
  57 -57 636.6 27 27 0.6 22 54 2.75 0.675  \
  10 54 2.5 0.675 22 54 2.75 0.675 
1381:  Double_t \
  57 -57 681.6 27 27 0.6 54 22 0.675 2.75  \
  54 10 0.675 2.5 54 22 0.675 2.75 
1397:  Double_t \
  57 -57 726.6 27 27 0.6 22 54 2.75 0.675  \
  10 54 2.5 0.675 22 54 2.75 0.675 
1413:  Double_t \
  -95 95 771.6 45.5 45.5 0.6 91 37.5 0.710938 3.75  \
  91 16 0.710938 4 91 37.5 0.710938 3.75 
1429:  Double_t \
  -95 95 816.6 45.5 45.5 0.6 37.5 91 3.75 0.710938  \
  16 91 4 0.710938 37.5 91 3.75 0.710938 
1541:  Double_t \
  0 57 411.6 27 27 0.6 54 18 0.675 1.5  \
  54 18 0.675 1.5 54 18 0.675 1.5 
1557:  Double_t \
  0 57 456.6 27 27 0.6 18 54 1.5 0.675  \
  18 54 1.5 0.675 18 54 1.5 0.675 
1573:  Double_t \
  0 57 501.6 27 27 0.6 54 18 0.675 1.5  \
  54 18 0.675 1.5 54 18 0.675 1.5 
1589:  Double_t \
  0 57 546.6 27 27 0.6 18 54 1.5 0.675  \
  18 54 1.5 0.675 18 54 1.5 0.675 
1605:  Double_t \
  -57 57 591.6 27 27 0.6 54 22 0.675 2.75  \
  54 10 0.675 2.5 54 22 0.675 2.75 
1621:  Double_t \
  -57 57 636.6 27 27 0.6 22 54 2.75 0.675  \
  10 54 2.5 0.675 22 54 2.75 0.675 
1637:  Double_t \
  -57 57 681.6 27 27 0.6 54 22 0.675 2.75  \
  54 10 0.675 2.5 54 22 0.675 2.75 
1653:  Double_t \
  -57 57 726.6 27 27 0.6 22 54 2.75 0.675  \
  10 54 2.5 0.675 22 54 2.75 0.675 
1669:  Double_t \
  0 95 771.6 45.5 45.5 0.6 91 37.5 0.710938 3.75  \
  91 16 0.710938 4 91 37.5 0.710938 3.75 
1685:  Double_t \
  0 95 816.6 45.5 45.5 0.6 37.5 91 3.75 0.710938  \
  16 91 4 0.710938 37.5 91 3.75 0.710938 
1797:  Double_t \
  57 57 411.6 27 27 0.6 54 18 0.675 1.5  \
  54 18 0.675 1.5 54 18 0.675 1.5 
1813:  Double_t \
  57 57 456.6 27 27 0.6 18 54 1.5 0.675  \
  18 54 1.5 0.675 18 54 1.5 0.675 
1829:  Double_t \
  57 57 501.6 27 27 0.6 54 18 0.675 1.5  \
  54 18 0.675 1.5 54 18 0.675 1.5 
1845:  Double_t \
  57 57 546.6 27 27 0.6 18 54 1.5 0.675  \
  18 54 1.5 0.675 18 54 1.5 0.675 
1861:  Double_t \
  57 57 591.6 27 27 0.6 54 22 0.675 2.75  \
  54 10 0.675 2.5 54 22 0.675 2.75 
1877:  Double_t \
  57 57 636.6 27 27 0.6 22 54 2.75 0.675  \
  10 54 2.5 0.675 22 54 2.75 0.675 
1893:  Double_t \
  57 57 681.6 27 27 0.6 54 22 0.675 2.75  \
  54 10 0.675 2.5 54 22 0.675 2.75 
1909:  Double_t \
  57 57 726.6 27 27 0.6 22 54 2.75 0.675  \
  10 54 2.5 0.675 22 54 2.75 0.675 
1925:  Double_t \
  95 95 771.6 45.5 45.5 0.6 91 37.5 0.710938 3.75  \
  91 16 0.710938 4 91 37.5 0.710938 3.75 
1941:  Double_t \
  95 95 816.6 45.5 45.5 0.6 37.5 91 3.75 0.710938  \
  16 91 4 0.710938 37.5 91 3.75 0.710938 
2053:  Double_t \
  0 -114 411.6 27 27 0.6 54 22 0.675 2.75  \
  54 10 0.675 2.5 54 22 0.675 2.75 
2069:  Double_t \
  0 -114 456.6 27 27 0.6 22 54 2.75 0.675  \
  10 54 2.5 0.675 22 54 2.75 0.675 
2085:  Double_t \
  0 -114 501.6 27 27 0.6 54 22 0.675 2.75  \
  54 10 0.675 2.5 54 22 0.675 2.75 
2101:  Double_t \
  0 -114 546.6 27 27 0.6 22 54 2.75 0.675  \
  10 54 2.5 0.675 22 54 2.75 0.675 
2117:  Double_t \
  -57 -114 591.6 27 27 0.6 54 13.5 0.675 6.75  \
  54 27 0.675 6.75 54 13.5 0.675 6.75 
2133:  Double_t \
  -57 -114 636.6 27 27 0.6 13.5 54 6.75 0.675  \
  27 54 6.75 0.675 13.5 54 6.75 0.675 
2149:  Double_t \
  -57 -114 681.6 27 27 0.6 54 13.5 0.675 6.75  \
  54 27 0.675 6.75 54 13.5 0.675 6.75 
2165:  Double_t \
  -57 -114 726.6 27 27 0.6 13.5 54 6.75 0.675  \
  27 54 6.75 0.675 13.5 54 6.75 0.675 
2181:  Double_t \
  -95 -190 771.6 45.5 45.5 0.6 91 30 0.710938 7.5  \
  91 31 0.710938 7.75 91 30 0.710938 7.5 
2197:  Double_t \
  -95 -190 816.6 45.5 45.5 0.6 30 91 7.5 0.710938  \
  31 91 7.75 0.710938 30 91 7.5 0.710938 
2309:  Double_t \
  -114 0 411.6 27 27 0.6 54 22 0.675 2.75  \
  54 10 0.675 2.5 54 22 0.675 2.75 
2325:  Double_t \
  -114 0 456.6 27 27 0.6 22 54 2.75 0.675  \
  10 54 2.5 0.675 22 54 2.75 0.675 
2341:  Double_t \
  -114 0 501.6 27 27 0.6 54 22 0.675 2.75  \
  54 10 0.675 2.5 54 22 0.675 2.75 
2357:  Double_t \
  -114 0 546.6 27 27 0.6 22 54 2.75 0.675  \
  10 54 2.5 0.675 22 54 2.75 0.675 
2373:  Double_t \
  0 -114 591.6 27 27 0.6 54 13.5 0.675 6.75  \
  54 27 0.675 6.75 54 13.5 0.675 6.75 
2389:  Double_t \
  0 -114 636.6 27 27 0.6 13.5 54 6.75 0.675  \
  27 54 6.75 0.675 13.5 54 6.75 0.675 
2405:  Double_t \
  0 -114 681.6 27 27 0.6 54 13.5 0.675 6.75  \
  54 27 0.675 6.75 54 13.5 0.675 6.75 
2421:  Double_t \
  0 -114 726.6 27 27 0.6 13.5 54 6.75 0.675  \
  27 54 6.75 0.675 13.5 54 6.75 0.675 
2437:  Double_t \
  0 -190 771.6 45.5 45.5 0.6 91 30 0.710938 7.5  \
  91 31 0.710938 7.75 91 30 0.710938 7.5 
2453:  Double_t \
  0 -190 816.6 45.5 45.5 0.6 30 91 7.5 0.710938  \
  31 91 7.75 0.710938 30 91 7.5 0.710938 
2565:  Double_t \
  114 0 411.6 27 27 0.6 54 22 0.675 2.75  \
  54 10 0.675 2.5 54 22 0.675 2.75 
2581:  Double_t \
  114 0 456.6 27 27 0.6 22 54 2.75 0.675  \
  10 54 2.5 0.675 22 54 2.75 0.675 
2597:  Double_t \
  114 0 501.6 27 27 0.6 54 22 0.675 2.75  \
  54 10 0.675 2.5 54 22 0.675 2.75 
2613:  Double_t \
  114 0 546.6 27 27 0.6 22 54 2.75 0.675  \
  10 54 2.5 0.675 22 54 2.75 0.675 
2629:  Double_t \
  57 -114 591.6 27 27 0.6 54 13.5 0.675 6.75  \
  54 27 0.675 6.75 54 13.5 0.675 6.75 
2645:  Double_t \
  57 -114 636.6 27 27 0.6 13.5 54 6.75 0.675  \
  27 54 6.75 0.675 13.5 54 6.75 0.675 
2661:  Double_t \
  57 -114 681.6 27 27 0.6 54 13.5 0.675 6.75  \
  54 27 0.675 6.75 54 13.5 0.675 6.75 
2677:  Double_t \
  57 -114 726.6 27 27 0.6 13.5 54 6.75 0.675  \
  27 54 6.75 0.675 13.5 54 6.75 0.675 
2693:  Double_t \
  95 -190 771.6 45.5 45.5 0.6 91 30 0.710938 7.5  \
  91 31 0.710938 7.75 91 30 0.710938 7.5 
2709:  Double_t \
  95 -190 816.6 45.5 45.5 0.6 30 91 7.5 0.710938  \
  31 91 7.75 0.710938 30 91 7.5 0.710938 
2821:  Double_t \
  0 114 411.6 27 27 0.6 54 22 0.675 2.75  \
  54 10 0.675 2.5 54 22 0.675 2.75 
2837:  Double_t \
  0 114 456.6 27 27 0.6 22 54 2.75 0.675  \
  10 54 2.5 0.675 22 54 2.75 0.675 
2853:  Double_t \
  0 114 501.6 27 27 0.6 54 22 0.675 2.75  \
  54 10 0.675 2.5 54 22 0.675 2.75 
2869:  Double_t \
  0 114 546.6 27 27 0.6 22 54 2.75 0.675  \
  10 54 2.5 0.675 22 54 2.75 0.675 
2885:  Double_t \
  -114 -57 591.6 27 27 0.6 54 13.5 0.675 6.75  \
  54 27 0.675 6.75 54 13.5 0.675 6.75 
2901:  Double_t \
  -114 -57 636.6 27 27 0.6 13.5 54 6.75 0.675  \
  27 54 6.75 0.675 13.5 54 6.75 0.675 
2917:  Double_t \
  -114 -57 681.6 27 27 0.6 54 13.5 0.675 6.75  \
  54 27 0.675 6.75 54 13.5 0.675 6.75 
2933:  Double_t \
  -114 -57 726.6 27 27 0.6 13.5 54 6.75 0.675  \
  27 54 6.75 0.675 13.5 54 6.75 0.675 
2949:  Double_t \
  -190 -95 771.6 45.5 45.5 0.6 91 30 0.710938 7.5  \
  91 31 0.710938 7.75 91 30 0.710938 7.5 
2965:  Double_t \
  -190 -95 816.6 45.5 45.5 0.6 30 91 7.5 0.710938  \
  31 91 7.75 0.710938 30 91 7.5 0.710938 
3077:  Double_t \
  -57 -114 411.6 27 27 0.6 54 13.5 0.675 6.75  \
  54 27 0.675 6.75 54 13.5 0.675 6.75 
3093:  Double_t \
  -57 -114 456.6 27 27 0.6 13.5 54 6.75 0.675  \
  27 54 6.75 0.675 13.5 54 6.75 0.675 
3109:  Double_t \
  -57 -114 501.6 27 27 0.6 54 13.5 0.675 6.75  \
  54 27 0.675 6.75 54 13.5 0.675 6.75 
3125:  Double_t \
  -57 -114 546.6 27 27 0.6 13.5 54 6.75 0.675  \
  27 54 6.75 0.675 13.5 54 6.75 0.675 
3141:  Double_t \
  114 -57 591.6 27 27 0.6 54 13.5 0.675 6.75  \
  54 27 0.675 6.75 54 13.5 0.675 6.75 
3157:  Double_t \
  114 -57 636.6 27 27 0.6 13.5 54 6.75 0.675  \
  27 54 6.75 0.675 13.5 54 6.75 0.675 
3173:  Double_t \
  114 -57 681.6 27 27 0.6 54 13.5 0.675 6.75  \
  54 27 0.675 6.75 54 13.5 0.675 6.75 
3189:  Double_t \
  114 -57 726.6 27 27 0.6 13.5 54 6.75 0.675  \
  27 54 6.75 0.675 13.5 54 6.75 0.675 
3205:  Double_t \
  190 -95 771.6 45.5 45.5 0.6 91 30 0.710938 7.5  \
  91 31 0.710938 7.75 91 30 0.710938 7.5 
3221:  Double_t \
  190 -95 816.6 45.5 45.5 0.6 30 91 7.5 0.710938  \
  31 91 7.75 0.710938 30 91 7.5 0.710938 
3333:  Double_t \
  57 -114 411.6 27 27 0.6 54 13.5 0.675 6.75  \
  54 27 0.675 6.75 54 13.5 0.675 6.75 
3349:  Double_t \
  57 -114 456.6 27 27 0.6 13.5 54 6.75 0.675  \
  27 54 6.75 0.675 13.5 54 6.75 0.675 
3365:  Double_t \
  57 -114 501.6 27 27 0.6 54 13.5 0.675 6.75  \
  54 27 0.675 6.75 54 13.5 0.675 6.75 
3381:  Double_t \
  57 -114 546.6 27 27 0.6 13.5 54 6.75 0.675  \
  27 54 6.75 0.675 13.5 54 6.75 0.675 
3397:  Double_t \
  -114 0 591.6 27 27 0.6 54 13.5 0.675 6.75  \
  54 27 0.675 6.75 54 13.5 0.675 6.75 
3413:  Double_t \
  -114 0 636.6 27 27 0.6 13.5 54 6.75 0.675  \
  27 54 6.75 0.675 13.5 54 6.75 0.675 
3429:  Double_t \
  -114 0 681.6 27 27 0.6 54 13.5 0.675 6.75  \
  54 27 0.675 6.75 54 13.5 0.675 6.75 
3445:  Double_t \
  -114 0 726.6 27 27 0.6 13.5 54 6.75 0.675  \
  27 54 6.75 0.675 13.5 54 6.75 0.675 
3461:  Double_t \
  -190 0 771.6 45.5 45.5 0.6 91 30 0.710938 7.5  \
  91 31 0.710938 7.75 91 30 0.710938 7.5 
3477:  Double_t \
  -190 0 816.6 45.5 45.5 0.6 30 91 7.5 0.710938  \
  31 91 7.75 0.710938 30 91 7.5 0.710938 
3589:  Double_t \
  -114 -57 411.6 27 27 0.6 54 13.5 0.675 6.75  \
  54 27 0.675 6.75 54 13.5 0.675 6.75 
3605:  Double_t \
  -114 -57 456.6 27 27 0.6 13.5 54 6.75 0.675  \
  27 54 6.75 0.675 13.5 54 6.75 0.675 
3621:  Double_t \
  -114 -57 501.6 27 27 0.6 54 13.5 0.675 6.75  \
  54 27 0.675 6.75 54 13.5 0.675 6.75 
3637:  Double_t \
  -114 -57 546.6 27 27 0.6 13.5 54 6.75 0.675  \
  27 54 6.75 0.675 13.5 54 6.75 0.675 
3653:  Double_t \
  114 0 591.6 27 27 0.6 54 13.5 0.675 6.75  \
  54 27 0.675 6.75 54 13.5 0.675 6.75 
3669:  Double_t \
  114 0 636.6 27 27 0.6 13.5 54 6.75 0.675  \
  27 54 6.75 0.675 13.5 54 6.75 0.675 
3685:  Double_t \
  114 0 681.6 27 27 0.6 54 13.5 0.675 6.75  \
  54 27 0.675 6.75 54 13.5 0.675 6.75 
3701:  Double_t \
  114 0 726.6 27 27 0.6 13.5 54 6.75 0.675  \
  27 54 6.75 0.675 13.5 54 6.75 0.675 
3717:  Double_t \
  190 0 771.6 45.5 45.5 0.6 91 30 0.710938 7.5  \
  91 31 0.710938 7.75 91 30 0.710938 7.5 
3733:  Double_t \
  190 0 816.6 45.5 45.5 0.6 30 91 7.5 0.710938  \
  31 91 7.75 0.710938 30 91 7.5 0.710938 
3845:  Double_t \
  114 -57 411.6 27 27 0.6 54 13.5 0.675 6.75  \
  54 27 0.675 6.75 54 13.5 0.675 6.75 
3861:  Double_t \
  114 -57 456.6 27 27 0.6 13.5 54 6.75 0.675  \
  27 54 6.75 0.675 13.5 54 6.75 0.675 
3877:  Double_t \
  114 -57 501.6 27 27 0.6 54 13.5 0.675 6.75  \
  54 27 0.675 6.75 54 13.5 0.675 6.75 
3893:  Double_t \
  114 -57 546.6 27 27 0.6 13.5 54 6.75 0.675  \
  27 54 6.75 0.675 13.5 54 6.75 0.675 
3909:  Double_t \
  -114 57 591.6 27 27 0.6 54 13.5 0.675 6.75  \
  54 27 0.675 6.75 54 13.5 0.675 6.75 
3925:  Double_t \
  -114 57 636.6 27 27 0.6 13.5 54 6.75 0.675  \
  27 54 6.75 0.675 13.5 54 6.75 0.675 
3941:  Double_t \
  -114 57 681.6 27 27 0.6 54 13.5 0.675 6.75  \
  54 27 0.675 6.75 54 13.5 0.675 6.75 
3957:  Double_t \
  -114 57 726.6 27 27 0.6 13.5 54 6.75 0.675  \
  27 54 6.75 0.675 13.5 54 6.75 0.675 
3973:  Double_t \
  -190 95 771.6 45.5 45.5 0.6 91 30 0.710938 7.5  \
  91 31 0.710938 7.75 91 30 0.710938 7.5 
3989:  Double_t \
  -190 95 816.6 45.5 45.5 0.6 30 91 7.5 0.710938  \
  31 91 7.75 0.710938 30 91 7.5 0.710938 
4101:  Double_t \
  -114 57 411.6 27 27 0.6 54 13.5 0.675 6.75  \
  54 27 0.675 6.75 54 13.5 0.675 6.75 
4117:  Double_t \
  -114 57 456.6 27 27 0.6 13.5 54 6.75 0.675  \
  27 54 6.75 0.675 13.5 54 6.75 0.675 
4133:  Double_t \
  -114 57 501.6 27 27 0.6 54 13.5 0.675 6.75  \
  54 27 0.675 6.75 54 13.5 0.675 6.75 
4149:  Double_t \
  -114 57 546.6 27 27 0.6 13.5 54 6.75 0.675  \
  27 54 6.75 0.675 13.5 54 6.75 0.675 
4165:  Double_t \
  114 57 591.6 27 27 0.6 54 13.5 0.675 6.75  \
  54 27 0.675 6.75 54 13.5 0.675 6.75 
4181:  Double_t \
  114 57 636.6 27 27 0.6 13.5 54 6.75 0.675  \
  27 54 6.75 0.675 13.5 54 6.75 0.675 
4197:  Double_t \
  114 57 681.6 27 27 0.6 54 13.5 0.675 6.75  \
  54 27 0.675 6.75 54 13.5 0.675 6.75 
4213:  Double_t \
  114 57 726.6 27 27 0.6 13.5 54 6.75 0.675  \
  27 54 6.75 0.675 13.5 54 6.75 0.675 
4229:  Double_t \
  190 95 771.6 45.5 45.5 0.6 91 30 0.710938 7.5  \
  91 31 0.710938 7.75 91 30 0.710938 7.5 
4245:  Double_t \
  190 95 816.6 45.5 45.5 0.6 30 91 7.5 0.710938  \
  31 91 7.75 0.710938 30 91 7.5 0.710938 
4357:  Double_t \
  114 57 411.6 27 27 0.6 54 13.5 0.675 6.75  \
  54 27 0.675 6.75 54 13.5 0.675 6.75 
4373:  Double_t \
  114 57 456.6 27 27 0.6 13.5 54 6.75 0.675  \
  27 54 6.75 0.675 13.5 54 6.75 0.675 
4389:  Double_t \
  114 57 501.6 27 27 0.6 54 13.5 0.675 6.75  \
  54 27 0.675 6.75 54 13.5 0.675 6.75 
4405:  Double_t \
  114 57 546.6 27 27 0.6 13.5 54 6.75 0.675  \
  27 54 6.75 0.675 13.5 54 6.75 0.675 
4421:  Double_t \
  -57 114 591.6 27 27 0.6 54 13.5 0.675 6.75  \
  54 27 0.675 6.75 54 13.5 0.675 6.75 
4437:  Double_t \
  -57 114 636.6 27 27 0.6 13.5 54 6.75 0.675  \
  27 54 6.75 0.675 13.5 54 6.75 0.675 
4453:  Double_t \
  -57 114 681.6 27 27 0.6 54 13.5 0.675 6.75  \
  54 27 0.675 6.75 54 13.5 0.675 6.75 
4469:  Double_t \
  -57 114 726.6 27 27 0.6 13.5 54 6.75 0.675  \
  27 54 6.75 0.675 13.5 54 6.75 0.675 
4485:  Double_t \
  -95 190 771.6 45.5 45.5 0.6 91 30 0.710938 7.5  \
  91 31 0.710938 7.75 91 30 0.710938 7.5 
4501:  Double_t \
  -95 190 816.6 45.5 45.5 0.6 30 91 7.5 0.710938  \
  31 91 7.75 0.710938 30 91 7.5 0.710938 
4613:  Double_t \
  -57 114 411.6 27 27 0.6 54 13.5 0.675 6.75  \
  54 27 0.675 6.75 54 13.5 0.675 6.75 
4629:  Double_t \
  -57 114 456.6 27 27 0.6 13.5 54 6.75 0.675  \
  27 54 6.75 0.675 13.5 54 6.75 0.675 
4645:  Double_t \
  -57 114 501.6 27 27 0.6 54 13.5 0.675 6.75  \
  54 27 0.675 6.75 54 13.5 0.675 6.75 
4661:  Double_t \
  -57 114 546.6 27 27 0.6 13.5 54 6.75 0.675  \
  27 54 6.75 0.675 13.5 54 6.75 0.675 
4677:  Double_t \
  0 114 591.6 27 27 0.6 54 13.5 0.675 6.75  \
  54 27 0.675 6.75 54 13.5 0.675 6.75 
4693:  Double_t \
  0 114 636.6 27 27 0.6 13.5 54 6.75 0.675  \
  27 54 6.75 0.675 13.5 54 6.75 0.675 
4709:  Double_t \
  0 114 681.6 27 27 0.6 54 13.5 0.675 6.75  \
  54 27 0.675 6.75 54 13.5 0.675 6.75 
4725:  Double_t \
  0 114 726.6 27 27 0.6 13.5 54 6.75 0.675  \
  27 54 6.75 0.675 13.5 54 6.75 0.675 
4741:  Double_t \
  0 190 771.6 45.5 45.5 0.6 91 30 0.710938 7.5  \
  91 31 0.710938 7.75 91 30 0.710938 7.5 
4757:  Double_t \
  0 190 816.6 45.5 45.5 0.6 30 91 7.5 0.710938  \
  31 91 7.75 0.710938 30 91 7.5 0.710938 
4869:  Double_t \
  57 114 411.6 27 27 0.6 54 13.5 0.675 6.75  \
  54 27 0.675 6.75 54 13.5 0.675 6.75 
4885:  Double_t \
  57 114 456.6 27 27 0.6 13.5 54 6.75 0.675  \
  27 54 6.75 0.675 13.5 54 6.75 0.675 
4901:  Double_t \
  57 114 501.6 27 27 0.6 54 13.5 0.675 6.75  \
  54 27 0.675 6.75 54 13.5 0.675 6.75 
4917:  Double_t \
  57 114 546.6 27 27 0.6 13.5 54 6.75 0.675  \
  27 54 6.75 0.675 13.5 54 6.75 0.675 
4933:  Double_t \
  57 114 591.6 27 27 0.6 54 13.5 0.675 6.75  \
  54 27 0.675 6.75 54 13.5 0.675 6.75 
4949:  Double_t \
  57 114 636.6 27 27 0.6 13.5 54 6.75 0.675  \
  27 54 6.75 0.675 13.5 54 6.75 0.675 
4965:  Double_t \
  57 114 681.6 27 27 0.6 54 13.5 0.675 6.75  \
  54 27 0.675 6.75 54 13.5 0.675 6.75 
4981:  Double_t \
  57 114 726.6 27 27 0.6 13.5 54 6.75 0.675  \
  27 54 6.75 0.675 13.5 54 6.75 0.675 
4997:  Double_t \
  95 190 771.6 45.5 45.5 0.6 91 30 0.710938 7.5  \
  91 31 0.710938 7.75 91 30 0.710938 7.5 
5013:  Double_t \
  95 190 816.6 45.5 45.5 0.6 30 91 7.5 0.710938  \
  31 91 7.75 0.710938 30 91 7.5 0.710938 
5125:  Double_t \
  -114 -114 411.6 27 27 0.6 54 13.5 0.675 6.75  \
  54 27 0.675 6.75 54 13.5 0.675 6.75 
5141:  Double_t \
  -114 -114 456.6 27 27 0.6 13.5 54 6.75 0.675  \
  27 54 6.75 0.675 13.5 54 6.75 0.675 
5157:  Double_t \
  -114 -114 501.6 27 27 0.6 54 13.5 0.675 6.75  \
  54 27 0.675 6.75 54 13.5 0.675 6.75 
5173:  Double_t \
  -114 -114 546.6 27 27 0.6 13.5 54 6.75 0.675  \
  27 54 6.75 0.675 13.5 54 6.75 0.675 
5189:  Double_t \
  -114 -114 591.6 27 27 0.6 54 13.5 0.675 6.75  \
  54 27 0.675 6.75 54 13.5 0.675 6.75 
5205:  Double_t \
  -114 -114 636.6 27 27 0.6 13.5 54 6.75 0.675  \
  27 54 6.75 0.675 13.5 54 6.75 0.675 
5221:  Double_t \
  -114 -114 681.6 27 27 0.6 54 13.5 0.675 6.75  \
  54 27 0.675 6.75 54 13.5 0.675 6.75 
5237:  Double_t \
  -114 -114 726.6 27 27 0.6 13.5 54 6.75 0.675  \
  27 54 6.75 0.675 13.5 54 6.75 0.675 
5253:  Double_t \
  -190 -285 771.6 45.5 45.5 0.6 91 22.5 0.710938 11.25  \
  91 46 0.710938 11.5 91 22.5 0.710938 11.25 
5269:  Double_t \
  -190 -285 816.6 45.5 45.5 0.6 22.5 91 11.25 0.710938  \
  46 91 11.5 0.710938 22.5 91 11.25 0.710938 
5381:  Double_t \
  114 -114 411.6 27 27 0.6 54 13.5 0.675 6.75  \
  54 27 0.675 6.75 54 13.5 0.675 6.75 
5397:  Double_t \
  114 -114 456.6 27 27 0.6 13.5 54 6.75 0.675  \
  27 54 6.75 0.675 13.5 54 6.75 0.675 
5413:  Double_t \
  114 -114 501.6 27 27 0.6 54 13.5 0.675 6.75  \
  54 27 0.675 6.75 54 13.5 0.675 6.75 
5429:  Double_t \
  114 -114 546.6 27 27 0.6 13.5 54 6.75 0.675  \
  27 54 6.75 0.675 13.5 54 6.75 0.675 
5445:  Double_t \
  114 -114 591.6 27 27 0.6 54 13.5 0.675 6.75  \
  54 27 0.675 6.75 54 13.5 0.675 6.75 
5461:  Double_t \
  114 -114 636.6 27 27 0.6 13.5 54 6.75 0.675  \
  27 54 6.75 0.675 13.5 54 6.75 0.675 
5477:  Double_t \
  114 -114 681.6 27 27 0.6 54 13.5 0.675 6.75  \
  54 27 0.675 6.75 54 13.5 0.675 6.75 
5493:  Double_t \
  114 -114 726.6 27 27 0.6 13.5 54 6.75 0.675  \
  27 54 6.75 0.675 13.5 54 6.75 0.675 
5509:  Double_t \
  -95 -285 771.6 45.5 45.5 0.6 91 22.5 0.710938 11.25  \
  91 46 0.710938 11.5 91 22.5 0.710938 11.25 
5525:  Double_t \
  -95 -285 816.6 45.5 45.5 0.6 22.5 91 11.25 0.710938  \
  46 91 11.5 0.710938 22.5 91 11.25 0.710938 
5637:  Double_t \
  -114 114 411.6 27 27 0.6 54 13.5 0.675 6.75  \
  54 27 0.675 6.75 54 13.5 0.675 6.75 
5653:  Double_t \
  -114 114 456.6 27 27 0.6 13.5 54 6.75 0.675  \
  27 54 6.75 0.675 13.5 54 6.75 0.675 
5669:  Double_t \
  -114 114 501.6 27 27 0.6 54 13.5 0.675 6.75  \
  54 27 0.675 6.75 54 13.5 0.675 6.75 
5685:  Double_t \
  -114 114 546.6 27 27 0.6 13.5 54 6.75 0.675  \
  27 54 6.75 0.675 13.5 54 6.75 0.675 
5701:  Double_t \
  -114 114 591.6 27 27 0.6 54 13.5 0.675 6.75  \
  54 27 0.675 6.75 54 13.5 0.675 6.75 
5717:  Double_t \
  -114 114 636.6 27 27 0.6 13.5 54 6.75 0.675  \
  27 54 6.75 0.675 13.5 54 6.75 0.675 
5733:  Double_t \
  -114 114 681.6 27 27 0.6 54 13.5 0.675 6.75  \
  54 27 0.675 6.75 54 13.5 0.675 6.75 
5749:  Double_t \
  -114 114 726.6 27 27 0.6 13.5 54 6.75 0.675  \
  27 54 6.75 0.675 13.5 54 6.75 0.675 
5765:  Double_t \
  0 -285 771.6 45.5 45.5 0.6 91 22.5 0.710938 11.25  \
  91 46 0.710938 11.5 91 22.5 0.710938 11.25 
5781:  Double_t \
  0 -285 816.6 45.5 45.5 0.6 22.5 91 11.25 0.710938  \
  46 91 11.5 0.710938 22.5 91 11.25 0.710938 
5893:  Double_t \
  114 114 411.6 27 27 0.6 54 13.5 0.675 6.75  \
  54 27 0.675 6.75 54 13.5 0.675 6.75 
5909:  Double_t \
  114 114 456.6 27 27 0.6 13.5 54 6.75 0.675  \
  27 54 6.75 0.675 13.5 54 6.75 0.675 
5925:  Double_t \
  114 114 501.6 27 27 0.6 54 13.5 0.675 6.75  \
  54 27 0.675 6.75 54 13.5 0.675 6.75 
5941:  Double_t \
  114 114 546.6 27 27 0.6 13.5 54 6.75 0.675  \
  27 54 6.75 0.675 13.5 54 6.75 0.675 
5957:  Double_t \
  114 114 591.6 27 27 0.6 54 13.5 0.675 6.75  \
  54 27 0.675 6.75 54 13.5 0.675 6.75 
5973:  Double_t \
  114 114 636.6 27 27 0.6 13.5 54 6.75 0.675  \
  27 54 6.75 0.675 13.5 54 6.75 0.675 
5989:  Double_t \
  114 114 681.6 27 27 0.6 54 13.5 0.675 6.75  \
  54 27 0.675 6.75 54 13.5 0.675 6.75 
6005:  Double_t \
  114 114 726.6 27 27 0.6 13.5 54 6.75 0.675  \
  27 54 6.75 0.675 13.5 54 6.75 0.675 
6021:  Double_t \
  95 -285 771.6 45.5 45.5 0.6 91 22.5 0.710938 11.25  \
  91 46 0.710938 11.5 91 22.5 0.710938 11.25 
6037:  Double_t \
  95 -285 816.6 45.5 45.5 0.6 22.5 91 11.25 0.710938  \
  46 91 11.5 0.710938 22.5 91 11.25 0.710938 
6149:  Double_t \
  -95 -190 411.6 45.5 45.5 0.6 91 22.5 0.710938 11.25  \
  91 46 0.710938 11.5 91 22.5 0.710938 11.25 
6165:  Double_t \
  -95 -190 456.6 45.5 45.5 0.6 22.5 91 11.25 0.710938  \
  46 91 11.5 0.710938 22.5 91 11.25 0.710938 
6181:  Double_t \
  -95 -190 501.6 45.5 45.5 0.6 91 22.5 0.710938 11.25  \
  91 46 0.710938 11.5 91 22.5 0.710938 11.25 
6197:  Double_t \
  -95 -190 546.6 45.5 45.5 0.6 22.5 91 11.25 0.710938  \
  46 91 11.5 0.710938 22.5 91 11.25 0.710938 
6213:  Double_t \
  -95 -190 591.6 45.5 45.5 0.6 91 30 0.710938 7.5  \
  91 31 0.710938 7.75 91 30 0.710938 7.5 
6229:  Double_t \
  -95 -190 636.6 45.5 45.5 0.6 30 91 7.5 0.710938  \
  31 91 7.75 0.710938 30 91 7.5 0.710938 
6245:  Double_t \
  -95 -190 681.6 45.5 45.5 0.6 91 30 0.710938 7.5  \
  91 31 0.710938 7.75 91 30 0.710938 7.5 
6261:  Double_t \
  -95 -190 726.6 45.5 45.5 0.6 30 91 7.5 0.710938  \
  31 91 7.75 0.710938 30 91 7.5 0.710938 
6277:  Double_t \
  190 -285 771.6 45.5 45.5 0.6 91 22.5 0.710938 11.25  \
  91 46 0.710938 11.5 91 22.5 0.710938 11.25 
6293:  Double_t \
  190 -285 816.6 45.5 45.5 0.6 22.5 91 11.25 0.710938  \
  46 91 11.5 0.710938 22.5 91 11.25 0.710938 
6405:  Double_t \
  0 -190 411.6 45.5 45.5 0.6 91 22.5 0.710938 11.25  \
  91 46 0.710938 11.5 91 22.5 0.710938 11.25 
6421:  Double_t \
  0 -190 456.6 45.5 45.5 0.6 22.5 91 11.25 0.710938  \
  46 91 11.5 0.710938 22.5 91 11.25 0.710938 
6437:  Double_t \
  0 -190 501.6 45.5 45.5 0.6 91 22.5 0.710938 11.25  \
  91 46 0.710938 11.5 91 22.5 0.710938 11.25 
6453:  Double_t \
  0 -190 546.6 45.5 45.5 0.6 22.5 91 11.25 0.710938  \
  46 91 11.5 0.710938 22.5 91 11.25 0.710938 
6469:  Double_t \
  0 -190 591.6 45.5 45.5 0.6 91 30 0.710938 7.5  \
  91 31 0.710938 7.75 91 30 0.710938 7.5 
6485:  Double_t \
  0 -190 636.6 45.5 45.5 0.6 30 91 7.5 0.710938  \
  31 91 7.75 0.710938 30 91 7.5 0.710938 
6501:  Double_t \
  0 -190 681.6 45.5 45.5 0.6 91 30 0.710938 7.5  \
  91 31 0.710938 7.75 91 30 0.710938 7.5 
6517:  Double_t \
  0 -190 726.6 45.5 45.5 0.6 30 91 7.5 0.710938  \
  31 91 7.75 0.710938 30 91 7.5 0.710938 
6533:  Double_t \
  -285 -190 771.6 45.5 45.5 0.6 91 22.5 0.710938 11.25  \
  91 46 0.710938 11.5 91 22.5 0.710938 11.25 
6549:  Double_t \
  -285 -190 816.6 45.5 45.5 0.6 22.5 91 11.25 0.710938  \
  46 91 11.5 0.710938 22.5 91 11.25 0.710938 
6661:  Double_t \
  95 -190 411.6 45.5 45.5 0.6 91 22.5 0.710938 11.25  \
  91 46 0.710938 11.5 91 22.5 0.710938 11.25 
6677:  Double_t \
  95 -190 456.6 45.5 45.5 0.6 22.5 91 11.25 0.710938  \
  46 91 11.5 0.710938 22.5 91 11.25 0.710938 
6693:  Double_t \
  95 -190 501.6 45.5 45.5 0.6 91 22.5 0.710938 11.25  \
  91 46 0.710938 11.5 91 22.5 0.710938 11.25 
6709:  Double_t \
  95 -190 546.6 45.5 45.5 0.6 22.5 91 11.25 0.710938  \
  46 91 11.5 0.710938 22.5 91 11.25 0.710938 
6725:  Double_t \
  95 -190 591.6 45.5 45.5 0.6 91 30 0.710938 7.5  \
  91 31 0.710938 7.75 91 30 0.710938 7.5 
6741:  Double_t \
  95 -190 636.6 45.5 45.5 0.6 30 91 7.5 0.710938  \
  31 91 7.75 0.710938 30 91 7.5 0.710938 
6757:  Double_t \
  95 -190 681.6 45.5 45.5 0.6 91 30 0.710938 7.5  \
  91 31 0.710938 7.75 91 30 0.710938 7.5 
6773:  Double_t \
  95 -190 726.6 45.5 45.5 0.6 30 91 7.5 0.710938  \
  31 91 7.75 0.710938 30 91 7.5 0.710938 
6789:  Double_t \
  -190 -190 771.6 45.5 45.5 0.6 91 22.5 0.710938 11.25  \
  91 46 0.710938 11.5 91 22.5 0.710938 11.25 
6805:  Double_t \
  -190 -190 816.6 45.5 45.5 0.6 22.5 91 11.25 0.710938  \
  46 91 11.5 0.710938 22.5 91 11.25 0.710938 
6917:  Double_t \
  -190 -95 411.6 45.5 45.5 0.6 91 22.5 0.710938 11.25  \
  91 46 0.710938 11.5 91 22.5 0.710938 11.25 
6933:  Double_t \
  -190 -95 456.6 45.5 45.5 0.6 22.5 91 11.25 0.710938  \
  46 91 11.5 0.710938 22.5 91 11.25 0.710938 
6949:  Double_t \
  -190 -95 501.6 45.5 45.5 0.6 91 22.5 0.710938 11.25  \
  91 46 0.710938 11.5 91 22.5 0.710938 11.25 
6965:  Double_t \
  -190 -95 546.6 45.5 45.5 0.6 22.5 91 11.25 0.710938  \
  46 91 11.5 0.710938 22.5 91 11.25 0.710938 
6981:  Double_t \
  -190 -95 591.6 45.5 45.5 0.6 91 30 0.710938 7.5  \
  91 31 0.710938 7.75 91 30 0.710938 7.5 
6997:  Double_t \
  -190 -95 636.6 45.5 45.5 0.6 30 91 7.5 0.710938  \
  31 91 7.75 0.710938 30 91 7.5 0.710938 
7013:  Double_t \
  -190 -95 681.6 45.5 45.5 0.6 91 30 0.710938 7.5  \
  91 31 0.710938 7.75 91 30 0.710938 7.5 
7029:  Double_t \
  -190 -95 726.6 45.5 45.5 0.6 30 91 7.5 0.710938  \
  31 91 7.75 0.710938 30 91 7.5 0.710938 
7045:  Double_t \
  190 -190 771.6 45.5 45.5 0.6 91 22.5 0.710938 11.25  \
  91 46 0.710938 11.5 91 22.5 0.710938 11.25 
7061:  Double_t \
  190 -190 816.6 45.5 45.5 0.6 22.5 91 11.25 0.710938  \
  46 91 11.5 0.710938 22.5 91 11.25 0.710938 
7173:  Double_t \
  190 -95 411.6 45.5 45.5 0.6 91 22.5 0.710938 11.25  \
  91 46 0.710938 11.5 91 22.5 0.710938 11.25 
7189:  Double_t \
  190 -95 456.6 45.5 45.5 0.6 22.5 91 11.25 0.710938  \
  46 91 11.5 0.710938 22.5 91 11.25 0.710938 
7205:  Double_t \
  190 -95 501.6 45.5 45.5 0.6 91 22.5 0.710938 11.25  \
  91 46 0.710938 11.5 91 22.5 0.710938 11.25 
7221:  Double_t \
  190 -95 546.6 45.5 45.5 0.6 22.5 91 11.25 0.710938  \
  46 91 11.5 0.710938 22.5 91 11.25 0.710938 
7237:  Double_t \
  190 -95 591.6 45.5 45.5 0.6 91 30 0.710938 7.5  \
  91 31 0.710938 7.75 91 30 0.710938 7.5 
7253:  Double_t \
  190 -95 636.6 45.5 45.5 0.6 30 91 7.5 0.710938  \
  31 91 7.75 0.710938 30 91 7.5 0.710938 
7269:  Double_t \
  190 -95 681.6 45.5 45.5 0.6 91 30 0.710938 7.5  \
  91 31 0.710938 7.75 91 30 0.710938 7.5 
7285:  Double_t \
  190 -95 726.6 45.5 45.5 0.6 30 91 7.5 0.710938  \
  31 91 7.75 0.710938 30 91 7.5 0.710938 
7301:  Double_t \
  285 -190 771.6 45.5 45.5 0.6 91 22.5 0.710938 11.25  \
  91 46 0.710938 11.5 91 22.5 0.710938 11.25 
7317:  Double_t \
  285 -190 816.6 45.5 45.5 0.6 22.5 91 11.25 0.710938  \
  46 91 11.5 0.710938 22.5 91 11.25 0.710938 
7429:  Double_t \
  -190 0 411.6 45.5 45.5 0.6 91 22.5 0.710938 11.25  \
  91 46 0.710938 11.5 91 22.5 0.710938 11.25 
7445:  Double_t \
  -190 0 456.6 45.5 45.5 0.6 22.5 91 11.25 0.710938  \
  46 91 11.5 0.710938 22.5 91 11.25 0.710938 
7461:  Double_t \
  -190 0 501.6 45.5 45.5 0.6 91 22.5 0.710938 11.25  \
  91 46 0.710938 11.5 91 22.5 0.710938 11.25 
7477:  Double_t \
  -190 0 546.6 45.5 45.5 0.6 22.5 91 11.25 0.710938  \
  46 91 11.5 0.710938 22.5 91 11.25 0.710938 
7493:  Double_t \
  -190 0 591.6 45.5 45.5 0.6 91 30 0.710938 7.5  \
  91 31 0.710938 7.75 91 30 0.710938 7.5 
7509:  Double_t \
  -190 0 636.6 45.5 45.5 0.6 30 91 7.5 0.710938  \
  31 91 7.75 0.710938 30 91 7.5 0.710938 
7525:  Double_t \
  -190 0 681.6 45.5 45.5 0.6 91 30 0.710938 7.5  \
  91 31 0.710938 7.75 91 30 0.710938 7.5 
7541:  Double_t \
  -190 0 726.6 45.5 45.5 0.6 30 91 7.5 0.710938  \
  31 91 7.75 0.710938 30 91 7.5 0.710938 
7557:  Double_t \
  -285 -95 771.6 45.5 45.5 0.6 91 22.5 0.710938 11.25  \
  91 46 0.710938 11.5 91 22.5 0.710938 11.25 
7573:  Double_t \
  -285 -95 816.6 45.5 45.5 0.6 22.5 91 11.25 0.710938  \
  46 91 11.5 0.710938 22.5 91 11.25 0.710938 
7685:  Double_t \
  190 0 411.6 45.5 45.5 0.6 91 22.5 0.710938 11.25  \
  91 46 0.710938 11.5 91 22.5 0.710938 11.25 
7701:  Double_t \
  190 0 456.6 45.5 45.5 0.6 22.5 91 11.25 0.710938  \
  46 91 11.5 0.710938 22.5 91 11.25 0.710938 
7717:  Double_t \
  190 0 501.6 45.5 45.5 0.6 91 22.5 0.710938 11.25  \
  91 46 0.710938 11.5 91 22.5 0.710938 11.25 
7733:  Double_t \
  190 0 546.6 45.5 45.5 0.6 22.5 91 11.25 0.710938  \
  46 91 11.5 0.710938 22.5 91 11.25 0.710938 
7749:  Double_t \
  190 0 591.6 45.5 45.5 0.6 91 30 0.710938 7.5  \
  91 31 0.710938 7.75 91 30 0.710938 7.5 
7765:  Double_t \
  190 0 636.6 45.5 45.5 0.6 30 91 7.5 0.710938  \
  31 91 7.75 0.710938 30 91 7.5 0.710938 
7781:  Double_t \
  190 0 681.6 45.5 45.5 0.6 91 30 0.710938 7.5  \
  91 31 0.710938 7.75 91 30 0.710938 7.5 
7797:  Double_t \
  190 0 726.6 45.5 45.5 0.6 30 91 7.5 0.710938  \
  31 91 7.75 0.710938 30 91 7.5 0.710938 
7813:  Double_t \
  285 -95 771.6 45.5 45.5 0.6 91 22.5 0.710938 11.25  \
  91 46 0.710938 11.5 91 22.5 0.710938 11.25 
7829:  Double_t \
  285 -95 816.6 45.5 45.5 0.6 22.5 91 11.25 0.710938  \
  46 91 11.5 0.710938 22.5 91 11.25 0.710938 
7941:  Double_t \
  -190 95 411.6 45.5 45.5 0.6 91 22.5 0.710938 11.25  \
  91 46 0.710938 11.5 91 22.5 0.710938 11.25 
7957:  Double_t \
  -190 95 456.6 45.5 45.5 0.6 22.5 91 11.25 0.710938  \
  46 91 11.5 0.710938 22.5 91 11.25 0.710938 
7973:  Double_t \
  -190 95 501.6 45.5 45.5 0.6 91 22.5 0.710938 11.25  \
  91 46 0.710938 11.5 91 22.5 0.710938 11.25 
7989:  Double_t \
  -190 95 546.6 45.5 45.5 0.6 22.5 91 11.25 0.710938  \
  46 91 11.5 0.710938 22.5 91 11.25 0.710938 
8005:  Double_t \
  -190 95 591.6 45.5 45.5 0.6 91 30 0.710938 7.5  \
  91 31 0.710938 7.75 91 30 0.710938 7.5 
8021:  Double_t \
  -190 95 636.6 45.5 45.5 0.6 30 91 7.5 0.710938  \
  31 91 7.75 0.710938 30 91 7.5 0.710938 
8037:  Double_t \
  -190 95 681.6 45.5 45.5 0.6 91 30 0.710938 7.5  \
  91 31 0.710938 7.75 91 30 0.710938 7.5 
8053:  Double_t \
  -190 95 726.6 45.5 45.5 0.6 30 91 7.5 0.710938  \
  31 91 7.75 0.710938 30 91 7.5 0.710938 
8069:  Double_t \
  -285 0 771.6 45.5 45.5 0.6 91 22.5 0.710938 11.25  \
  91 46 0.710938 11.5 91 22.5 0.710938 11.25 
8085:  Double_t \
  -285 0 816.6 45.5 45.5 0.6 22.5 91 11.25 0.710938  \
  46 91 11.5 0.710938 22.5 91 11.25 0.710938 
8197:  Double_t \
  190 95 411.6 45.5 45.5 0.6 91 22.5 0.710938 11.25  \
  91 46 0.710938 11.5 91 22.5 0.710938 11.25 
8213:  Double_t \
  190 95 456.6 45.5 45.5 0.6 22.5 91 11.25 0.710938  \
  46 91 11.5 0.710938 22.5 91 11.25 0.710938 
8229:  Double_t \
  190 95 501.6 45.5 45.5 0.6 91 22.5 0.710938 11.25  \
  91 46 0.710938 11.5 91 22.5 0.710938 11.25 
8245:  Double_t \
  190 95 546.6 45.5 45.5 0.6 22.5 91 11.25 0.710938  \
  46 91 11.5 0.710938 22.5 91 11.25 0.710938 
8261:  Double_t \
  190 95 591.6 45.5 45.5 0.6 91 30 0.710938 7.5  \
  91 31 0.710938 7.75 91 30 0.710938 7.5 
8277:  Double_t \
  190 95 636.6 45.5 45.5 0.6 30 91 7.5 0.710938  \
  31 91 7.75 0.710938 30 91 7.5 0.710938 
8293:  Double_t \
  190 95 681.6 45.5 45.5 0.6 91 30 0.710938 7.5  \
  91 31 0.710938 7.75 91 30 0.710938 7.5 
8309:  Double_t \
  190 95 726.6 45.5 45.5 0.6 30 91 7.5 0.710938  \
  31 91 7.75 0.710938 30 91 7.5 0.710938 
8325:  Double_t \
  285 0 771.6 45.5 45.5 0.6 91 22.5 0.710938 11.25  \
  91 46 0.710938 11.5 91 22.5 0.710938 11.25 
8341:  Double_t \
  285 0 816.6 45.5 45.5 0.6 22.5 91 11.25 0.710938  \
  46 91 11.5 0.710938 22.5 91 11.25 0.710938 
8453:  Double_t \
  -95 190 411.6 45.5 45.5 0.6 91 22.5 0.710938 11.25  \
  91 46 0.710938 11.5 91 22.5 0.710938 11.25 
8469:  Double_t \
  -95 190 456.6 45.5 45.5 0.6 22.5 91 11.25 0.710938  \
  46 91 11.5 0.710938 22.5 91 11.25 0.710938 
8485:  Double_t \
  -95 190 501.6 45.5 45.5 0.6 91 22.5 0.710938 11.25  \
  91 46 0.710938 11.5 91 22.5 0.710938 11.25 
8501:  Double_t \
  -95 190 546.6 45.5 45.5 0.6 22.5 91 11.25 0.710938  \
  46 91 11.5 0.710938 22.5 91 11.25 0.710938 
8517:  Double_t \
  -95 190 591.6 45.5 45.5 0.6 91 30 0.710938 7.5  \
  91 31 0.710938 7.75 91 30 0.710938 7.5 
8533:  Double_t \
  -95 190 636.6 45.5 45.5 0.6 30 91 7.5 0.710938  \
  31 91 7.75 0.710938 30 91 7.5 0.710938 
8549:  Double_t \
  -95 190 681.6 45.5 45.5 0.6 91 30 0.710938 7.5  \
  91 31 0.710938 7.75 91 30 0.710938 7.5 
8565:  Double_t \
  -95 190 726.6 45.5 45.5 0.6 30 91 7.5 0.710938  \
  31 91 7.75 0.710938 30 91 7.5 0.710938 
8581:  Double_t \
  -285 95 771.6 45.5 45.5 0.6 91 22.5 0.710938 11.25  \
  91 46 0.710938 11.5 91 22.5 0.710938 11.25 
8597:  Double_t \
  -285 95 816.6 45.5 45.5 0.6 22.5 91 11.25 0.710938  \
  46 91 11.5 0.710938 22.5 91 11.25 0.710938 
8709:  Double_t \
  0 190 411.6 45.5 45.5 0.6 91 22.5 0.710938 11.25  \
  91 46 0.710938 11.5 91 22.5 0.710938 11.25 
8725:  Double_t \
  0 190 456.6 45.5 45.5 0.6 22.5 91 11.25 0.710938  \
  46 91 11.5 0.710938 22.5 91 11.25 0.710938 
8741:  Double_t \
  0 190 501.6 45.5 45.5 0.6 91 22.5 0.710938 11.25  \
  91 46 0.710938 11.5 91 22.5 0.710938 11.25 
8757:  Double_t \
  0 190 546.6 45.5 45.5 0.6 22.5 91 11.25 0.710938  \
  46 91 11.5 0.710938 22.5 91 11.25 0.710938 
8773:  Double_t \
  0 190 591.6 45.5 45.5 0.6 91 30 0.710938 7.5  \
  91 31 0.710938 7.75 91 30 0.710938 7.5 
8789:  Double_t \
  0 190 636.6 45.5 45.5 0.6 30 91 7.5 0.710938  \
  31 91 7.75 0.710938 30 91 7.5 0.710938 
8805:  Double_t \
  0 190 681.6 45.5 45.5 0.6 91 30 0.710938 7.5  \
  91 31 0.710938 7.75 91 30 0.710938 7.5 
8821:  Double_t \
  0 190 726.6 45.5 45.5 0.6 30 91 7.5 0.710938  \
  31 91 7.75 0.710938 30 91 7.5 0.710938 
8837:  Double_t \
  285 95 771.6 45.5 45.5 0.6 91 22.5 0.710938 11.25  \
  91 46 0.710938 11.5 91 22.5 0.710938 11.25 
8853:  Double_t \
  285 95 816.6 45.5 45.5 0.6 22.5 91 11.25 0.710938  \
  46 91 11.5 0.710938 22.5 91 11.25 0.710938 
8965:  Double_t \
  95 190 411.6 45.5 45.5 0.6 91 22.5 0.710938 11.25  \
  91 46 0.710938 11.5 91 22.5 0.710938 11.25 
8981:  Double_t \
  95 190 456.6 45.5 45.5 0.6 22.5 91 11.25 0.710938  \
  46 91 11.5 0.710938 22.5 91 11.25 0.710938 
8997:  Double_t \
  95 190 501.6 45.5 45.5 0.6 91 22.5 0.710938 11.25  \
  91 46 0.710938 11.5 91 22.5 0.710938 11.25 
9013:  Double_t \
  95 190 546.6 45.5 45.5 0.6 22.5 91 11.25 0.710938  \
  46 91 11.5 0.710938 22.5 91 11.25 0.710938 
9029:  Double_t \
  95 190 591.6 45.5 45.5 0.6 91 30 0.710938 7.5  \
  91 31 0.710938 7.75 91 30 0.710938 7.5 
9045:  Double_t \
  95 190 636.6 45.5 45.5 0.6 30 91 7.5 0.710938  \
  31 91 7.75 0.710938 30 91 7.5 0.710938 
9061:  Double_t \
  95 190 681.6 45.5 45.5 0.6 91 30 0.710938 7.5  \
  91 31 0.710938 7.75 91 30 0.710938 7.5 
9077:  Double_t \
  95 190 726.6 45.5 45.5 0.6 30 91 7.5 0.710938  \
  31 91 7.75 0.710938 30 91 7.5 0.710938 
9093:  Double_t \
  -285 190 771.6 45.5 45.5 0.6 91 22.5 0.710938 11.25  \
  91 46 0.710938 11.5 91 22.5 0.710938 11.25 
9109:  Double_t \
  -285 190 816.6 45.5 45.5 0.6 22.5 91 11.25 0.710938  \
  46 91 11.5 0.710938 22.5 91 11.25 0.710938 
9221:  Double_t \
  -285 -190 411.6 45.5 45.5 0.6 91 30 0.710938 15  \
  91 31 0.710938 15.5 91 30 0.710938 15 
9237:  Double_t \
  -285 -190 456.6 45.5 45.5 0.6 30 91 15 0.710938  \
  31 91 15.5 0.710938 30 91 15 0.710938 
9253:  Double_t \
  -285 -190 501.6 45.5 45.5 0.6 91 30 0.710938 15  \
  91 31 0.710938 15.5 91 30 0.710938 15 
9269:  Double_t \
  -285 -190 546.6 45.5 45.5 0.6 30 91 15 0.710938  \
  31 91 15.5 0.710938 30 91 15 0.710938 
9285:  Double_t \
  -380 -285 591.6 45.5 45.5 0.6 91 30 0.710938 15  \
  91 31 0.710938 15.5 91 30 0.710938 15 
9301:  Double_t \
  -380 -285 636.6 45.5 45.5 0.6 30 91 15 0.710938  \
  31 91 15.5 0.710938 30 91 15 0.710938 
9317:  Double_t \
  -380 -285 681.6 45.5 45.5 0.6 91 30 0.710938 15  \
  91 31 0.710938 15.5 91 30 0.710938 15 
9333:  Double_t \
  -380 -285 726.6 45.5 45.5 0.6 30 91 15 0.710938  \
  31 91 15.5 0.710938 30 91 15 0.710938 
9349:  Double_t \
  -190 190 771.6 45.5 45.5 0.6 91 22.5 0.710938 11.25  \
  91 46 0.710938 11.5 91 22.5 0.710938 11.25 
9365:  Double_t \
  -190 190 816.6 45.5 45.5 0.6 22.5 91 11.25 0.710938  \
  46 91 11.5 0.710938 22.5 91 11.25 0.710938 
9477:  Double_t \
  -190 -190 411.6 45.5 45.5 0.6 91 30 0.710938 15  \
  91 31 0.710938 15.5 91 30 0.710938 15 
9493:  Double_t \
  -190 -190 456.6 45.5 45.5 0.6 30 91 15 0.710938  \
  31 91 15.5 0.710938 30 91 15 0.710938 
9509:  Double_t \
  -190 -190 501.6 45.5 45.5 0.6 91 30 0.710938 15  \
  91 31 0.710938 15.5 91 30 0.710938 15 
9525:  Double_t \
  -190 -190 546.6 45.5 45.5 0.6 30 91 15 0.710938  \
  31 91 15.5 0.710938 30 91 15 0.710938 
9541:  Double_t \
  -285 -285 591.6 45.5 45.5 0.6 91 30 0.710938 15  \
  91 31 0.710938 15.5 91 30 0.710938 15 
9557:  Double_t \
  -285 -285 636.6 45.5 45.5 0.6 30 91 15 0.710938  \
  31 91 15.5 0.710938 30 91 15 0.710938 
9573:  Double_t \
  -285 -285 681.6 45.5 45.5 0.6 91 30 0.710938 15  \
  91 31 0.710938 15.5 91 30 0.710938 15 
9589:  Double_t \
  -285 -285 726.6 45.5 45.5 0.6 30 91 15 0.710938  \
  31 91 15.5 0.710938 30 91 15 0.710938 
9605:  Double_t \
  190 190 771.6 45.5 45.5 0.6 91 22.5 0.710938 11.25  \
  91 46 0.710938 11.5 91 22.5 0.710938 11.25 
9621:  Double_t \
  190 190 816.6 45.5 45.5 0.6 22.5 91 11.25 0.710938  \
  46 91 11.5 0.710938 22.5 91 11.25 0.710938 
9733:  Double_t \
  190 -190 411.6 45.5 45.5 0.6 91 30 0.710938 15  \
  91 31 0.710938 15.5 91 30 0.710938 15 
9749:  Double_t \
  190 -190 456.6 45.5 45.5 0.6 30 91 15 0.710938  \
  31 91 15.5 0.710938 30 91 15 0.710938 
9765:  Double_t \
  190 -190 501.6 45.5 45.5 0.6 91 30 0.710938 15  \
  91 31 0.710938 15.5 91 30 0.710938 15 
9781:  Double_t \
  190 -190 546.6 45.5 45.5 0.6 30 91 15 0.710938  \
  31 91 15.5 0.710938 30 91 15 0.710938 
9797:  Double_t \
  -190 -285 591.6 45.5 45.5 0.6 91 30 0.710938 15  \
  91 31 0.710938 15.5 91 30 0.710938 15 
9813:  Double_t \
  -190 -285 636.6 45.5 45.5 0.6 30 91 15 0.710938  \
  31 91 15.5 0.710938 30 91 15 0.710938 
9829:  Double_t \
  -190 -285 681.6 45.5 45.5 0.6 91 30 0.710938 15  \
  91 31 0.710938 15.5 91 30 0.710938 15 
9845:  Double_t \
  -190 -285 726.6 45.5 45.5 0.6 30 91 15 0.710938  \
  31 91 15.5 0.710938 30 91 15 0.710938 
9861:  Double_t \
  285 190 771.6 45.5 45.5 0.6 91 22.5 0.710938 11.25  \
  91 46 0.710938 11.5 91 22.5 0.710938 11.25 
9877:  Double_t \
  285 190 816.6 45.5 45.5 0.6 22.5 91 11.25 0.710938  \
  46 91 11.5 0.710938 22.5 91 11.25 0.710938 
9989:  Double_t \
  285 -190 411.6 45.5 45.5 0.6 91 30 0.710938 15  \
  91 31 0.710938 15.5 91 30 0.710938 15 
10005:  Double_t \
  285 -190 456.6 45.5 45.5 0.6 30 91 15 0.710938  \
  31 91 15.5 0.710938 30 91 15 0.710938 
10021:  Double_t \
  285 -190 501.6 45.5 45.5 0.6 91 30 0.710938 15  \
  91 31 0.710938 15.5 91 30 0.710938 15 
10037:  Double_t \
  285 -190 546.6 45.5 45.5 0.6 30 91 15 0.710938  \
  31 91 15.5 0.710938 30 91 15 0.710938 
10053:  Double_t \
  -95 -285 591.6 45.5 45.5 0.6 91 30 0.710938 15  \
  91 31 0.710938 15.5 91 30 0.710938 15 
10069:  Double_t \
  -95 -285 636.6 45.5 45.5 0.6 30 91 15 0.710938  \
  31 91 15.5 0.710938 30 91 15 0.710938 
10085:  Double_t \
  -95 -285 681.6 45.5 45.5 0.6 91 30 0.710938 15  \
  91 31 0.710938 15.5 91 30 0.710938 15 
10101:  Double_t \
  -95 -285 726.6 45.5 45.5 0.6 30 91 15 0.710938  \
  31 91 15.5 0.710938 30 91 15 0.710938 
10117:  Double_t \
  -190 285 771.6 45.5 45.5 0.6 91 22.5 0.710938 11.25  \
  91 46 0.710938 11.5 91 22.5 0.710938 11.25 
10133:  Double_t \
  -190 285 816.6 45.5 45.5 0.6 22.5 91 11.25 0.710938  \
  46 91 11.5 0.710938 22.5 91 11.25 0.710938 
10245:  Double_t \
  -285 -95 411.6 45.5 45.5 0.6 91 30 0.710938 15  \
  91 31 0.710938 15.5 91 30 0.710938 15 
10261:  Double_t \
  -285 -95 456.6 45.5 45.5 0.6 30 91 15 0.710938  \
  31 91 15.5 0.710938 30 91 15 0.710938 
10277:  Double_t \
  -285 -95 501.6 45.5 45.5 0.6 91 30 0.710938 15  \
  91 31 0.710938 15.5 91 30 0.710938 15 
10293:  Double_t \
  -285 -95 546.6 45.5 45.5 0.6 30 91 15 0.710938  \
  31 91 15.5 0.710938 30 91 15 0.710938 
10309:  Double_t \
  0 -285 591.6 45.5 45.5 0.6 91 30 0.710938 15  \
  91 31 0.710938 15.5 91 30 0.710938 15 
10325:  Double_t \
  0 -285 636.6 45.5 45.5 0.6 30 91 15 0.710938  \
  31 91 15.5 0.710938 30 91 15 0.710938 
10341:  Double_t \
  0 -285 681.6 45.5 45.5 0.6 91 30 0.710938 15  \
  91 31 0.710938 15.5 91 30 0.710938 15 
10357:  Double_t \
  0 -285 726.6 45.5 45.5 0.6 30 91 15 0.710938  \
  31 91 15.5 0.710938 30 91 15 0.710938 
10373:  Double_t \
  -95 285 771.6 45.5 45.5 0.6 91 22.5 0.710938 11.25  \
  91 46 0.710938 11.5 91 22.5 0.710938 11.25 
10389:  Double_t \
  -95 285 816.6 45.5 45.5 0.6 22.5 91 11.25 0.710938  \
  46 91 11.5 0.710938 22.5 91 11.25 0.710938 
10501:  Double_t \
  285 -95 411.6 45.5 45.5 0.6 91 30 0.710938 15  \
  91 31 0.710938 15.5 91 30 0.710938 15 
10517:  Double_t \
  285 -95 456.6 45.5 45.5 0.6 30 91 15 0.710938  \
  31 91 15.5 0.710938 30 91 15 0.710938 
10533:  Double_t \
  285 -95 501.6 45.5 45.5 0.6 91 30 0.710938 15  \
  91 31 0.710938 15.5 91 30 0.710938 15 
10549:  Double_t \
  285 -95 546.6 45.5 45.5 0.6 30 91 15 0.710938  \
  31 91 15.5 0.710938 30 91 15 0.710938 
10565:  Double_t \
  95 -285 591.6 45.5 45.5 0.6 91 30 0.710938 15  \
  91 31 0.710938 15.5 91 30 0.710938 15 
10581:  Double_t \
  95 -285 636.6 45.5 45.5 0.6 30 91 15 0.710938  \
  31 91 15.5 0.710938 30 91 15 0.710938 
10597:  Double_t \
  95 -285 681.6 45.5 45.5 0.6 91 30 0.710938 15  \
  91 31 0.710938 15.5 91 30 0.710938 15 
10613:  Double_t \
  95 -285 726.6 45.5 45.5 0.6 30 91 15 0.710938  \
  31 91 15.5 0.710938 30 91 15 0.710938 
10629:  Double_t \
  0 285 771.6 45.5 45.5 0.6 91 22.5 0.710938 11.25  \
  91 46 0.710938 11.5 91 22.5 0.710938 11.25 
10645:  Double_t \
  0 285 816.6 45.5 45.5 0.6 22.5 91 11.25 0.710938  \
  46 91 11.5 0.710938 22.5 91 11.25 0.710938 
10757:  Double_t \
  -285 0 411.6 45.5 45.5 0.6 91 30 0.710938 15  \
  91 31 0.710938 15.5 91 30 0.710938 15 
10773:  Double_t \
  -285 0 456.6 45.5 45.5 0.6 30 91 15 0.710938  \
  31 91 15.5 0.710938 30 91 15 0.710938 
10789:  Double_t \
  -285 0 501.6 45.5 45.5 0.6 91 30 0.710938 15  \
  91 31 0.710938 15.5 91 30 0.710938 15 
10805:  Double_t \
  -285 0 546.6 45.5 45.5 0.6 30 91 15 0.710938  \
  31 91 15.5 0.710938 30 91 15 0.710938 
10821:  Double_t \
  190 -285 591.6 45.5 45.5 0.6 91 30 0.710938 15  \
  91 31 0.710938 15.5 91 30 0.710938 15 
10837:  Double_t \
  190 -285 636.6 45.5 45.5 0.6 30 91 15 0.710938  \
  31 91 15.5 0.710938 30 91 15 0.710938 
10853:  Double_t \
  190 -285 681.6 45.5 45.5 0.6 91 30 0.710938 15  \
  91 31 0.710938 15.5 91 30 0.710938 15 
10869:  Double_t \
  190 -285 726.6 45.5 45.5 0.6 30 91 15 0.710938  \
  31 91 15.5 0.710938 30 91 15 0.710938 
10885:  Double_t \
  95 285 771.6 45.5 45.5 0.6 91 22.5 0.710938 11.25  \
  91 46 0.710938 11.5 91 22.5 0.710938 11.25 
10901:  Double_t \
  95 285 816.6 45.5 45.5 0.6 22.5 91 11.25 0.710938  \
  46 91 11.5 0.710938 22.5 91 11.25 0.710938 
11013:  Double_t \
  285 0 411.6 45.5 45.5 0.6 91 30 0.710938 15  \
  91 31 0.710938 15.5 91 30 0.710938 15 
11029:  Double_t \
  285 0 456.6 45.5 45.5 0.6 30 91 15 0.710938  \
  31 91 15.5 0.710938 30 91 15 0.710938 
11045:  Double_t \
  285 0 501.6 45.5 45.5 0.6 91 30 0.710938 15  \
  91 31 0.710938 15.5 91 30 0.710938 15 
11061:  Double_t \
  285 0 546.6 45.5 45.5 0.6 30 91 15 0.710938  \
  31 91 15.5 0.710938 30 91 15 0.710938 
11077:  Double_t \
  285 -285 591.6 45.5 45.5 0.6 91 30 0.710938 15  \
  91 31 0.710938 15.5 91 30 0.710938 15 
11093:  Double_t \
  285 -285 636.6 45.5 45.5 0.6 30 91 15 0.710938  \
  31 91 15.5 0.710938 30 91 15 0.710938 
11109:  Double_t \
  285 -285 681.6 45.5 45.5 0.6 91 30 0.710938 15  \
  91 31 0.710938 15.5 91 30 0.710938 15 
11125:  Double_t \
  285 -285 726.6 45.5 45.5 0.6 30 91 15 0.710938  \
  31 91 15.5 0.710938 30 91 15 0.710938 
11141:  Double_t \
  190 285 771.6 45.5 45.5 0.6 91 22.5 0.710938 11.25  \
  91 46 0.710938 11.5 91 22.5 0.710938 11.25 
11157:  Double_t \
  190 285 816.6 45.5 45.5 0.6 22.5 91 11.25 0.710938  \
  46 91 11.5 0.710938 22.5 91 11.25 0.710938 
11269:  Double_t \
  -285 95 411.6 45.5 45.5 0.6 91 30 0.710938 15  \
  91 31 0.710938 15.5 91 30 0.710938 15 
11285:  Double_t \
  -285 95 456.6 45.5 45.5 0.6 30 91 15 0.710938  \
  31 91 15.5 0.710938 30 91 15 0.710938 
11301:  Double_t \
  -285 95 501.6 45.5 45.5 0.6 91 30 0.710938 15  \
  91 31 0.710938 15.5 91 30 0.710938 15 
11317:  Double_t \
  -285 95 546.6 45.5 45.5 0.6 30 91 15 0.710938  \
  31 91 15.5 0.710938 30 91 15 0.710938 
11333:  Double_t \
  380 -285 591.6 45.5 45.5 0.6 91 30 0.710938 15  \
  91 31 0.710938 15.5 91 30 0.710938 15 
11349:  Double_t \
  380 -285 636.6 45.5 45.5 0.6 30 91 15 0.710938  \
  31 91 15.5 0.710938 30 91 15 0.710938 
11365:  Double_t \
  380 -285 681.6 45.5 45.5 0.6 91 30 0.710938 15  \
  91 31 0.710938 15.5 91 30 0.710938 15 
11381:  Double_t \
  380 -285 726.6 45.5 45.5 0.6 30 91 15 0.710938  \
  31 91 15.5 0.710938 30 91 15 0.710938 
11397:  Double_t \
  -475 -380 771.6 45.5 45.5 0.6 91 30 0.710938 15  \
  91 31 0.710938 15.5 91 30 0.710938 15 
11413:  Double_t \
  -475 -380 816.6 45.5 45.5 0.6 30 91 15 0.710938  \
  31 91 15.5 0.710938 30 91 15 0.710938 
11525:  Double_t \
  285 95 411.6 45.5 45.5 0.6 91 30 0.710938 15  \
  91 31 0.710938 15.5 91 30 0.710938 15 
11541:  Double_t \
  285 95 456.6 45.5 45.5 0.6 30 91 15 0.710938  \
  31 91 15.5 0.710938 30 91 15 0.710938 
11557:  Double_t \
  285 95 501.6 45.5 45.5 0.6 91 30 0.710938 15  \
  91 31 0.710938 15.5 91 30 0.710938 15 
11573:  Double_t \
  285 95 546.6 45.5 45.5 0.6 30 91 15 0.710938  \
  31 91 15.5 0.710938 30 91 15 0.710938 
11589:  Double_t \
  -380 -190 591.6 45.5 45.5 0.6 91 30 0.710938 15  \
  91 31 0.710938 15.5 91 30 0.710938 15 
11605:  Double_t \
  -380 -190 636.6 45.5 45.5 0.6 30 91 15 0.710938  \
  31 91 15.5 0.710938 30 91 15 0.710938 
11621:  Double_t \
  -380 -190 681.6 45.5 45.5 0.6 91 30 0.710938 15  \
  91 31 0.710938 15.5 91 30 0.710938 15 
11637:  Double_t \
  -380 -190 726.6 45.5 45.5 0.6 30 91 15 0.710938  \
  31 91 15.5 0.710938 30 91 15 0.710938 
11653:  Double_t \
  -380 -380 771.6 45.5 45.5 0.6 91 30 0.710938 15  \
  91 31 0.710938 15.5 91 30 0.710938 15 
11669:  Double_t \
  -380 -380 816.6 45.5 45.5 0.6 30 91 15 0.710938  \
  31 91 15.5 0.710938 30 91 15 0.710938 
11781:  Double_t \
  -285 190 411.6 45.5 45.5 0.6 91 30 0.710938 15  \
  91 31 0.710938 15.5 91 30 0.710938 15 
11797:  Double_t \
  -285 190 456.6 45.5 45.5 0.6 30 91 15 0.710938  \
  31 91 15.5 0.710938 30 91 15 0.710938 
11813:  Double_t \
  -285 190 501.6 45.5 45.5 0.6 91 30 0.710938 15  \
  91 31 0.710938 15.5 91 30 0.710938 15 
11829:  Double_t \
  -285 190 546.6 45.5 45.5 0.6 30 91 15 0.710938  \
  31 91 15.5 0.710938 30 91 15 0.710938 
11845:  Double_t \
  -285 -190 591.6 45.5 45.5 0.6 91 30 0.710938 15  \
  91 31 0.710938 15.5 91 30 0.710938 15 
11861:  Double_t \
  -285 -190 636.6 45.5 45.5 0.6 30 91 15 0.710938  \
  31 91 15.5 0.710938 30 91 15 0.710938 
11877:  Double_t \
  -285 -190 681.6 45.5 45.5 0.6 91 30 0.710938 15  \
  91 31 0.710938 15.5 91 30 0.710938 15 
11893:  Double_t \
  -285 -190 726.6 45.5 45.5 0.6 30 91 15 0.710938  \
  31 91 15.5 0.710938 30 91 15 0.710938 
11909:  Double_t \
  -285 -380 771.6 45.5 45.5 0.6 91 30 0.710938 15  \
  91 31 0.710938 15.5 91 30 0.710938 15 
11925:  Double_t \
  -285 -380 816.6 45.5 45.5 0.6 30 91 15 0.710938  \
  31 91 15.5 0.710938 30 91 15 0.710938 
12037:  Double_t \
  -190 190 411.6 45.5 45.5 0.6 91 30 0.710938 15  \
  91 31 0.710938 15.5 91 30 0.710938 15 
12053:  Double_t \
  -190 190 456.6 45.5 45.5 0.6 30 91 15 0.710938  \
  31 91 15.5 0.710938 30 91 15 0.710938 
12069:  Double_t \
  -190 190 501.6 45.5 45.5 0.6 91 30 0.710938 15  \
  91 31 0.710938 15.5 91 30 0.710938 15 
12085:  Double_t \
  -190 190 546.6 45.5 45.5 0.6 30 91 15 0.710938  \
  31 91 15.5 0.710938 30 91 15 0.710938 
12101:  Double_t \
  -190 -190 591.6 45.5 45.5 0.6 91 30 0.710938 15  \
  91 31 0.710938 15.5 91 30 0.710938 15 
12117:  Double_t \
  -190 -190 636.6 45.5 45.5 0.6 30 91 15 0.710938  \
  31 91 15.5 0.710938 30 91 15 0.710938 
12133:  Double_t \
  -190 -190 681.6 45.5 45.5 0.6 91 30 0.710938 15  \
  91 31 0.710938 15.5 91 30 0.710938 15 
12149:  Double_t \
  -190 -190 726.6 45.5 45.5 0.6 30 91 15 0.710938  \
  31 91 15.5 0.710938 30 91 15 0.710938 
12165:  Double_t \
  -190 -380 771.6 45.5 45.5 0.6 91 30 0.710938 15  \
  91 31 0.710938 15.5 91 30 0.710938 15 
12181:  Double_t \
  -190 -380 816.6 45.5 45.5 0.6 30 91 15 0.710938  \
  31 91 15.5 0.710938 30 91 15 0.710938 
12293:  Double_t \
  190 190 411.6 45.5 45.5 0.6 91 30 0.710938 15  \
  91 31 0.710938 15.5 91 30 0.710938 15 
12309:  Double_t \
  190 190 456.6 45.5 45.5 0.6 30 91 15 0.710938  \
  31 91 15.5 0.710938 30 91 15 0.710938 
12325:  Double_t \
  190 190 501.6 45.5 45.5 0.6 91 30 0.710938 15  \
  91 31 0.710938 15.5 91 30 0.710938 15 
12341:  Double_t \
  190 190 546.6 45.5 45.5 0.6 30 91 15 0.710938  \
  31 91 15.5 0.710938 30 91 15 0.710938 
12357:  Double_t \
  190 -190 591.6 45.5 45.5 0.6 91 30 0.710938 15  \
  91 31 0.710938 15.5 91 30 0.710938 15 
12373:  Double_t \
  190 -190 636.6 45.5 45.5 0.6 30 91 15 0.710938  \
  31 91 15.5 0.710938 30 91 15 0.710938 
12389:  Double_t \
  190 -190 681.6 45.5 45.5 0.6 91 30 0.710938 15  \
  91 31 0.710938 15.5 91 30 0.710938 15 
12405:  Double_t \
  190 -190 726.6 45.5 45.5 0.6 30 91 15 0.710938  \
  31 91 15.5 0.710938 30 91 15 0.710938 
12421:  Double_t \
  -95 -380 771.6 45.5 45.5 0.6 91 30 0.710938 15  \
  91 31 0.710938 15.5 91 30 0.710938 15 
12437:  Double_t \
  -95 -380 816.6 45.5 45.5 0.6 30 91 15 0.710938  \
  31 91 15.5 0.710938 30 91 15 0.710938 
12549:  Double_t \
  285 190 411.6 45.5 45.5 0.6 91 30 0.710938 15  \
  91 31 0.710938 15.5 91 30 0.710938 15 
12565:  Double_t \
  285 190 456.6 45.5 45.5 0.6 30 91 15 0.710938  \
  31 91 15.5 0.710938 30 91 15 0.710938 
12581:  Double_t \
  285 190 501.6 45.5 45.5 0.6 91 30 0.710938 15  \
  91 31 0.710938 15.5 91 30 0.710938 15 
12597:  Double_t \
  285 190 546.6 45.5 45.5 0.6 30 91 15 0.710938  \
  31 91 15.5 0.710938 30 91 15 0.710938 
12613:  Double_t \
  285 -190 591.6 45.5 45.5 0.6 91 30 0.710938 15  \
  91 31 0.710938 15.5 91 30 0.710938 15 
12629:  Double_t \
  285 -190 636.6 45.5 45.5 0.6 30 91 15 0.710938  \
  31 91 15.5 0.710938 30 91 15 0.710938 
12645:  Double_t \
  285 -190 681.6 45.5 45.5 0.6 91 30 0.710938 15  \
  91 31 0.710938 15.5 91 30 0.710938 15 
12661:  Double_t \
  285 -190 726.6 45.5 45.5 0.6 30 91 15 0.710938  \
  31 91 15.5 0.710938 30 91 15 0.710938 
12677:  Double_t \
  0 -380 771.6 45.5 45.5 0.6 91 30 0.710938 15  \
  91 31 0.710938 15.5 91 30 0.710938 15 
12693:  Double_t \
  0 -380 816.6 45.5 45.5 0.6 30 91 15 0.710938  \
  31 91 15.5 0.710938 30 91 15 0.710938 
12869:  Double_t \
  380 -190 591.6 45.5 45.5 0.6 91 30 0.710938 15  \
  91 31 0.710938 15.5 91 30 0.710938 15 
12885:  Double_t \
  380 -190 636.6 45.5 45.5 0.6 30 91 15 0.710938  \
  31 91 15.5 0.710938 30 91 15 0.710938 
12901:  Double_t \
  380 -190 681.6 45.5 45.5 0.6 91 30 0.710938 15  \
  91 31 0.710938 15.5 91 30 0.710938 15 
12917:  Double_t \
  380 -190 726.6 45.5 45.5 0.6 30 91 15 0.710938  \
  31 91 15.5 0.710938 30 91 15 0.710938 
12933:  Double_t \
  95 -380 771.6 45.5 45.5 0.6 91 30 0.710938 15  \
  91 31 0.710938 15.5 91 30 0.710938 15 
12949:  Double_t \
  95 -380 816.6 45.5 45.5 0.6 30 91 15 0.710938  \
  31 91 15.5 0.710938 30 91 15 0.710938 
13125:  Double_t \
  -380 -95 591.6 45.5 45.5 0.6 91 30 0.710938 15  \
  91 31 0.710938 15.5 91 30 0.710938 15 
13141:  Double_t \
  -380 -95 636.6 45.5 45.5 0.6 30 91 15 0.710938  \
  31 91 15.5 0.710938 30 91 15 0.710938 
13157:  Double_t \
  -380 -95 681.6 45.5 45.5 0.6 91 30 0.710938 15  \
  91 31 0.710938 15.5 91 30 0.710938 15 
13173:  Double_t \
  -380 -95 726.6 45.5 45.5 0.6 30 91 15 0.710938  \
  31 91 15.5 0.710938 30 91 15 0.710938 
13189:  Double_t \
  190 -380 771.6 45.5 45.5 0.6 91 30 0.710938 15  \
  91 31 0.710938 15.5 91 30 0.710938 15 
13205:  Double_t \
  190 -380 816.6 45.5 45.5 0.6 30 91 15 0.710938  \
  31 91 15.5 0.710938 30 91 15 0.710938 
13381:  Double_t \
  -285 -95 591.6 45.5 45.5 0.6 91 30 0.710938 15  \
  91 31 0.710938 15.5 91 30 0.710938 15 
13397:  Double_t \
  -285 -95 636.6 45.5 45.5 0.6 30 91 15 0.710938  \
  31 91 15.5 0.710938 30 91 15 0.710938 
13413:  Double_t \
  -285 -95 681.6 45.5 45.5 0.6 91 30 0.710938 15  \
  91 31 0.710938 15.5 91 30 0.710938 15 
13429:  Double_t \
  -285 -95 726.6 45.5 45.5 0.6 30 91 15 0.710938  \
  31 91 15.5 0.710938 30 91 15 0.710938 
13445:  Double_t \
  285 -380 771.6 45.5 45.5 0.6 91 30 0.710938 15  \
  91 31 0.710938 15.5 91 30 0.710938 15 
13461:  Double_t \
  285 -380 816.6 45.5 45.5 0.6 30 91 15 0.710938  \
  31 91 15.5 0.710938 30 91 15 0.710938 
13637:  Double_t \
  285 -95 591.6 45.5 45.5 0.6 91 30 0.710938 15  \
  91 31 0.710938 15.5 91 30 0.710938 15 
13653:  Double_t \
  285 -95 636.6 45.5 45.5 0.6 30 91 15 0.710938  \
  31 91 15.5 0.710938 30 91 15 0.710938 
13669:  Double_t \
  285 -95 681.6 45.5 45.5 0.6 91 30 0.710938 15  \
  91 31 0.710938 15.5 91 30 0.710938 15 
13685:  Double_t \
  285 -95 726.6 45.5 45.5 0.6 30 91 15 0.710938  \
  31 91 15.5 0.710938 30 91 15 0.710938 
13701:  Double_t \
  380 -380 771.6 45.5 45.5 0.6 91 30 0.710938 15  \
  91 31 0.710938 15.5 91 30 0.710938 15 
13717:  Double_t \
  380 -380 816.6 45.5 45.5 0.6 30 91 15 0.710938  \
  31 91 15.5 0.710938 30 91 15 0.710938 
13893:  Double_t \
  380 -95 591.6 45.5 45.5 0.6 91 30 0.710938 15  \
  91 31 0.710938 15.5 91 30 0.710938 15 
13909:  Double_t \
  380 -95 636.6 45.5 45.5 0.6 30 91 15 0.710938  \
  31 91 15.5 0.710938 30 91 15 0.710938 
13925:  Double_t \
  380 -95 681.6 45.5 45.5 0.6 91 30 0.710938 15  \
  91 31 0.710938 15.5 91 30 0.710938 15 
13941:  Double_t \
  380 -95 726.6 45.5 45.5 0.6 30 91 15 0.710938  \
  31 91 15.5 0.710938 30 91 15 0.710938 
13957:  Double_t \
  475 -380 771.6 45.5 45.5 0.6 91 30 0.710938 15  \
  91 31 0.710938 15.5 91 30 0.710938 15 
13973:  Double_t \
  475 -380 816.6 45.5 45.5 0.6 30 91 15 0.710938  \
  31 91 15.5 0.710938 30 91 15 0.710938 
14149:  Double_t \
  -380 0 591.6 45.5 45.5 0.6 91 30 0.710938 15  \
  91 31 0.710938 15.5 91 30 0.710938 15 
14165:  Double_t \
  -380 0 636.6 45.5 45.5 0.6 30 91 15 0.710938  \
  31 91 15.5 0.710938 30 91 15 0.710938 
14181:  Double_t \
  -380 0 681.6 45.5 45.5 0.6 91 30 0.710938 15  \
  91 31 0.710938 15.5 91 30 0.710938 15 
14197:  Double_t \
  -380 0 726.6 45.5 45.5 0.6 30 91 15 0.710938  \
  31 91 15.5 0.710938 30 91 15 0.710938 
14213:  Double_t \
  -475 -285 771.6 45.5 45.5 0.6 91 30 0.710938 15  \
  91 31 0.710938 15.5 91 30 0.710938 15 
14229:  Double_t \
  -475 -285 816.6 45.5 45.5 0.6 30 91 15 0.710938  \
  31 91 15.5 0.710938 30 91 15 0.710938 
14405:  Double_t \
  -285 0 591.6 45.5 45.5 0.6 91 30 0.710938 15  \
  91 31 0.710938 15.5 91 30 0.710938 15 
14421:  Double_t \
  -285 0 636.6 45.5 45.5 0.6 30 91 15 0.710938  \
  31 91 15.5 0.710938 30 91 15 0.710938 
14437:  Double_t \
  -285 0 681.6 45.5 45.5 0.6 91 30 0.710938 15  \
  91 31 0.710938 15.5 91 30 0.710938 15 
14453:  Double_t \
  -285 0 726.6 45.5 45.5 0.6 30 91 15 0.710938  \
  31 91 15.5 0.710938 30 91 15 0.710938 
14469:  Double_t \
  -380 -285 771.6 45.5 45.5 0.6 91 30 0.710938 15  \
  91 31 0.710938 15.5 91 30 0.710938 15 
14485:  Double_t \
  -380 -285 816.6 45.5 45.5 0.6 30 91 15 0.710938  \
  31 91 15.5 0.710938 30 91 15 0.710938 
14661:  Double_t \
  285 0 591.6 45.5 45.5 0.6 91 30 0.710938 15  \
  91 31 0.710938 15.5 91 30 0.710938 15 
14677:  Double_t \
  285 0 636.6 45.5 45.5 0.6 30 91 15 0.710938  \
  31 91 15.5 0.710938 30 91 15 0.710938 
14693:  Double_t \
  285 0 681.6 45.5 45.5 0.6 91 30 0.710938 15  \
  91 31 0.710938 15.5 91 30 0.710938 15 
14709:  Double_t \
  285 0 726.6 45.5 45.5 0.6 30 91 15 0.710938  \
  31 91 15.5 0.710938 30 91 15 0.710938 
14725:  Double_t \
  -285 -285 771.6 45.5 45.5 0.6 91 30 0.710938 15  \
  91 31 0.710938 15.5 91 30 0.710938 15 
14741:  Double_t \
  -285 -285 816.6 45.5 45.5 0.6 30 91 15 0.710938  \
  31 91 15.5 0.710938 30 91 15 0.710938 
14917:  Double_t \
  380 0 591.6 45.5 45.5 0.6 91 30 0.710938 15  \
  91 31 0.710938 15.5 91 30 0.710938 15 
14933:  Double_t \
  380 0 636.6 45.5 45.5 0.6 30 91 15 0.710938  \
  31 91 15.5 0.710938 30 91 15 0.710938 
14949:  Double_t \
  380 0 681.6 45.5 45.5 0.6 91 30 0.710938 15  \
  91 31 0.710938 15.5 91 30 0.710938 15 
14965:  Double_t \
  380 0 726.6 45.5 45.5 0.6 30 91 15 0.710938  \
  31 91 15.5 0.710938 30 91 15 0.710938 
14981:  Double_t \
  285 -285 771.6 45.5 45.5 0.6 91 30 0.710938 15  \
  91 31 0.710938 15.5 91 30 0.710938 15 
14997:  Double_t \
  285 -285 816.6 45.5 45.5 0.6 30 91 15 0.710938  \
  31 91 15.5 0.710938 30 91 15 0.710938 
15173:  Double_t \
  -380 95 591.6 45.5 45.5 0.6 91 30 0.710938 15  \
  91 31 0.710938 15.5 91 30 0.710938 15 
15189:  Double_t \
  -380 95 636.6 45.5 45.5 0.6 30 91 15 0.710938  \
  31 91 15.5 0.710938 30 91 15 0.710938 
15205:  Double_t \
  -380 95 681.6 45.5 45.5 0.6 91 30 0.710938 15  \
  91 31 0.710938 15.5 91 30 0.710938 15 
15221:  Double_t \
  -380 95 726.6 45.5 45.5 0.6 30 91 15 0.710938  \
  31 91 15.5 0.710938 30 91 15 0.710938 
15237:  Double_t \
  380 -285 771.6 45.5 45.5 0.6 91 30 0.710938 15  \
  91 31 0.710938 15.5 91 30 0.710938 15 
15253:  Double_t \
  380 -285 816.6 45.5 45.5 0.6 30 91 15 0.710938  \
  31 91 15.5 0.710938 30 91 15 0.710938 
15429:  Double_t \
  -285 95 591.6 45.5 45.5 0.6 91 30 0.710938 15  \
  91 31 0.710938 15.5 91 30 0.710938 15 
15445:  Double_t \
  -285 95 636.6 45.5 45.5 0.6 30 91 15 0.710938  \
  31 91 15.5 0.710938 30 91 15 0.710938 
15461:  Double_t \
  -285 95 681.6 45.5 45.5 0.6 91 30 0.710938 15  \
  91 31 0.710938 15.5 91 30 0.710938 15 
15477:  Double_t \
  -285 95 726.6 45.5 45.5 0.6 30 91 15 0.710938  \
  31 91 15.5 0.710938 30 91 15 0.710938 
15493:  Double_t \
  475 -285 771.6 45.5 45.5 0.6 91 30 0.710938 15  \
  91 31 0.710938 15.5 91 30 0.710938 15 
15509:  Double_t \
  475 -285 816.6 45.5 45.5 0.6 30 91 15 0.710938  \
  31 91 15.5 0.710938 30 91 15 0.710938 
15685:  Double_t \
  285 95 591.6 45.5 45.5 0.6 91 30 0.710938 15  \
  91 31 0.710938 15.5 91 30 0.710938 15 
15701:  Double_t \
  285 95 636.6 45.5 45.5 0.6 30 91 15 0.710938  \
  31 91 15.5 0.710938 30 91 15 0.710938 
15717:  Double_t \
  285 95 681.6 45.5 45.5 0.6 91 30 0.710938 15  \
  91 31 0.710938 15.5 91 30 0.710938 15 
15733:  Double_t \
  285 95 726.6 45.5 45.5 0.6 30 91 15 0.710938  \
  31 91 15.5 0.710938 30 91 15 0.710938 
15749:  Double_t \
  -475 -190 771.6 45.5 45.5 0.6 91 30 0.710938 15  \
  91 31 0.710938 15.5 91 30 0.710938 15 
15765:  Double_t \
  -475 -190 816.6 45.5 45.5 0.6 30 91 15 0.710938  \
  31 91 15.5 0.710938 30 91 15 0.710938 
15941:  Double_t \
  380 95 591.6 45.5 45.5 0.6 91 30 0.710938 15  \
  91 31 0.710938 15.5 91 30 0.710938 15 
15957:  Double_t \
  380 95 636.6 45.5 45.5 0.6 30 91 15 0.710938  \
  31 91 15.5 0.710938 30 91 15 0.710938 
15973:  Double_t \
  380 95 681.6 45.5 45.5 0.6 91 30 0.710938 15  \
  91 31 0.710938 15.5 91 30 0.710938 15 
15989:  Double_t \
  380 95 726.6 45.5 45.5 0.6 30 91 15 0.710938  \
  31 91 15.5 0.710938 30 91 15 0.710938 
16005:  Double_t \
  -380 -190 771.6 45.5 45.5 0.6 91 30 0.710938 15  \
  91 31 0.710938 15.5 91 30 0.710938 15 
16021:  Double_t \
  -380 -190 816.6 45.5 45.5 0.6 30 91 15 0.710938  \
  31 91 15.5 0.710938 30 91 15 0.710938 
16197:  Double_t \
  -380 190 591.6 45.5 45.5 0.6 91 30 0.710938 15  \
  91 31 0.710938 15.5 91 30 0.710938 15 
16213:  Double_t \
  -380 190 636.6 45.5 45.5 0.6 30 91 15 0.710938  \
  31 91 15.5 0.710938 30 91 15 0.710938 
16229:  Double_t \
  -380 190 681.6 45.5 45.5 0.6 91 30 0.710938 15  \
  91 31 0.710938 15.5 91 30 0.710938 15 
16245:  Double_t \
  -380 190 726.6 45.5 45.5 0.6 30 91 15 0.710938  \
  31 91 15.5 0.710938 30 91 15 0.710938 
16261:  Double_t \
  380 -190 771.6 45.5 45.5 0.6 91 30 0.710938 15  \
  91 31 0.710938 15.5 91 30 0.710938 15 
16277:  Double_t \
  380 -190 816.6 45.5 45.5 0.6 30 91 15 0.710938  \
  31 91 15.5 0.710938 30 91 15 0.710938 
16453:  Double_t \
  -285 190 591.6 45.5 45.5 0.6 91 30 0.710938 15  \
  91 31 0.710938 15.5 91 30 0.710938 15 
16469:  Double_t \
  -285 190 636.6 45.5 45.5 0.6 30 91 15 0.710938  \
  31 91 15.5 0.710938 30 91 15 0.710938 
16485:  Double_t \
  -285 190 681.6 45.5 45.5 0.6 91 30 0.710938 15  \
  91 31 0.710938 15.5 91 30 0.710938 15 
16501:  Double_t \
  -285 190 726.6 45.5 45.5 0.6 30 91 15 0.710938  \
  31 91 15.5 0.710938 30 91 15 0.710938 
16517:  Double_t \
  475 -190 771.6 45.5 45.5 0.6 91 30 0.710938 15  \
  91 31 0.710938 15.5 91 30 0.710938 15 
16533:  Double_t \
  475 -190 816.6 45.5 45.5 0.6 30 91 15 0.710938  \
  31 91 15.5 0.710938 30 91 15 0.710938 
16709:  Double_t \
  -190 190 591.6 45.5 45.5 0.6 91 30 0.710938 15  \
  91 31 0.710938 15.5 91 30 0.710938 15 
16725:  Double_t \
  -190 190 636.6 45.5 45.5 0.6 30 91 15 0.710938  \
  31 91 15.5 0.710938 30 91 15 0.710938 
16741:  Double_t \
  -190 190 681.6 45.5 45.5 0.6 91 30 0.710938 15  \
  91 31 0.710938 15.5 91 30 0.710938 15 
16757:  Double_t \
  -190 190 726.6 45.5 45.5 0.6 30 91 15 0.710938  \
  31 91 15.5 0.710938 30 91 15 0.710938 
16773:  Double_t \
  -475 -95 771.6 45.5 45.5 0.6 91 30 0.710938 15  \
  91 31 0.710938 15.5 91 30 0.710938 15 
16789:  Double_t \
  -475 -95 816.6 45.5 45.5 0.6 30 91 15 0.710938  \
  31 91 15.5 0.710938 30 91 15 0.710938 
16965:  Double_t \
  190 190 591.6 45.5 45.5 0.6 91 30 0.710938 15  \
  91 31 0.710938 15.5 91 30 0.710938 15 
16981:  Double_t \
  190 190 636.6 45.5 45.5 0.6 30 91 15 0.710938  \
  31 91 15.5 0.710938 30 91 15 0.710938 
16997:  Double_t \
  190 190 681.6 45.5 45.5 0.6 91 30 0.710938 15  \
  91 31 0.710938 15.5 91 30 0.710938 15 
17013:  Double_t \
  190 190 726.6 45.5 45.5 0.6 30 91 15 0.710938  \
  31 91 15.5 0.710938 30 91 15 0.710938 
17029:  Double_t \
  -380 -95 771.6 45.5 45.5 0.6 91 30 0.710938 15  \
  91 31 0.710938 15.5 91 30 0.710938 15 
17045:  Double_t \
  -380 -95 816.6 45.5 45.5 0.6 30 91 15 0.710938  \
  31 91 15.5 0.710938 30 91 15 0.710938 
17221:  Double_t \
  285 190 591.6 45.5 45.5 0.6 91 30 0.710938 15  \
  91 31 0.710938 15.5 91 30 0.710938 15 
17237:  Double_t \
  285 190 636.6 45.5 45.5 0.6 30 91 15 0.710938  \
  31 91 15.5 0.710938 30 91 15 0.710938 
17253:  Double_t \
  285 190 681.6 45.5 45.5 0.6 91 30 0.710938 15  \
  91 31 0.710938 15.5 91 30 0.710938 15 
17269:  Double_t \
  285 190 726.6 45.5 45.5 0.6 30 91 15 0.710938  \
  31 91 15.5 0.710938 30 91 15 0.710938 
17285:  Double_t \
  380 -95 771.6 45.5 45.5 0.6 91 30 0.710938 15  \
  91 31 0.710938 15.5 91 30 0.710938 15 
17301:  Double_t \
  380 -95 816.6 45.5 45.5 0.6 30 91 15 0.710938  \
  31 91 15.5 0.710938 30 91 15 0.710938 
17477:  Double_t \
  380 190 591.6 45.5 45.5 0.6 91 30 0.710938 15  \
  91 31 0.710938 15.5 91 30 0.710938 15 
17493:  Double_t \
  380 190 636.6 45.5 45.5 0.6 30 91 15 0.710938  \
  31 91 15.5 0.710938 30 91 15 0.710938 
17509:  Double_t \
  380 190 681.6 45.5 45.5 0.6 91 30 0.710938 15  \
  91 31 0.710938 15.5 91 30 0.710938 15 
17525:  Double_t \
  380 190 726.6 45.5 45.5 0.6 30 91 15 0.710938  \
  31 91 15.5 0.710938 30 91 15 0.710938 
17541:  Double_t \
  475 -95 771.6 45.5 45.5 0.6 91 30 0.710938 15  \
  91 31 0.710938 15.5 91 30 0.710938 15 
17557:  Double_t \
  475 -95 816.6 45.5 45.5 0.6 30 91 15 0.710938  \
  31 91 15.5 0.710938 30 91 15 0.710938 
17733:  Double_t \
  -380 285 591.6 45.5 45.5 0.6 91 30 0.710938 15  \
  91 31 0.710938 15.5 91 30 0.710938 15 
17749:  Double_t \
  -380 285 636.6 45.5 45.5 0.6 30 91 15 0.710938  \
  31 91 15.5 0.710938 30 91 15 0.710938 
17765:  Double_t \
  -380 285 681.6 45.5 45.5 0.6 91 30 0.710938 15  \
  91 31 0.710938 15.5 91 30 0.710938 15 
17781:  Double_t \
  -380 285 726.6 45.5 45.5 0.6 30 91 15 0.710938  \
  31 91 15.5 0.710938 30 91 15 0.710938 
17797:  Double_t \
  -475 0 771.6 45.5 45.5 0.6 91 30 0.710938 15  \
  91 31 0.710938 15.5 91 30 0.710938 15 
17813:  Double_t \
  -475 0 816.6 45.5 45.5 0.6 30 91 15 0.710938  \
  31 91 15.5 0.710938 30 91 15 0.710938 
17989:  Double_t \
  -285 285 591.6 45.5 45.5 0.6 91 30 0.710938 15  \
  91 31 0.710938 15.5 91 30 0.710938 15 
18005:  Double_t \
  -285 285 636.6 45.5 45.5 0.6 30 91 15 0.710938  \
  31 91 15.5 0.710938 30 91 15 0.710938 
18021:  Double_t \
  -285 285 681.6 45.5 45.5 0.6 91 30 0.710938 15  \
  91 31 0.710938 15.5 91 30 0.710938 15 
18037:  Double_t \
  -285 285 726.6 45.5 45.5 0.6 30 91 15 0.710938  \
  31 91 15.5 0.710938 30 91 15 0.710938 
18053:  Double_t \
  -380 0 771.6 45.5 45.5 0.6 91 30 0.710938 15  \
  91 31 0.710938 15.5 91 30 0.710938 15 
18069:  Double_t \
  -380 0 816.6 45.5 45.5 0.6 30 91 15 0.710938  \
  31 91 15.5 0.710938 30 91 15 0.710938 
18245:  Double_t \
  -190 285 591.6 45.5 45.5 0.6 91 30 0.710938 15  \
  91 31 0.710938 15.5 91 30 0.710938 15 
18261:  Double_t \
  -190 285 636.6 45.5 45.5 0.6 30 91 15 0.710938  \
  31 91 15.5 0.710938 30 91 15 0.710938 
18277:  Double_t \
  -190 285 681.6 45.5 45.5 0.6 91 30 0.710938 15  \
  91 31 0.710938 15.5 91 30 0.710938 15 
18293:  Double_t \
  -190 285 726.6 45.5 45.5 0.6 30 91 15 0.710938  \
  31 91 15.5 0.710938 30 91 15 0.710938 
18309:  Double_t \
  380 0 771.6 45.5 45.5 0.6 91 30 0.710938 15  \
  91 31 0.710938 15.5 91 30 0.710938 15 
18325:  Double_t \
  380 0 816.6 45.5 45.5 0.6 30 91 15 0.710938  \
  31 91 15.5 0.710938 30 91 15 0.710938 
18501:  Double_t \
  -95 285 591.6 45.5 45.5 0.6 91 30 0.710938 15  \
  91 31 0.710938 15.5 91 30 0.710938 15 
18517:  Double_t \
  -95 285 636.6 45.5 45.5 0.6 30 91 15 0.710938  \
  31 91 15.5 0.710938 30 91 15 0.710938 
18533:  Double_t \
  -95 285 681.6 45.5 45.5 0.6 91 30 0.710938 15  \
  91 31 0.710938 15.5 91 30 0.710938 15 
18549:  Double_t \
  -95 285 726.6 45.5 45.5 0.6 30 91 15 0.710938  \
  31 91 15.5 0.710938 30 91 15 0.710938 
18565:  Double_t \
  475 0 771.6 45.5 45.5 0.6 91 30 0.710938 15  \
  91 31 0.710938 15.5 91 30 0.710938 15 
18581:  Double_t \
  475 0 816.6 45.5 45.5 0.6 30 91 15 0.710938  \
  31 91 15.5 0.710938 30 91 15 0.710938 
18757:  Double_t \
  0 285 591.6 45.5 45.5 0.6 91 30 0.710938 15  \
  91 31 0.710938 15.5 91 30 0.710938 15 
18773:  Double_t \
  0 285 636.6 45.5 45.5 0.6 30 91 15 0.710938  \
  31 91 15.5 0.710938 30 91 15 0.710938 
18789:  Double_t \
  0 285 681.6 45.5 45.5 0.6 91 30 0.710938 15  \
  91 31 0.710938 15.5 91 30 0.710938 15 
18805:  Double_t \
  0 285 726.6 45.5 45.5 0.6 30 91 15 0.710938  \
  31 91 15.5 0.710938 30 91 15 0.710938 
18821:  Double_t \
  -475 95 771.6 45.5 45.5 0.6 91 30 0.710938 15  \
  91 31 0.710938 15.5 91 30 0.710938 15 
18837:  Double_t \
  -475 95 816.6 45.5 45.5 0.6 30 91 15 0.710938  \
  31 91 15.5 0.710938 30 91 15 0.710938 
19013:  Double_t \
  95 285 591.6 45.5 45.5 0.6 91 30 0.710938 15  \
  91 31 0.710938 15.5 91 30 0.710938 15 
19029:  Double_t \
  95 285 636.6 45.5 45.5 0.6 30 91 15 0.710938  \
  31 91 15.5 0.710938 30 91 15 0.710938 
19045:  Double_t \
  95 285 681.6 45.5 45.5 0.6 91 30 0.710938 15  \
  91 31 0.710938 15.5 91 30 0.710938 15 
19061:  Double_t \
  95 285 726.6 45.5 45.5 0.6 30 91 15 0.710938  \
  31 91 15.5 0.710938 30 91 15 0.710938 
19077:  Double_t \
  -380 95 771.6 45.5 45.5 0.6 91 30 0.710938 15  \
  91 31 0.710938 15.5 91 30 0.710938 15 
19093:  Double_t \
  -380 95 816.6 45.5 45.5 0.6 30 91 15 0.710938  \
  31 91 15.5 0.710938 30 91 15 0.710938 
19269:  Double_t \
  190 285 591.6 45.5 45.5 0.6 91 30 0.710938 15  \
  91 31 0.710938 15.5 91 30 0.710938 15 
19285:  Double_t \
  190 285 636.6 45.5 45.5 0.6 30 91 15 0.710938  \
  31 91 15.5 0.710938 30 91 15 0.710938 
19301:  Double_t \
  190 285 681.6 45.5 45.5 0.6 91 30 0.710938 15  \
  91 31 0.710938 15.5 91 30 0.710938 15 
19317:  Double_t \
  190 285 726.6 45.5 45.5 0.6 30 91 15 0.710938  \
  31 91 15.5 0.710938 30 91 15 0.710938 
19333:  Double_t \
  380 95 771.6 45.5 45.5 0.6 91 30 0.710938 15  \
  91 31 0.710938 15.5 91 30 0.710938 15 
19349:  Double_t \
  380 95 816.6 45.5 45.5 0.6 30 91 15 0.710938  \
  31 91 15.5 0.710938 30 91 15 0.710938 
19525:  Double_t \
  285 285 591.6 45.5 45.5 0.6 91 30 0.710938 15  \
  91 31 0.710938 15.5 91 30 0.710938 15 
19541:  Double_t \
  285 285 636.6 45.5 45.5 0.6 30 91 15 0.710938  \
  31 91 15.5 0.710938 30 91 15 0.710938 
19557:  Double_t \
  285 285 681.6 45.5 45.5 0.6 91 30 0.710938 15  \
  91 31 0.710938 15.5 91 30 0.710938 15 
19573:  Double_t \
  285 285 726.6 45.5 45.5 0.6 30 91 15 0.710938  \
  31 91 15.5 0.710938 30 91 15 0.710938 
19589:  Double_t \
  475 95 771.6 45.5 45.5 0.6 91 30 0.710938 15  \
  91 31 0.710938 15.5 91 30 0.710938 15 
19605:  Double_t \
  475 95 816.6 45.5 45.5 0.6 30 91 15 0.710938  \
  31 91 15.5 0.710938 30 91 15 0.710938 
19781:  Double_t \
  380 285 591.6 45.5 45.5 0.6 91 30 0.710938 15  \
  91 31 0.710938 15.5 91 30 0.710938 15 
19797:  Double_t \
  380 285 636.6 45.5 45.5 0.6 30 91 15 0.710938  \
  31 91 15.5 0.710938 30 91 15 0.710938 
19813:  Double_t \
  380 285 681.6 45.5 45.5 0.6 91 30 0.710938 15  \
  91 31 0.710938 15.5 91 30 0.710938 15 
19829:  Double_t \
  380 285 726.6 45.5 45.5 0.6 30 91 15 0.710938  \
  31 91 15.5 0.710938 30 91 15 0.710938 
19845:  Double_t \
  -475 190 771.6 45.5 45.5 0.6 91 30 0.710938 15  \
  91 31 0.710938 15.5 91 30 0.710938 15 
19861:  Double_t \
  -475 190 816.6 45.5 45.5 0.6 30 91 15 0.710938  \
  31 91 15.5 0.710938 30 91 15 0.710938 
20101:  Double_t \
  -380 190 771.6 45.5 45.5 0.6 91 30 0.710938 15  \
  91 31 0.710938 15.5 91 30 0.710938 15 
20117:  Double_t \
  -380 190 816.6 45.5 45.5 0.6 30 91 15 0.710938  \
  31 91 15.5 0.710938 30 91 15 0.710938 
20357:  Double_t \
  380 190 771.6 45.5 45.5 0.6 91 30 0.710938 15  \
  91 31 0.710938 15.5 91 30 0.710938 15 
20373:  Double_t \
  380 190 816.6 45.5 45.5 0.6 30 91 15 0.710938  \
  31 91 15.5 0.710938 30 91 15 0.710938 
20613:  Double_t \
  475 190 771.6 45.5 45.5 0.6 91 30 0.710938 15  \
  91 31 0.710938 15.5 91 30 0.710938 15 
20629:  Double_t \
  475 190 816.6 45.5 45.5 0.6 30 91 15 0.710938  \
  31 91 15.5 0.710938 30 91 15 0.710938 
20869:  Double_t \
  -475 285 771.6 45.5 45.5 0.6 91 30 0.710938 15  \
  91 31 0.710938 15.5 91 30 0.710938 15 
20885:  Double_t \
  -475 285 816.6 45.5 45.5 0.6 30 91 15 0.710938  \
  31 91 15.5 0.710938 30 91 15 0.710938 
21125:  Double_t \
  -380 285 771.6 45.5 45.5 0.6 91 30 0.710938 15  \
  91 31 0.710938 15.5 91 30 0.710938 15 
21141:  Double_t \
  -380 285 816.6 45.5 45.5 0.6 30 91 15 0.710938  \
  31 91 15.5 0.710938 30 91 15 0.710938 
21381:  Double_t \
  -285 285 771.6 45.5 45.5 0.6 91 30 0.710938 15  \
  91 31 0.710938 15.5 91 30 0.710938 15 
21397:  Double_t \
  -285 285 816.6 45.5 45.5 0.6 30 91 15 0.710938  \
  31 91 15.5 0.710938 30 91 15 0.710938 
21637:  Double_t \
  285 285 771.6 45.5 45.5 0.6 91 30 0.710938 15  \
  91 31 0.710938 15.5 91 30 0.710938 15 
21653:  Double_t \
  285 285 816.6 45.5 45.5 0.6 30 91 15 0.710938  \
  31 91 15.5 0.710938 30 91 15 0.710938 
21893:  Double_t \
  380 285 771.6 45.5 45.5 0.6 91 30 0.710938 15  \
  91 31 0.710938 15.5 91 30 0.710938 15 
21909:  Double_t \
  380 285 816.6 45.5 45.5 0.6 30 91 15 0.710938  \
  31 91 15.5 0.710938 30 91 15 0.710938 
22149:  Double_t \
  475 285 771.6 45.5 45.5 0.6 91 30 0.710938 15  \
  91 31 0.710938 15.5 91 30 0.710938 15 
22165:  Double_t \
  475 285 816.6 45.5 45.5 0.6 30 91 15 0.710938  \
  31 91 15.5 0.710938 30 91 15 0.710938 
22405:  Double_t \
  -475 380 771.6 45.5 45.5 0.6 91 30 0.710938 15  \
  91 31 0.710938 15.5 91 30 0.710938 15 
22421:  Double_t \
  -475 380 816.6 45.5 45.5 0.6 30 91 15 0.710938  \
  31 91 15.5 0.710938 30 91 15 0.710938 
22661:  Double_t \
  -380 380 771.6 45.5 45.5 0.6 91 30 0.710938 15  \
  91 31 0.710938 15.5 91 30 0.710938 15 
22677:  Double_t \
  -380 380 816.6 45.5 45.5 0.6 30 91 15 0.710938  \
  31 91 15.5 0.710938 30 91 15 0.710938 
22917:  Double_t \
  -285 380 771.6 45.5 45.5 0.6 91 30 0.710938 15  \
  91 31 0.710938 15.5 91 30 0.710938 15 
22933:  Double_t \
  -285 380 816.6 45.5 45.5 0.6 30 91 15 0.710938  \
  31 91 15.5 0.710938 30 91 15 0.710938 
23173:  Double_t \
  -190 380 771.6 45.5 45.5 0.6 91 30 0.710938 15  \
  91 31 0.710938 15.5 91 30 0.710938 15 
23189:  Double_t \
  -190 380 816.6 45.5 45.5 0.6 30 91 15 0.710938  \
  31 91 15.5 0.710938 30 91 15 0.710938 
23429:  Double_t \
  -95 380 771.6 45.5 45.5 0.6 91 30 0.710938 15  \
  91 31 0.710938 15.5 91 30 0.710938 15 
23445:  Double_t \
  -95 380 816.6 45.5 45.5 0.6 30 91 15 0.710938  \
  31 91 15.5 0.710938 30 91 15 0.710938 
23685:  Double_t \
  0 380 771.6 45.5 45.5 0.6 91 30 0.710938 15  \
  91 31 0.710938 15.5 91 30 0.710938 15 
23701:  Double_t \
  0 380 816.6 45.5 45.5 0.6 30 91 15 0.710938  \
  31 91 15.5 0.710938 30 91 15 0.710938 
23941:  Double_t \
  95 380 771.6 45.5 45.5 0.6 91 30 0.710938 15  \
  91 31 0.710938 15.5 91 30 0.710938 15 
23957:  Double_t \
  95 380 816.6 45.5 45.5 0.6 30 91 15 0.710938  \
  31 91 15.5 0.710938 30 91 15 0.710938 
24197:  Double_t \
  190 380 771.6 45.5 45.5 0.6 91 30 0.710938 15  \
  91 31 0.710938 15.5 91 30 0.710938 15 
24213:  Double_t \
  190 380 816.6 45.5 45.5 0.6 30 91 15 0.710938  \
  31 91 15.5 0.710938 30 91 15 0.710938 
24453:  Double_t \
  285 380 771.6 45.5 45.5 0.6 91 30 0.710938 15  \
  91 31 0.710938 15.5 91 30 0.710938 15 
24469:  Double_t \
  285 380 816.6 45.5 45.5 0.6 30 91 15 0.710938  \
  31 91 15.5 0.710938 30 91 15 0.710938 
24709:  Double_t \
  380 380 771.6 45.5 45.5 0.6 91 30 0.710938 15  \
  91 31 0.710938 15.5 91 30 0.710938 15 
24725:  Double_t \
  380 380 816.6 45.5 45.5 0.6 30 91 15 0.710938  \
  31 91 15.5 0.710938 30 91 15 0.710938 
24965:  Double_t \
  475 380 771.6 45.5 45.5 0.6 91 30 0.710938 15  \
  91 31 0.710938 15.5 91 30 0.710938 15 
24981:  Double_t \
  475 380 816.6 45.5 45.5 0.6 30 91 15 0.710938  \
  31 91 15.5 0.710938 30 91 15 0.710938 