##############################################################################
# Class:   CbmTrdDigiPar
# Context: TestDefaultContext
##############################################################################
[CbmTrdDigiPar]
//----------------------------------------------------------------------------
NrOfModules:  Int_t  740 
MaxSectors:  Int_t  3 
ModuleIdArray:  Int_t \
  5 21 37 53 69 85 101 117 133 149  \
  261 277 293 309 325 341 357 373 389 405  \
  517 533 549 565 581 597 613 629 645 661  \
  773 789 805 821 837 853 869 885 901 917  \
  1029 1045 1061 1077 1093 1109 1125 1141 1157 1173  \
  1285 1301 1317 1333 1349 1365 1381 1397 1413 1429  \
  1541 1557 1573 1589 1605 1621 1637 1653 1669 1685  \
  1797 1813 1829 1845 1861 1877 1893 1909 1925 1941  \
  2053 2069 2085 2101 2117 2133 2149 2165 2181 2197  \
  2309 2325 2341 2357 2373 2389 2405 2421 2437 2453  \
  2565 2581 2597 2613 2629 2645 2661 2677 2693 2709  \
  2821 2837 2853 2869 2885 2901 2917 2933 2949 2965  \
  3077 3093 3109 3125 3141 3157 3173 3189 3205 3221  \
  3333 3349 3365 3381 3397 3413 3429 3445 3461 3477  \
  3589 3605 3621 3637 3653 3669 3685 3701 3717 3733  \
  3845 3861 3877 3893 3909 3925 3941 3957 3973 3989  \
  4101 4117 4133 4149 4165 4181 4197 4213 4229 4245  \
  4357 4373 4389 4405 4421 4437 4453 4469 4485 4501  \
  4613 4629 4645 4661 4677 4693 4709 4725 4741 4757  \
  4869 4885 4901 4917 4933 4949 4965 4981 4997 5013  \
  5125 5141 5157 5173 5189 5205 5221 5237 5253 5269  \
  5381 5397 5413 5429 5445 5461 5477 5493 5509 5525  \
  5637 5653 5669 5685 5701 5717 5733 5749 5765 5781  \
  5893 5909 5925 5941 5957 5973 5989 6005 6021 6037  \
  6149 6165 6181 6197 6213 6229 6245 6261 6277 6293  \
  6405 6421 6437 6453 6469 6485 6501 6517 6533 6549  \
  6661 6677 6693 6709 6725 6741 6757 6773 6789 6805  \
  6917 6933 6949 6965 6981 6997 7013 7029 7045 7061  \
  7173 7189 7205 7221 7237 7253 7269 7285 7301 7317  \
  7429 7445 7461 7477 7493 7509 7525 7541 7557 7573  \
  7685 7701 7717 7733 7749 7765 7781 7797 7813 7829  \
  7941 7957 7973 7989 8005 8021 8037 8053 8069 8085  \
  8197 8213 8229 8245 8261 8277 8293 8309 8325 8341  \
  8453 8469 8485 8501 8517 8533 8549 8565 8581 8597  \
  8709 8725 8741 8757 8773 8789 8805 8821 8837 8853  \
  8965 8981 8997 9013 9029 9045 9061 9077 9093 9109  \
  9221 9237 9253 9269 9285 9301 9317 9333 9349 9365  \
  9477 9493 9509 9525 9541 9557 9573 9589 9605 9621  \
  9733 9749 9765 9781 9797 9813 9829 9845 9861 9877  \
  9989 10005 10021 10037 10053 10069 10085 10101 10117 10133  \
  10245 10261 10277 10293 10309 10325 10341 10357 10373 10389  \
  10501 10517 10533 10549 10565 10581 10597 10613 10629 10645  \
  10757 10773 10789 10805 10821 10837 10853 10869 10885 10901  \
  11013 11029 11045 11061 11077 11093 11109 11125 11141 11157  \
  11269 11285 11301 11317 11333 11349 11365 11381 11397 11413  \
  11525 11541 11557 11573 11589 11605 11621 11637 11653 11669  \
  11781 11797 11813 11829 11845 11861 11877 11893 11909 11925  \
  12037 12053 12069 12085 12101 12117 12133 12149 12165 12181  \
  12293 12309 12325 12341 12357 12373 12389 12405 12421 12437  \
  12549 12565 12581 12597 12613 12629 12645 12661 12677 12693  \
  12869 12885 12901 12917 12933 12949 13125 13141 13157 13173  \
  13189 13205 13381 13397 13413 13429 13445 13461 13637 13653  \
  13669 13685 13701 13717 13893 13909 13925 13941 13957 13973  \
  14149 14165 14181 14197 14213 14229 14405 14421 14437 14453  \
  14469 14485 14661 14677 14693 14709 14725 14741 14917 14933  \
  14949 14965 14981 14997 15173 15189 15205 15221 15237 15253  \
  15429 15445 15461 15477 15493 15509 15685 15701 15717 15733  \
  15749 15765 15941 15957 15973 15989 16005 16021 16197 16213  \
  16229 16245 16261 16277 16453 16469 16485 16501 16517 16533  \
  16709 16725 16741 16757 16773 16789 16965 16981 16997 17013  \
  17029 17045 17221 17237 17253 17269 17285 17301 17477 17493  \
  17509 17525 17541 17557 17733 17749 17765 17781 17797 17813  \
  17989 18005 18021 18037 18053 18069 18245 18261 18277 18293  \
  18309 18325 18501 18517 18533 18549 18565 18581 18757 18773  \
  18789 18805 18821 18837 19013 19029 19045 19061 19077 19093  \
  19269 19285 19301 19317 19333 19349 19525 19541 19557 19573  \
  19589 19605 19781 19797 19813 19829 19845 19861 20101 20117  \
  20357 20373 20613 20629 20869 20885 21125 21141 21381 21397  \
  21637 21653 21893 21909 22149 22165 22405 22421 22661 22677  \
  22917 22933 23173 23189 23429 23445 23685 23701 23941 23957  \
  24197 24213 24453 24469 24709 24725 24965 24981 25221 25237  \
  25477 25493 25733 25749 25989 26005 26245 26261 26501 26517  \
  26757 26773 27013 27029 27269 27285 27525 27541 27781 27797  \
  28037 28053 28293 28309 28549 28565 28805 28821 29061 29077 
5:  Double_t \
  0 -57 -57 441.6 27 27 0.6 54 18 0.675  \
  1.5 54 18 0.675 1.5 54 18 0.675 1.5 
21:  Double_t \
  3 -57 -57 486.6 27 27 0.6 54 18 0.675  \
  1.5 54 18 0.675 1.5 54 18 0.675 1.5 
37:  Double_t \
  0 -57 -57 531.6 27 27 0.6 54 18 0.675  \
  1.5 54 18 0.675 1.5 54 18 0.675 1.5 
53:  Double_t \
  3 -57 -57 576.6 27 27 0.6 54 18 0.675  \
  1.5 54 18 0.675 1.5 54 18 0.675 1.5 
69:  Double_t \
  0 -57 -57 626.6 27 27 0.6 54 18 0.675  \
  1.5 54 18 0.675 1.5 54 18 0.675 1.5 
85:  Double_t \
  3 -57 -57 671.6 27 27 0.6 54 18 0.675  \
  1.5 54 18 0.675 1.5 54 18 0.675 1.5 
101:  Double_t \
  0 -57 -57 716.6 27 27 0.6 54 18 0.675  \
  1.5 54 18 0.675 1.5 54 18 0.675 1.5 
117:  Double_t \
  3 -57 -57 761.6 27 27 0.6 54 18 0.675  \
  1.5 54 18 0.675 1.5 54 18 0.675 1.5 
133:  Double_t \
  0 -57 -57 811.6 27 27 0.6 54 18 0.675  \
  1.5 54 18 0.675 1.5 54 18 0.675 1.5 
149:  Double_t \
  3 -57 -57 856.6 27 27 0.6 54 18 0.675  \
  1.5 54 18 0.675 1.5 54 18 0.675 1.5 
261:  Double_t \
  0 0 -57 441.6 27 27 0.6 54 18 0.675  \
  1.5 54 18 0.675 1.5 54 18 0.675 1.5 
277:  Double_t \
  1 0 -57 486.6 27 27 0.6 54 18 0.675  \
  1.5 54 18 0.675 1.5 54 18 0.675 1.5 
293:  Double_t \
  0 0 -57 531.6 27 27 0.6 54 18 0.675  \
  1.5 54 18 0.675 1.5 54 18 0.675 1.5 
309:  Double_t \
  1 0 -57 576.6 27 27 0.6 54 18 0.675  \
  1.5 54 18 0.675 1.5 54 18 0.675 1.5 
325:  Double_t \
  0 0 -57 626.6 27 27 0.6 54 18 0.675  \
  1.5 54 18 0.675 1.5 54 18 0.675 1.5 
341:  Double_t \
  1 0 -57 671.6 27 27 0.6 54 18 0.675  \
  1.5 54 18 0.675 1.5 54 18 0.675 1.5 
357:  Double_t \
  0 0 -57 716.6 27 27 0.6 54 18 0.675  \
  1.5 54 18 0.675 1.5 54 18 0.675 1.5 
373:  Double_t \
  1 0 -57 761.6 27 27 0.6 54 18 0.675  \
  1.5 54 18 0.675 1.5 54 18 0.675 1.5 
389:  Double_t \
  0 0 -57 811.6 27 27 0.6 54 18 0.675  \
  1.5 54 18 0.675 1.5 54 18 0.675 1.5 
405:  Double_t \
  1 0 -57 856.6 27 27 0.6 54 18 0.675  \
  1.5 54 18 0.675 1.5 54 18 0.675 1.5 
517:  Double_t \
  0 57 -57 441.6 27 27 0.6 54 18 0.675  \
  1.5 54 18 0.675 1.5 54 18 0.675 1.5 
533:  Double_t \
  1 57 -57 486.6 27 27 0.6 54 18 0.675  \
  1.5 54 18 0.675 1.5 54 18 0.675 1.5 
549:  Double_t \
  0 57 -57 531.6 27 27 0.6 54 18 0.675  \
  1.5 54 18 0.675 1.5 54 18 0.675 1.5 
565:  Double_t \
  1 57 -57 576.6 27 27 0.6 54 18 0.675  \
  1.5 54 18 0.675 1.5 54 18 0.675 1.5 
581:  Double_t \
  0 57 -57 626.6 27 27 0.6 54 18 0.675  \
  1.5 54 18 0.675 1.5 54 18 0.675 1.5 
597:  Double_t \
  1 57 -57 671.6 27 27 0.6 54 18 0.675  \
  1.5 54 18 0.675 1.5 54 18 0.675 1.5 
613:  Double_t \
  0 57 -57 716.6 27 27 0.6 54 18 0.675  \
  1.5 54 18 0.675 1.5 54 18 0.675 1.5 
629:  Double_t \
  1 57 -57 761.6 27 27 0.6 54 18 0.675  \
  1.5 54 18 0.675 1.5 54 18 0.675 1.5 
645:  Double_t \
  0 57 -57 811.6 27 27 0.6 54 18 0.675  \
  1.5 54 18 0.675 1.5 54 18 0.675 1.5 
661:  Double_t \
  1 57 -57 856.6 27 27 0.6 54 18 0.675  \
  1.5 54 18 0.675 1.5 54 18 0.675 1.5 
773:  Double_t \
  0 -57 0 441.6 27 27 0.6 54 18 0.675  \
  1.5 54 18 0.675 1.5 54 18 0.675 1.5 
789:  Double_t \
  3 -57 0 486.6 27 27 0.6 54 18 0.675  \
  1.5 54 18 0.675 1.5 54 18 0.675 1.5 
805:  Double_t \
  0 -57 0 531.6 27 27 0.6 54 18 0.675  \
  1.5 54 18 0.675 1.5 54 18 0.675 1.5 
821:  Double_t \
  3 -57 0 576.6 27 27 0.6 54 18 0.675  \
  1.5 54 18 0.675 1.5 54 18 0.675 1.5 
837:  Double_t \
  0 -57 0 626.6 27 27 0.6 54 18 0.675  \
  1.5 54 18 0.675 1.5 54 18 0.675 1.5 
853:  Double_t \
  3 -57 0 671.6 27 27 0.6 54 18 0.675  \
  1.5 54 18 0.675 1.5 54 18 0.675 1.5 
869:  Double_t \
  0 -57 0 716.6 27 27 0.6 54 18 0.675  \
  1.5 54 18 0.675 1.5 54 18 0.675 1.5 
885:  Double_t \
  3 -57 0 761.6 27 27 0.6 54 18 0.675  \
  1.5 54 18 0.675 1.5 54 18 0.675 1.5 
901:  Double_t \
  0 -57 0 811.6 27 27 0.6 54 18 0.675  \
  1.5 54 18 0.675 1.5 54 18 0.675 1.5 
917:  Double_t \
  3 -57 0 856.6 27 27 0.6 54 18 0.675  \
  1.5 54 18 0.675 1.5 54 18 0.675 1.5 
1029:  Double_t \
  0 57 0 441.6 27 27 0.6 54 18 0.675  \
  1.5 54 18 0.675 1.5 54 18 0.675 1.5 
1045:  Double_t \
  1 57 0 486.6 27 27 0.6 54 18 0.675  \
  1.5 54 18 0.675 1.5 54 18 0.675 1.5 
1061:  Double_t \
  0 57 0 531.6 27 27 0.6 54 18 0.675  \
  1.5 54 18 0.675 1.5 54 18 0.675 1.5 
1077:  Double_t \
  1 57 0 576.6 27 27 0.6 54 18 0.675  \
  1.5 54 18 0.675 1.5 54 18 0.675 1.5 
1093:  Double_t \
  0 57 0 626.6 27 27 0.6 54 18 0.675  \
  1.5 54 18 0.675 1.5 54 18 0.675 1.5 
1109:  Double_t \
  1 57 0 671.6 27 27 0.6 54 18 0.675  \
  1.5 54 18 0.675 1.5 54 18 0.675 1.5 
1125:  Double_t \
  0 57 0 716.6 27 27 0.6 54 18 0.675  \
  1.5 54 18 0.675 1.5 54 18 0.675 1.5 
1141:  Double_t \
  1 57 0 761.6 27 27 0.6 54 18 0.675  \
  1.5 54 18 0.675 1.5 54 18 0.675 1.5 
1157:  Double_t \
  0 57 0 811.6 27 27 0.6 54 18 0.675  \
  1.5 54 18 0.675 1.5 54 18 0.675 1.5 
1173:  Double_t \
  1 57 0 856.6 27 27 0.6 54 18 0.675  \
  1.5 54 18 0.675 1.5 54 18 0.675 1.5 
1285:  Double_t \
  2 -57 57 441.6 27 27 0.6 54 18 0.675  \
  1.5 54 18 0.675 1.5 54 18 0.675 1.5 
1301:  Double_t \
  3 -57 57 486.6 27 27 0.6 54 18 0.675  \
  1.5 54 18 0.675 1.5 54 18 0.675 1.5 
1317:  Double_t \
  2 -57 57 531.6 27 27 0.6 54 18 0.675  \
  1.5 54 18 0.675 1.5 54 18 0.675 1.5 
1333:  Double_t \
  3 -57 57 576.6 27 27 0.6 54 18 0.675  \
  1.5 54 18 0.675 1.5 54 18 0.675 1.5 
1349:  Double_t \
  2 -57 57 626.6 27 27 0.6 54 18 0.675  \
  1.5 54 18 0.675 1.5 54 18 0.675 1.5 
1365:  Double_t \
  3 -57 57 671.6 27 27 0.6 54 18 0.675  \
  1.5 54 18 0.675 1.5 54 18 0.675 1.5 
1381:  Double_t \
  2 -57 57 716.6 27 27 0.6 54 18 0.675  \
  1.5 54 18 0.675 1.5 54 18 0.675 1.5 
1397:  Double_t \
  3 -57 57 761.6 27 27 0.6 54 18 0.675  \
  1.5 54 18 0.675 1.5 54 18 0.675 1.5 
1413:  Double_t \
  2 -57 57 811.6 27 27 0.6 54 18 0.675  \
  1.5 54 18 0.675 1.5 54 18 0.675 1.5 
1429:  Double_t \
  3 -57 57 856.6 27 27 0.6 54 18 0.675  \
  1.5 54 18 0.675 1.5 54 18 0.675 1.5 
1541:  Double_t \
  2 0 57 441.6 27 27 0.6 54 18 0.675  \
  1.5 54 18 0.675 1.5 54 18 0.675 1.5 
1557:  Double_t \
  1 0 57 486.6 27 27 0.6 54 18 0.675  \
  1.5 54 18 0.675 1.5 54 18 0.675 1.5 
1573:  Double_t \
  2 0 57 531.6 27 27 0.6 54 18 0.675  \
  1.5 54 18 0.675 1.5 54 18 0.675 1.5 
1589:  Double_t \
  1 0 57 576.6 27 27 0.6 54 18 0.675  \
  1.5 54 18 0.675 1.5 54 18 0.675 1.5 
1605:  Double_t \
  2 0 57 626.6 27 27 0.6 54 18 0.675  \
  1.5 54 18 0.675 1.5 54 18 0.675 1.5 
1621:  Double_t \
  1 0 57 671.6 27 27 0.6 54 18 0.675  \
  1.5 54 18 0.675 1.5 54 18 0.675 1.5 
1637:  Double_t \
  2 0 57 716.6 27 27 0.6 54 18 0.675  \
  1.5 54 18 0.675 1.5 54 18 0.675 1.5 
1653:  Double_t \
  1 0 57 761.6 27 27 0.6 54 18 0.675  \
  1.5 54 18 0.675 1.5 54 18 0.675 1.5 
1669:  Double_t \
  2 0 57 811.6 27 27 0.6 54 18 0.675  \
  1.5 54 18 0.675 1.5 54 18 0.675 1.5 
1685:  Double_t \
  1 0 57 856.6 27 27 0.6 54 18 0.675  \
  1.5 54 18 0.675 1.5 54 18 0.675 1.5 
1797:  Double_t \
  2 57 57 441.6 27 27 0.6 54 18 0.675  \
  1.5 54 18 0.675 1.5 54 18 0.675 1.5 
1813:  Double_t \
  1 57 57 486.6 27 27 0.6 54 18 0.675  \
  1.5 54 18 0.675 1.5 54 18 0.675 1.5 
1829:  Double_t \
  2 57 57 531.6 27 27 0.6 54 18 0.675  \
  1.5 54 18 0.675 1.5 54 18 0.675 1.5 
1845:  Double_t \
  1 57 57 576.6 27 27 0.6 54 18 0.675  \
  1.5 54 18 0.675 1.5 54 18 0.675 1.5 
1861:  Double_t \
  2 57 57 626.6 27 27 0.6 54 18 0.675  \
  1.5 54 18 0.675 1.5 54 18 0.675 1.5 
1877:  Double_t \
  1 57 57 671.6 27 27 0.6 54 18 0.675  \
  1.5 54 18 0.675 1.5 54 18 0.675 1.5 
1893:  Double_t \
  2 57 57 716.6 27 27 0.6 54 18 0.675  \
  1.5 54 18 0.675 1.5 54 18 0.675 1.5 
1909:  Double_t \
  1 57 57 761.6 27 27 0.6 54 18 0.675  \
  1.5 54 18 0.675 1.5 54 18 0.675 1.5 
1925:  Double_t \
  2 57 57 811.6 27 27 0.6 54 18 0.675  \
  1.5 54 18 0.675 1.5 54 18 0.675 1.5 
1941:  Double_t \
  1 57 57 856.6 27 27 0.6 54 18 0.675  \
  1.5 54 18 0.675 1.5 54 18 0.675 1.5 
2053:  Double_t \
  0 -114 -57 441.6 27 27 0.6 54 22 0.675  \
  2.75 54 10 0.675 2.5 54 22 0.675 2.75 
2069:  Double_t \
  3 -114 -57 486.6 27 27 0.6 54 22 0.675  \
  2.75 54 10 0.675 2.5 54 22 0.675 2.75 
2085:  Double_t \
  0 -114 -57 531.6 27 27 0.6 54 22 0.675  \
  2.75 54 10 0.675 2.5 54 22 0.675 2.75 
2101:  Double_t \
  3 -114 -57 576.6 27 27 0.6 54 22 0.675  \
  2.75 54 10 0.675 2.5 54 22 0.675 2.75 
2117:  Double_t \
  0 -114 -57 626.6 27 27 0.6 54 22 0.675  \
  2.75 54 10 0.675 2.5 54 22 0.675 2.75 
2133:  Double_t \
  3 -114 -57 671.6 27 27 0.6 54 22 0.675  \
  2.75 54 10 0.675 2.5 54 22 0.675 2.75 
2149:  Double_t \
  0 -114 -57 716.6 27 27 0.6 54 22 0.675  \
  2.75 54 10 0.675 2.5 54 22 0.675 2.75 
2165:  Double_t \
  3 -114 -57 761.6 27 27 0.6 54 22 0.675  \
  2.75 54 10 0.675 2.5 54 22 0.675 2.75 
2181:  Double_t \
  0 -114 -57 811.6 27 27 0.6 54 22 0.675  \
  2.75 54 10 0.675 2.5 54 22 0.675 2.75 
2197:  Double_t \
  3 -114 -57 856.6 27 27 0.6 54 22 0.675  \
  2.75 54 10 0.675 2.5 54 22 0.675 2.75 
2309:  Double_t \
  0 114 -57 441.6 27 27 0.6 54 22 0.675  \
  2.75 54 10 0.675 2.5 54 22 0.675 2.75 
2325:  Double_t \
  1 114 -57 486.6 27 27 0.6 54 22 0.675  \
  2.75 54 10 0.675 2.5 54 22 0.675 2.75 
2341:  Double_t \
  0 114 -57 531.6 27 27 0.6 54 22 0.675  \
  2.75 54 10 0.675 2.5 54 22 0.675 2.75 
2357:  Double_t \
  1 114 -57 576.6 27 27 0.6 54 22 0.675  \
  2.75 54 10 0.675 2.5 54 22 0.675 2.75 
2373:  Double_t \
  0 114 -57 626.6 27 27 0.6 54 22 0.675  \
  2.75 54 10 0.675 2.5 54 22 0.675 2.75 
2389:  Double_t \
  1 114 -57 671.6 27 27 0.6 54 22 0.675  \
  2.75 54 10 0.675 2.5 54 22 0.675 2.75 
2405:  Double_t \
  0 114 -57 716.6 27 27 0.6 54 22 0.675  \
  2.75 54 10 0.675 2.5 54 22 0.675 2.75 
2421:  Double_t \
  1 114 -57 761.6 27 27 0.6 54 22 0.675  \
  2.75 54 10 0.675 2.5 54 22 0.675 2.75 
2437:  Double_t \
  0 114 -57 811.6 27 27 0.6 54 22 0.675  \
  2.75 54 10 0.675 2.5 54 22 0.675 2.75 
2453:  Double_t \
  1 114 -57 856.6 27 27 0.6 54 22 0.675  \
  2.75 54 10 0.675 2.5 54 22 0.675 2.75 
2565:  Double_t \
  0 -114 0 441.6 27 27 0.6 54 22 0.675  \
  2.75 54 10 0.675 2.5 54 22 0.675 2.75 
2581:  Double_t \
  3 -114 0 486.6 27 27 0.6 54 22 0.675  \
  2.75 54 10 0.675 2.5 54 22 0.675 2.75 
2597:  Double_t \
  0 -114 0 531.6 27 27 0.6 54 22 0.675  \
  2.75 54 10 0.675 2.5 54 22 0.675 2.75 
2613:  Double_t \
  3 -114 0 576.6 27 27 0.6 54 22 0.675  \
  2.75 54 10 0.675 2.5 54 22 0.675 2.75 
2629:  Double_t \
  0 -114 0 626.6 27 27 0.6 54 22 0.675  \
  2.75 54 10 0.675 2.5 54 22 0.675 2.75 
2645:  Double_t \
  3 -114 0 671.6 27 27 0.6 54 22 0.675  \
  2.75 54 10 0.675 2.5 54 22 0.675 2.75 
2661:  Double_t \
  0 -114 0 716.6 27 27 0.6 54 22 0.675  \
  2.75 54 10 0.675 2.5 54 22 0.675 2.75 
2677:  Double_t \
  3 -114 0 761.6 27 27 0.6 54 22 0.675  \
  2.75 54 10 0.675 2.5 54 22 0.675 2.75 
2693:  Double_t \
  0 -114 0 811.6 27 27 0.6 54 22 0.675  \
  2.75 54 10 0.675 2.5 54 22 0.675 2.75 
2709:  Double_t \
  3 -114 0 856.6 27 27 0.6 54 22 0.675  \
  2.75 54 10 0.675 2.5 54 22 0.675 2.75 
2821:  Double_t \
  0 114 0 441.6 27 27 0.6 54 22 0.675  \
  2.75 54 10 0.675 2.5 54 22 0.675 2.75 
2837:  Double_t \
  1 114 0 486.6 27 27 0.6 54 22 0.675  \
  2.75 54 10 0.675 2.5 54 22 0.675 2.75 
2853:  Double_t \
  0 114 0 531.6 27 27 0.6 54 22 0.675  \
  2.75 54 10 0.675 2.5 54 22 0.675 2.75 
2869:  Double_t \
  1 114 0 576.6 27 27 0.6 54 22 0.675  \
  2.75 54 10 0.675 2.5 54 22 0.675 2.75 
2885:  Double_t \
  0 114 0 626.6 27 27 0.6 54 22 0.675  \
  2.75 54 10 0.675 2.5 54 22 0.675 2.75 
2901:  Double_t \
  1 114 0 671.6 27 27 0.6 54 22 0.675  \
  2.75 54 10 0.675 2.5 54 22 0.675 2.75 
2917:  Double_t \
  0 114 0 716.6 27 27 0.6 54 22 0.675  \
  2.75 54 10 0.675 2.5 54 22 0.675 2.75 
2933:  Double_t \
  1 114 0 761.6 27 27 0.6 54 22 0.675  \
  2.75 54 10 0.675 2.5 54 22 0.675 2.75 
2949:  Double_t \
  0 114 0 811.6 27 27 0.6 54 22 0.675  \
  2.75 54 10 0.675 2.5 54 22 0.675 2.75 
2965:  Double_t \
  1 114 0 856.6 27 27 0.6 54 22 0.675  \
  2.75 54 10 0.675 2.5 54 22 0.675 2.75 
3077:  Double_t \
  2 -114 57 441.6 27 27 0.6 54 22 0.675  \
  2.75 54 10 0.675 2.5 54 22 0.675 2.75 
3093:  Double_t \
  3 -114 57 486.6 27 27 0.6 54 22 0.675  \
  2.75 54 10 0.675 2.5 54 22 0.675 2.75 
3109:  Double_t \
  2 -114 57 531.6 27 27 0.6 54 22 0.675  \
  2.75 54 10 0.675 2.5 54 22 0.675 2.75 
3125:  Double_t \
  3 -114 57 576.6 27 27 0.6 54 22 0.675  \
  2.75 54 10 0.675 2.5 54 22 0.675 2.75 
3141:  Double_t \
  2 -114 57 626.6 27 27 0.6 54 22 0.675  \
  2.75 54 10 0.675 2.5 54 22 0.675 2.75 
3157:  Double_t \
  3 -114 57 671.6 27 27 0.6 54 22 0.675  \
  2.75 54 10 0.675 2.5 54 22 0.675 2.75 
3173:  Double_t \
  2 -114 57 716.6 27 27 0.6 54 22 0.675  \
  2.75 54 10 0.675 2.5 54 22 0.675 2.75 
3189:  Double_t \
  3 -114 57 761.6 27 27 0.6 54 22 0.675  \
  2.75 54 10 0.675 2.5 54 22 0.675 2.75 
3205:  Double_t \
  2 -114 57 811.6 27 27 0.6 54 22 0.675  \
  2.75 54 10 0.675 2.5 54 22 0.675 2.75 
3221:  Double_t \
  3 -114 57 856.6 27 27 0.6 54 22 0.675  \
  2.75 54 10 0.675 2.5 54 22 0.675 2.75 
3333:  Double_t \
  2 114 57 441.6 27 27 0.6 54 22 0.675  \
  2.75 54 10 0.675 2.5 54 22 0.675 2.75 
3349:  Double_t \
  1 114 57 486.6 27 27 0.6 54 22 0.675  \
  2.75 54 10 0.675 2.5 54 22 0.675 2.75 
3365:  Double_t \
  2 114 57 531.6 27 27 0.6 54 22 0.675  \
  2.75 54 10 0.675 2.5 54 22 0.675 2.75 
3381:  Double_t \
  1 114 57 576.6 27 27 0.6 54 22 0.675  \
  2.75 54 10 0.675 2.5 54 22 0.675 2.75 
3397:  Double_t \
  2 114 57 626.6 27 27 0.6 54 22 0.675  \
  2.75 54 10 0.675 2.5 54 22 0.675 2.75 
3413:  Double_t \
  1 114 57 671.6 27 27 0.6 54 22 0.675  \
  2.75 54 10 0.675 2.5 54 22 0.675 2.75 
3429:  Double_t \
  2 114 57 716.6 27 27 0.6 54 22 0.675  \
  2.75 54 10 0.675 2.5 54 22 0.675 2.75 
3445:  Double_t \
  1 114 57 761.6 27 27 0.6 54 22 0.675  \
  2.75 54 10 0.675 2.5 54 22 0.675 2.75 
3461:  Double_t \
  2 114 57 811.6 27 27 0.6 54 22 0.675  \
  2.75 54 10 0.675 2.5 54 22 0.675 2.75 
3477:  Double_t \
  1 114 57 856.6 27 27 0.6 54 22 0.675  \
  2.75 54 10 0.675 2.5 54 22 0.675 2.75 
3589:  Double_t \
  0 -114 -114 441.6 27 27 0.6 54 4.5 0.675  \
  4.5 54 45 0.675 4.5 54 4.5 0.675 4.5 
3605:  Double_t \
  3 -114 -114 486.6 27 27 0.6 54 4.5 0.675  \
  4.5 54 45 0.675 4.5 54 4.5 0.675 4.5 
3621:  Double_t \
  0 -114 -114 531.6 27 27 0.6 54 4.5 0.675  \
  4.5 54 45 0.675 4.5 54 4.5 0.675 4.5 
3637:  Double_t \
  3 -114 -114 576.6 27 27 0.6 54 4.5 0.675  \
  4.5 54 45 0.675 4.5 54 4.5 0.675 4.5 
3653:  Double_t \
  0 -114 -114 626.6 27 27 0.6 54 4.5 0.675  \
  4.5 54 45 0.675 4.5 54 4.5 0.675 4.5 
3669:  Double_t \
  3 -114 -114 671.6 27 27 0.6 54 4.5 0.675  \
  4.5 54 45 0.675 4.5 54 4.5 0.675 4.5 
3685:  Double_t \
  0 -114 -114 716.6 27 27 0.6 54 4.5 0.675  \
  4.5 54 45 0.675 4.5 54 4.5 0.675 4.5 
3701:  Double_t \
  3 -114 -114 761.6 27 27 0.6 54 4.5 0.675  \
  4.5 54 45 0.675 4.5 54 4.5 0.675 4.5 
3717:  Double_t \
  0 -114 -114 811.6 27 27 0.6 54 4.5 0.675  \
  4.5 54 45 0.675 4.5 54 4.5 0.675 4.5 
3733:  Double_t \
  3 -114 -114 856.6 27 27 0.6 54 4.5 0.675  \
  4.5 54 45 0.675 4.5 54 4.5 0.675 4.5 
3845:  Double_t \
  0 -57 -114 441.6 27 27 0.6 54 4.5 0.675  \
  4.5 54 45 0.675 4.5 54 4.5 0.675 4.5 
3861:  Double_t \
  3 -57 -114 486.6 27 27 0.6 54 4.5 0.675  \
  4.5 54 45 0.675 4.5 54 4.5 0.675 4.5 
3877:  Double_t \
  0 -57 -114 531.6 27 27 0.6 54 4.5 0.675  \
  4.5 54 45 0.675 4.5 54 4.5 0.675 4.5 
3893:  Double_t \
  3 -57 -114 576.6 27 27 0.6 54 4.5 0.675  \
  4.5 54 45 0.675 4.5 54 4.5 0.675 4.5 
3909:  Double_t \
  0 -57 -114 626.6 27 27 0.6 54 4.5 0.675  \
  4.5 54 45 0.675 4.5 54 4.5 0.675 4.5 
3925:  Double_t \
  3 -57 -114 671.6 27 27 0.6 54 4.5 0.675  \
  4.5 54 45 0.675 4.5 54 4.5 0.675 4.5 
3941:  Double_t \
  0 -57 -114 716.6 27 27 0.6 54 4.5 0.675  \
  4.5 54 45 0.675 4.5 54 4.5 0.675 4.5 
3957:  Double_t \
  3 -57 -114 761.6 27 27 0.6 54 4.5 0.675  \
  4.5 54 45 0.675 4.5 54 4.5 0.675 4.5 
3973:  Double_t \
  0 -57 -114 811.6 27 27 0.6 54 4.5 0.675  \
  4.5 54 45 0.675 4.5 54 4.5 0.675 4.5 
3989:  Double_t \
  3 -57 -114 856.6 27 27 0.6 54 4.5 0.675  \
  4.5 54 45 0.675 4.5 54 4.5 0.675 4.5 
4101:  Double_t \
  0 0 -114 441.6 27 27 0.6 54 4.5 0.675  \
  4.5 54 45 0.675 4.5 54 4.5 0.675 4.5 
4117:  Double_t \
  1 0 -114 486.6 27 27 0.6 54 4.5 0.675  \
  4.5 54 45 0.675 4.5 54 4.5 0.675 4.5 
4133:  Double_t \
  0 0 -114 531.6 27 27 0.6 54 4.5 0.675  \
  4.5 54 45 0.675 4.5 54 4.5 0.675 4.5 
4149:  Double_t \
  1 0 -114 576.6 27 27 0.6 54 4.5 0.675  \
  4.5 54 45 0.675 4.5 54 4.5 0.675 4.5 
4165:  Double_t \
  0 0 -114 626.6 27 27 0.6 54 4.5 0.675  \
  4.5 54 45 0.675 4.5 54 4.5 0.675 4.5 
4181:  Double_t \
  1 0 -114 671.6 27 27 0.6 54 4.5 0.675  \
  4.5 54 45 0.675 4.5 54 4.5 0.675 4.5 
4197:  Double_t \
  0 0 -114 716.6 27 27 0.6 54 4.5 0.675  \
  4.5 54 45 0.675 4.5 54 4.5 0.675 4.5 
4213:  Double_t \
  1 0 -114 761.6 27 27 0.6 54 4.5 0.675  \
  4.5 54 45 0.675 4.5 54 4.5 0.675 4.5 
4229:  Double_t \
  0 0 -114 811.6 27 27 0.6 54 4.5 0.675  \
  4.5 54 45 0.675 4.5 54 4.5 0.675 4.5 
4245:  Double_t \
  1 0 -114 856.6 27 27 0.6 54 4.5 0.675  \
  4.5 54 45 0.675 4.5 54 4.5 0.675 4.5 
4357:  Double_t \
  0 57 -114 441.6 27 27 0.6 54 4.5 0.675  \
  4.5 54 45 0.675 4.5 54 4.5 0.675 4.5 
4373:  Double_t \
  1 57 -114 486.6 27 27 0.6 54 4.5 0.675  \
  4.5 54 45 0.675 4.5 54 4.5 0.675 4.5 
4389:  Double_t \
  0 57 -114 531.6 27 27 0.6 54 4.5 0.675  \
  4.5 54 45 0.675 4.5 54 4.5 0.675 4.5 
4405:  Double_t \
  1 57 -114 576.6 27 27 0.6 54 4.5 0.675  \
  4.5 54 45 0.675 4.5 54 4.5 0.675 4.5 
4421:  Double_t \
  0 57 -114 626.6 27 27 0.6 54 4.5 0.675  \
  4.5 54 45 0.675 4.5 54 4.5 0.675 4.5 
4437:  Double_t \
  1 57 -114 671.6 27 27 0.6 54 4.5 0.675  \
  4.5 54 45 0.675 4.5 54 4.5 0.675 4.5 
4453:  Double_t \
  0 57 -114 716.6 27 27 0.6 54 4.5 0.675  \
  4.5 54 45 0.675 4.5 54 4.5 0.675 4.5 
4469:  Double_t \
  1 57 -114 761.6 27 27 0.6 54 4.5 0.675  \
  4.5 54 45 0.675 4.5 54 4.5 0.675 4.5 
4485:  Double_t \
  0 57 -114 811.6 27 27 0.6 54 4.5 0.675  \
  4.5 54 45 0.675 4.5 54 4.5 0.675 4.5 
4501:  Double_t \
  1 57 -114 856.6 27 27 0.6 54 4.5 0.675  \
  4.5 54 45 0.675 4.5 54 4.5 0.675 4.5 
4613:  Double_t \
  0 114 -114 441.6 27 27 0.6 54 4.5 0.675  \
  4.5 54 45 0.675 4.5 54 4.5 0.675 4.5 
4629:  Double_t \
  1 114 -114 486.6 27 27 0.6 54 4.5 0.675  \
  4.5 54 45 0.675 4.5 54 4.5 0.675 4.5 
4645:  Double_t \
  0 114 -114 531.6 27 27 0.6 54 4.5 0.675  \
  4.5 54 45 0.675 4.5 54 4.5 0.675 4.5 
4661:  Double_t \
  1 114 -114 576.6 27 27 0.6 54 4.5 0.675  \
  4.5 54 45 0.675 4.5 54 4.5 0.675 4.5 
4677:  Double_t \
  0 114 -114 626.6 27 27 0.6 54 4.5 0.675  \
  4.5 54 45 0.675 4.5 54 4.5 0.675 4.5 
4693:  Double_t \
  1 114 -114 671.6 27 27 0.6 54 4.5 0.675  \
  4.5 54 45 0.675 4.5 54 4.5 0.675 4.5 
4709:  Double_t \
  0 114 -114 716.6 27 27 0.6 54 4.5 0.675  \
  4.5 54 45 0.675 4.5 54 4.5 0.675 4.5 
4725:  Double_t \
  1 114 -114 761.6 27 27 0.6 54 4.5 0.675  \
  4.5 54 45 0.675 4.5 54 4.5 0.675 4.5 
4741:  Double_t \
  0 114 -114 811.6 27 27 0.6 54 4.5 0.675  \
  4.5 54 45 0.675 4.5 54 4.5 0.675 4.5 
4757:  Double_t \
  1 114 -114 856.6 27 27 0.6 54 4.5 0.675  \
  4.5 54 45 0.675 4.5 54 4.5 0.675 4.5 
4869:  Double_t \
  2 -114 114 441.6 27 27 0.6 54 4.5 0.675  \
  4.5 54 45 0.675 4.5 54 4.5 0.675 4.5 
4885:  Double_t \
  3 -114 114 486.6 27 27 0.6 54 4.5 0.675  \
  4.5 54 45 0.675 4.5 54 4.5 0.675 4.5 
4901:  Double_t \
  2 -114 114 531.6 27 27 0.6 54 4.5 0.675  \
  4.5 54 45 0.675 4.5 54 4.5 0.675 4.5 
4917:  Double_t \
  3 -114 114 576.6 27 27 0.6 54 4.5 0.675  \
  4.5 54 45 0.675 4.5 54 4.5 0.675 4.5 
4933:  Double_t \
  2 -114 114 626.6 27 27 0.6 54 4.5 0.675  \
  4.5 54 45 0.675 4.5 54 4.5 0.675 4.5 
4949:  Double_t \
  3 -114 114 671.6 27 27 0.6 54 4.5 0.675  \
  4.5 54 45 0.675 4.5 54 4.5 0.675 4.5 
4965:  Double_t \
  2 -114 114 716.6 27 27 0.6 54 4.5 0.675  \
  4.5 54 45 0.675 4.5 54 4.5 0.675 4.5 
4981:  Double_t \
  3 -114 114 761.6 27 27 0.6 54 4.5 0.675  \
  4.5 54 45 0.675 4.5 54 4.5 0.675 4.5 
4997:  Double_t \
  2 -114 114 811.6 27 27 0.6 54 4.5 0.675  \
  4.5 54 45 0.675 4.5 54 4.5 0.675 4.5 
5013:  Double_t \
  3 -114 114 856.6 27 27 0.6 54 4.5 0.675  \
  4.5 54 45 0.675 4.5 54 4.5 0.675 4.5 
5125:  Double_t \
  2 -57 114 441.6 27 27 0.6 54 4.5 0.675  \
  4.5 54 45 0.675 4.5 54 4.5 0.675 4.5 
5141:  Double_t \
  3 -57 114 486.6 27 27 0.6 54 4.5 0.675  \
  4.5 54 45 0.675 4.5 54 4.5 0.675 4.5 
5157:  Double_t \
  2 -57 114 531.6 27 27 0.6 54 4.5 0.675  \
  4.5 54 45 0.675 4.5 54 4.5 0.675 4.5 
5173:  Double_t \
  3 -57 114 576.6 27 27 0.6 54 4.5 0.675  \
  4.5 54 45 0.675 4.5 54 4.5 0.675 4.5 
5189:  Double_t \
  2 -57 114 626.6 27 27 0.6 54 4.5 0.675  \
  4.5 54 45 0.675 4.5 54 4.5 0.675 4.5 
5205:  Double_t \
  3 -57 114 671.6 27 27 0.6 54 4.5 0.675  \
  4.5 54 45 0.675 4.5 54 4.5 0.675 4.5 
5221:  Double_t \
  2 -57 114 716.6 27 27 0.6 54 4.5 0.675  \
  4.5 54 45 0.675 4.5 54 4.5 0.675 4.5 
5237:  Double_t \
  3 -57 114 761.6 27 27 0.6 54 4.5 0.675  \
  4.5 54 45 0.675 4.5 54 4.5 0.675 4.5 
5253:  Double_t \
  2 -57 114 811.6 27 27 0.6 54 4.5 0.675  \
  4.5 54 45 0.675 4.5 54 4.5 0.675 4.5 
5269:  Double_t \
  3 -57 114 856.6 27 27 0.6 54 4.5 0.675  \
  4.5 54 45 0.675 4.5 54 4.5 0.675 4.5 
5381:  Double_t \
  2 0 114 441.6 27 27 0.6 54 4.5 0.675  \
  4.5 54 45 0.675 4.5 54 4.5 0.675 4.5 
5397:  Double_t \
  1 0 114 486.6 27 27 0.6 54 4.5 0.675  \
  4.5 54 45 0.675 4.5 54 4.5 0.675 4.5 
5413:  Double_t \
  2 0 114 531.6 27 27 0.6 54 4.5 0.675  \
  4.5 54 45 0.675 4.5 54 4.5 0.675 4.5 
5429:  Double_t \
  1 0 114 576.6 27 27 0.6 54 4.5 0.675  \
  4.5 54 45 0.675 4.5 54 4.5 0.675 4.5 
5445:  Double_t \
  2 0 114 626.6 27 27 0.6 54 4.5 0.675  \
  4.5 54 45 0.675 4.5 54 4.5 0.675 4.5 
5461:  Double_t \
  1 0 114 671.6 27 27 0.6 54 4.5 0.675  \
  4.5 54 45 0.675 4.5 54 4.5 0.675 4.5 
5477:  Double_t \
  2 0 114 716.6 27 27 0.6 54 4.5 0.675  \
  4.5 54 45 0.675 4.5 54 4.5 0.675 4.5 
5493:  Double_t \
  1 0 114 761.6 27 27 0.6 54 4.5 0.675  \
  4.5 54 45 0.675 4.5 54 4.5 0.675 4.5 
5509:  Double_t \
  2 0 114 811.6 27 27 0.6 54 4.5 0.675  \
  4.5 54 45 0.675 4.5 54 4.5 0.675 4.5 
5525:  Double_t \
  1 0 114 856.6 27 27 0.6 54 4.5 0.675  \
  4.5 54 45 0.675 4.5 54 4.5 0.675 4.5 
5637:  Double_t \
  2 57 114 441.6 27 27 0.6 54 4.5 0.675  \
  4.5 54 45 0.675 4.5 54 4.5 0.675 4.5 
5653:  Double_t \
  1 57 114 486.6 27 27 0.6 54 4.5 0.675  \
  4.5 54 45 0.675 4.5 54 4.5 0.675 4.5 
5669:  Double_t \
  2 57 114 531.6 27 27 0.6 54 4.5 0.675  \
  4.5 54 45 0.675 4.5 54 4.5 0.675 4.5 
5685:  Double_t \
  1 57 114 576.6 27 27 0.6 54 4.5 0.675  \
  4.5 54 45 0.675 4.5 54 4.5 0.675 4.5 
5701:  Double_t \
  2 57 114 626.6 27 27 0.6 54 4.5 0.675  \
  4.5 54 45 0.675 4.5 54 4.5 0.675 4.5 
5717:  Double_t \
  1 57 114 671.6 27 27 0.6 54 4.5 0.675  \
  4.5 54 45 0.675 4.5 54 4.5 0.675 4.5 
5733:  Double_t \
  2 57 114 716.6 27 27 0.6 54 4.5 0.675  \
  4.5 54 45 0.675 4.5 54 4.5 0.675 4.5 
5749:  Double_t \
  1 57 114 761.6 27 27 0.6 54 4.5 0.675  \
  4.5 54 45 0.675 4.5 54 4.5 0.675 4.5 
5765:  Double_t \
  2 57 114 811.6 27 27 0.6 54 4.5 0.675  \
  4.5 54 45 0.675 4.5 54 4.5 0.675 4.5 
5781:  Double_t \
  1 57 114 856.6 27 27 0.6 54 4.5 0.675  \
  4.5 54 45 0.675 4.5 54 4.5 0.675 4.5 
5893:  Double_t \
  2 114 114 441.6 27 27 0.6 54 4.5 0.675  \
  4.5 54 45 0.675 4.5 54 4.5 0.675 4.5 
5909:  Double_t \
  1 114 114 486.6 27 27 0.6 54 4.5 0.675  \
  4.5 54 45 0.675 4.5 54 4.5 0.675 4.5 
5925:  Double_t \
  2 114 114 531.6 27 27 0.6 54 4.5 0.675  \
  4.5 54 45 0.675 4.5 54 4.5 0.675 4.5 
5941:  Double_t \
  1 114 114 576.6 27 27 0.6 54 4.5 0.675  \
  4.5 54 45 0.675 4.5 54 4.5 0.675 4.5 
5957:  Double_t \
  2 114 114 626.6 27 27 0.6 54 4.5 0.675  \
  4.5 54 45 0.675 4.5 54 4.5 0.675 4.5 
5973:  Double_t \
  1 114 114 671.6 27 27 0.6 54 4.5 0.675  \
  4.5 54 45 0.675 4.5 54 4.5 0.675 4.5 
5989:  Double_t \
  2 114 114 716.6 27 27 0.6 54 4.5 0.675  \
  4.5 54 45 0.675 4.5 54 4.5 0.675 4.5 
6005:  Double_t \
  1 114 114 761.6 27 27 0.6 54 4.5 0.675  \
  4.5 54 45 0.675 4.5 54 4.5 0.675 4.5 
6021:  Double_t \
  2 114 114 811.6 27 27 0.6 54 4.5 0.675  \
  4.5 54 45 0.675 4.5 54 4.5 0.675 4.5 
6037:  Double_t \
  1 114 114 856.6 27 27 0.6 54 4.5 0.675  \
  4.5 54 45 0.675 4.5 54 4.5 0.675 4.5 
6149:  Double_t \
  0 -190 -95 441.6 45.5 45.5 0.6 91 11 0.710938  \
  5.5 91 69 0.710938 5.75 91 11 0.710938 5.5 
6165:  Double_t \
  3 -190 -95 486.6 45.5 45.5 0.6 91 11 0.710938  \
  5.5 91 69 0.710938 5.75 91 11 0.710938 5.5 
6181:  Double_t \
  0 -190 -95 531.6 45.5 45.5 0.6 91 11 0.710938  \
  5.5 91 69 0.710938 5.75 91 11 0.710938 5.5 
6197:  Double_t \
  3 -190 -95 576.6 45.5 45.5 0.6 91 11 0.710938  \
  5.5 91 69 0.710938 5.75 91 11 0.710938 5.5 
6213:  Double_t \
  0 -190 -95 626.6 45.5 45.5 0.6 91 11 0.710938  \
  5.5 91 69 0.710938 5.75 91 11 0.710938 5.5 
6229:  Double_t \
  3 -190 -95 671.6 45.5 45.5 0.6 91 11 0.710938  \
  5.5 91 69 0.710938 5.75 91 11 0.710938 5.5 
6245:  Double_t \
  0 -190 -95 716.6 45.5 45.5 0.6 91 11 0.710938  \
  5.5 91 69 0.710938 5.75 91 11 0.710938 5.5 
6261:  Double_t \
  3 -190 -95 761.6 45.5 45.5 0.6 91 11 0.710938  \
  5.5 91 69 0.710938 5.75 91 11 0.710938 5.5 
6277:  Double_t \
  0 -95 -190 811.6 45.5 45.5 0.6 91 11 0.710938  \
  5.5 91 69 0.710938 5.75 91 11 0.710938 5.5 
6293:  Double_t \
  3 -95 -190 856.6 45.5 45.5 0.6 91 11 0.710938  \
  5.5 91 69 0.710938 5.75 91 11 0.710938 5.5 
6405:  Double_t \
  0 190 -95 441.6 45.5 45.5 0.6 91 11 0.710938  \
  5.5 91 69 0.710938 5.75 91 11 0.710938 5.5 
6421:  Double_t \
  1 190 -95 486.6 45.5 45.5 0.6 91 11 0.710938  \
  5.5 91 69 0.710938 5.75 91 11 0.710938 5.5 
6437:  Double_t \
  0 190 -95 531.6 45.5 45.5 0.6 91 11 0.710938  \
  5.5 91 69 0.710938 5.75 91 11 0.710938 5.5 
6453:  Double_t \
  1 190 -95 576.6 45.5 45.5 0.6 91 11 0.710938  \
  5.5 91 69 0.710938 5.75 91 11 0.710938 5.5 
6469:  Double_t \
  0 190 -95 626.6 45.5 45.5 0.6 91 11 0.710938  \
  5.5 91 69 0.710938 5.75 91 11 0.710938 5.5 
6485:  Double_t \
  1 190 -95 671.6 45.5 45.5 0.6 91 11 0.710938  \
  5.5 91 69 0.710938 5.75 91 11 0.710938 5.5 
6501:  Double_t \
  0 190 -95 716.6 45.5 45.5 0.6 91 11 0.710938  \
  5.5 91 69 0.710938 5.75 91 11 0.710938 5.5 
6517:  Double_t \
  1 190 -95 761.6 45.5 45.5 0.6 91 11 0.710938  \
  5.5 91 69 0.710938 5.75 91 11 0.710938 5.5 
6533:  Double_t \
  0 0 -190 811.6 45.5 45.5 0.6 91 11 0.710938  \
  5.5 91 69 0.710938 5.75 91 11 0.710938 5.5 
6549:  Double_t \
  1 0 -190 856.6 45.5 45.5 0.6 91 11 0.710938  \
  5.5 91 69 0.710938 5.75 91 11 0.710938 5.5 
6661:  Double_t \
  0 -190 0 441.6 45.5 45.5 0.6 91 11 0.710938  \
  5.5 91 69 0.710938 5.75 91 11 0.710938 5.5 
6677:  Double_t \
  3 -190 0 486.6 45.5 45.5 0.6 91 11 0.710938  \
  5.5 91 69 0.710938 5.75 91 11 0.710938 5.5 
6693:  Double_t \
  0 -190 0 531.6 45.5 45.5 0.6 91 11 0.710938  \
  5.5 91 69 0.710938 5.75 91 11 0.710938 5.5 
6709:  Double_t \
  3 -190 0 576.6 45.5 45.5 0.6 91 11 0.710938  \
  5.5 91 69 0.710938 5.75 91 11 0.710938 5.5 
6725:  Double_t \
  0 -285 0 626.6 45.5 45.5 0.6 91 11 0.710938  \
  5.5 91 69 0.710938 5.75 91 11 0.710938 5.5 
6741:  Double_t \
  3 -285 0 671.6 45.5 45.5 0.6 91 11 0.710938  \
  5.5 91 69 0.710938 5.75 91 11 0.710938 5.5 
6757:  Double_t \
  0 -285 0 716.6 45.5 45.5 0.6 91 11 0.710938  \
  5.5 91 69 0.710938 5.75 91 11 0.710938 5.5 
6773:  Double_t \
  3 -285 0 761.6 45.5 45.5 0.6 91 11 0.710938  \
  5.5 91 69 0.710938 5.75 91 11 0.710938 5.5 
6789:  Double_t \
  0 95 -190 811.6 45.5 45.5 0.6 91 11 0.710938  \
  5.5 91 69 0.710938 5.75 91 11 0.710938 5.5 
6805:  Double_t \
  1 95 -190 856.6 45.5 45.5 0.6 91 11 0.710938  \
  5.5 91 69 0.710938 5.75 91 11 0.710938 5.5 
6917:  Double_t \
  0 190 0 441.6 45.5 45.5 0.6 91 11 0.710938  \
  5.5 91 69 0.710938 5.75 91 11 0.710938 5.5 
6933:  Double_t \
  1 190 0 486.6 45.5 45.5 0.6 91 11 0.710938  \
  5.5 91 69 0.710938 5.75 91 11 0.710938 5.5 
6949:  Double_t \
  0 190 0 531.6 45.5 45.5 0.6 91 11 0.710938  \
  5.5 91 69 0.710938 5.75 91 11 0.710938 5.5 
6965:  Double_t \
  1 190 0 576.6 45.5 45.5 0.6 91 11 0.710938  \
  5.5 91 69 0.710938 5.75 91 11 0.710938 5.5 
6981:  Double_t \
  0 -190 0 626.6 45.5 45.5 0.6 91 11 0.710938  \
  5.5 91 69 0.710938 5.75 91 11 0.710938 5.5 
6997:  Double_t \
  3 -190 0 671.6 45.5 45.5 0.6 91 11 0.710938  \
  5.5 91 69 0.710938 5.75 91 11 0.710938 5.5 
7013:  Double_t \
  0 -190 0 716.6 45.5 45.5 0.6 91 11 0.710938  \
  5.5 91 69 0.710938 5.75 91 11 0.710938 5.5 
7029:  Double_t \
  3 -190 0 761.6 45.5 45.5 0.6 91 11 0.710938  \
  5.5 91 69 0.710938 5.75 91 11 0.710938 5.5 
7045:  Double_t \
  0 -285 -95 811.6 45.5 45.5 0.6 91 11 0.710938  \
  5.5 91 69 0.710938 5.75 91 11 0.710938 5.5 
7061:  Double_t \
  3 -285 -95 856.6 45.5 45.5 0.6 91 11 0.710938  \
  5.5 91 69 0.710938 5.75 91 11 0.710938 5.5 
7173:  Double_t \
  2 -190 95 441.6 45.5 45.5 0.6 91 11 0.710938  \
  5.5 91 69 0.710938 5.75 91 11 0.710938 5.5 
7189:  Double_t \
  3 -190 95 486.6 45.5 45.5 0.6 91 11 0.710938  \
  5.5 91 69 0.710938 5.75 91 11 0.710938 5.5 
7205:  Double_t \
  2 -190 95 531.6 45.5 45.5 0.6 91 11 0.710938  \
  5.5 91 69 0.710938 5.75 91 11 0.710938 5.5 
7221:  Double_t \
  3 -190 95 576.6 45.5 45.5 0.6 91 11 0.710938  \
  5.5 91 69 0.710938 5.75 91 11 0.710938 5.5 
7237:  Double_t \
  0 190 0 626.6 45.5 45.5 0.6 91 11 0.710938  \
  5.5 91 69 0.710938 5.75 91 11 0.710938 5.5 
7253:  Double_t \
  1 190 0 671.6 45.5 45.5 0.6 91 11 0.710938  \
  5.5 91 69 0.710938 5.75 91 11 0.710938 5.5 
7269:  Double_t \
  0 190 0 716.6 45.5 45.5 0.6 91 11 0.710938  \
  5.5 91 69 0.710938 5.75 91 11 0.710938 5.5 
7285:  Double_t \
  1 190 0 761.6 45.5 45.5 0.6 91 11 0.710938  \
  5.5 91 69 0.710938 5.75 91 11 0.710938 5.5 
7301:  Double_t \
  0 -190 -95 811.6 45.5 45.5 0.6 91 11 0.710938  \
  5.5 91 69 0.710938 5.75 91 11 0.710938 5.5 
7317:  Double_t \
  3 -190 -95 856.6 45.5 45.5 0.6 91 11 0.710938  \
  5.5 91 69 0.710938 5.75 91 11 0.710938 5.5 
7429:  Double_t \
  2 190 95 441.6 45.5 45.5 0.6 91 11 0.710938  \
  5.5 91 69 0.710938 5.75 91 11 0.710938 5.5 
7445:  Double_t \
  1 190 95 486.6 45.5 45.5 0.6 91 11 0.710938  \
  5.5 91 69 0.710938 5.75 91 11 0.710938 5.5 
7461:  Double_t \
  2 190 95 531.6 45.5 45.5 0.6 91 11 0.710938  \
  5.5 91 69 0.710938 5.75 91 11 0.710938 5.5 
7477:  Double_t \
  1 190 95 576.6 45.5 45.5 0.6 91 11 0.710938  \
  5.5 91 69 0.710938 5.75 91 11 0.710938 5.5 
7493:  Double_t \
  0 285 0 626.6 45.5 45.5 0.6 91 11 0.710938  \
  5.5 91 69 0.710938 5.75 91 11 0.710938 5.5 
7509:  Double_t \
  1 285 0 671.6 45.5 45.5 0.6 91 11 0.710938  \
  5.5 91 69 0.710938 5.75 91 11 0.710938 5.5 
7525:  Double_t \
  0 285 0 716.6 45.5 45.5 0.6 91 11 0.710938  \
  5.5 91 69 0.710938 5.75 91 11 0.710938 5.5 
7541:  Double_t \
  1 285 0 761.6 45.5 45.5 0.6 91 11 0.710938  \
  5.5 91 69 0.710938 5.75 91 11 0.710938 5.5 
7557:  Double_t \
  0 190 -95 811.6 45.5 45.5 0.6 91 11 0.710938  \
  5.5 91 69 0.710938 5.75 91 11 0.710938 5.5 
7573:  Double_t \
  1 190 -95 856.6 45.5 45.5 0.6 91 11 0.710938  \
  5.5 91 69 0.710938 5.75 91 11 0.710938 5.5 
7685:  Double_t \
  0 -95 -190 441.6 45.5 45.5 0.6 91 22.5 0.710938  \
  11.25 91 46 0.710938 11.5 91 22.5 0.710938 11.25 
7701:  Double_t \
  3 -95 -190 486.6 45.5 45.5 0.6 91 22.5 0.710938  \
  11.25 91 46 0.710938 11.5 91 22.5 0.710938 11.25 
7717:  Double_t \
  0 -95 -190 531.6 45.5 45.5 0.6 91 22.5 0.710938  \
  11.25 91 46 0.710938 11.5 91 22.5 0.710938 11.25 
7733:  Double_t \
  3 -95 -190 576.6 45.5 45.5 0.6 91 22.5 0.710938  \
  11.25 91 46 0.710938 11.5 91 22.5 0.710938 11.25 
7749:  Double_t \
  2 -190 95 626.6 45.5 45.5 0.6 91 11 0.710938  \
  5.5 91 69 0.710938 5.75 91 11 0.710938 5.5 
7765:  Double_t \
  3 -190 95 671.6 45.5 45.5 0.6 91 11 0.710938  \
  5.5 91 69 0.710938 5.75 91 11 0.710938 5.5 
7781:  Double_t \
  2 -190 95 716.6 45.5 45.5 0.6 91 11 0.710938  \
  5.5 91 69 0.710938 5.75 91 11 0.710938 5.5 
7797:  Double_t \
  3 -190 95 761.6 45.5 45.5 0.6 91 11 0.710938  \
  5.5 91 69 0.710938 5.75 91 11 0.710938 5.5 
7813:  Double_t \
  0 285 -95 811.6 45.5 45.5 0.6 91 11 0.710938  \
  5.5 91 69 0.710938 5.75 91 11 0.710938 5.5 
7829:  Double_t \
  1 285 -95 856.6 45.5 45.5 0.6 91 11 0.710938  \
  5.5 91 69 0.710938 5.75 91 11 0.710938 5.5 
7941:  Double_t \
  0 0 -190 441.6 45.5 45.5 0.6 91 22.5 0.710938  \
  11.25 91 46 0.710938 11.5 91 22.5 0.710938 11.25 
7957:  Double_t \
  1 0 -190 486.6 45.5 45.5 0.6 91 22.5 0.710938  \
  11.25 91 46 0.710938 11.5 91 22.5 0.710938 11.25 
7973:  Double_t \
  0 0 -190 531.6 45.5 45.5 0.6 91 22.5 0.710938  \
  11.25 91 46 0.710938 11.5 91 22.5 0.710938 11.25 
7989:  Double_t \
  1 0 -190 576.6 45.5 45.5 0.6 91 22.5 0.710938  \
  11.25 91 46 0.710938 11.5 91 22.5 0.710938 11.25 
8005:  Double_t \
  2 190 95 626.6 45.5 45.5 0.6 91 11 0.710938  \
  5.5 91 69 0.710938 5.75 91 11 0.710938 5.5 
8021:  Double_t \
  1 190 95 671.6 45.5 45.5 0.6 91 11 0.710938  \
  5.5 91 69 0.710938 5.75 91 11 0.710938 5.5 
8037:  Double_t \
  2 190 95 716.6 45.5 45.5 0.6 91 11 0.710938  \
  5.5 91 69 0.710938 5.75 91 11 0.710938 5.5 
8053:  Double_t \
  1 190 95 761.6 45.5 45.5 0.6 91 11 0.710938  \
  5.5 91 69 0.710938 5.75 91 11 0.710938 5.5 
8069:  Double_t \
  0 -285 0 811.6 45.5 45.5 0.6 91 11 0.710938  \
  5.5 91 69 0.710938 5.75 91 11 0.710938 5.5 
8085:  Double_t \
  3 -285 0 856.6 45.5 45.5 0.6 91 11 0.710938  \
  5.5 91 69 0.710938 5.75 91 11 0.710938 5.5 
8197:  Double_t \
  0 95 -190 441.6 45.5 45.5 0.6 91 22.5 0.710938  \
  11.25 91 46 0.710938 11.5 91 22.5 0.710938 11.25 
8213:  Double_t \
  1 95 -190 486.6 45.5 45.5 0.6 91 22.5 0.710938  \
  11.25 91 46 0.710938 11.5 91 22.5 0.710938 11.25 
8229:  Double_t \
  0 95 -190 531.6 45.5 45.5 0.6 91 22.5 0.710938  \
  11.25 91 46 0.710938 11.5 91 22.5 0.710938 11.25 
8245:  Double_t \
  1 95 -190 576.6 45.5 45.5 0.6 91 22.5 0.710938  \
  11.25 91 46 0.710938 11.5 91 22.5 0.710938 11.25 
8261:  Double_t \
  0 -190 -190 626.6 45.5 45.5 0.6 91 22.5 0.710938  \
  11.25 91 46 0.710938 11.5 91 22.5 0.710938 11.25 
8277:  Double_t \
  3 -190 -190 671.6 45.5 45.5 0.6 91 22.5 0.710938  \
  11.25 91 46 0.710938 11.5 91 22.5 0.710938 11.25 
8293:  Double_t \
  0 -190 -190 716.6 45.5 45.5 0.6 91 22.5 0.710938  \
  11.25 91 46 0.710938 11.5 91 22.5 0.710938 11.25 
8309:  Double_t \
  3 -190 -190 761.6 45.5 45.5 0.6 91 22.5 0.710938  \
  11.25 91 46 0.710938 11.5 91 22.5 0.710938 11.25 
8325:  Double_t \
  0 -190 0 811.6 45.5 45.5 0.6 91 11 0.710938  \
  5.5 91 69 0.710938 5.75 91 11 0.710938 5.5 
8341:  Double_t \
  3 -190 0 856.6 45.5 45.5 0.6 91 11 0.710938  \
  5.5 91 69 0.710938 5.75 91 11 0.710938 5.5 
8453:  Double_t \
  0 -285 0 441.6 45.5 45.5 0.6 91 22.5 0.710938  \
  11.25 91 46 0.710938 11.5 91 22.5 0.710938 11.25 
8469:  Double_t \
  3 -285 0 486.6 45.5 45.5 0.6 91 22.5 0.710938  \
  11.25 91 46 0.710938 11.5 91 22.5 0.710938 11.25 
8485:  Double_t \
  0 -285 0 531.6 45.5 45.5 0.6 91 22.5 0.710938  \
  11.25 91 46 0.710938 11.5 91 22.5 0.710938 11.25 
8501:  Double_t \
  3 -285 0 576.6 45.5 45.5 0.6 91 22.5 0.710938  \
  11.25 91 46 0.710938 11.5 91 22.5 0.710938 11.25 
8517:  Double_t \
  0 -95 -190 626.6 45.5 45.5 0.6 91 22.5 0.710938  \
  11.25 91 46 0.710938 11.5 91 22.5 0.710938 11.25 
8533:  Double_t \
  3 -95 -190 671.6 45.5 45.5 0.6 91 22.5 0.710938  \
  11.25 91 46 0.710938 11.5 91 22.5 0.710938 11.25 
8549:  Double_t \
  0 -95 -190 716.6 45.5 45.5 0.6 91 22.5 0.710938  \
  11.25 91 46 0.710938 11.5 91 22.5 0.710938 11.25 
8565:  Double_t \
  3 -95 -190 761.6 45.5 45.5 0.6 91 22.5 0.710938  \
  11.25 91 46 0.710938 11.5 91 22.5 0.710938 11.25 
8581:  Double_t \
  0 190 0 811.6 45.5 45.5 0.6 91 11 0.710938  \
  5.5 91 69 0.710938 5.75 91 11 0.710938 5.5 
8597:  Double_t \
  1 190 0 856.6 45.5 45.5 0.6 91 11 0.710938  \
  5.5 91 69 0.710938 5.75 91 11 0.710938 5.5 
8709:  Double_t \
  0 285 0 441.6 45.5 45.5 0.6 91 22.5 0.710938  \
  11.25 91 46 0.710938 11.5 91 22.5 0.710938 11.25 
8725:  Double_t \
  1 285 0 486.6 45.5 45.5 0.6 91 22.5 0.710938  \
  11.25 91 46 0.710938 11.5 91 22.5 0.710938 11.25 
8741:  Double_t \
  0 285 0 531.6 45.5 45.5 0.6 91 22.5 0.710938  \
  11.25 91 46 0.710938 11.5 91 22.5 0.710938 11.25 
8757:  Double_t \
  1 285 0 576.6 45.5 45.5 0.6 91 22.5 0.710938  \
  11.25 91 46 0.710938 11.5 91 22.5 0.710938 11.25 
8773:  Double_t \
  0 0 -190 626.6 45.5 45.5 0.6 91 22.5 0.710938  \
  11.25 91 46 0.710938 11.5 91 22.5 0.710938 11.25 
8789:  Double_t \
  1 0 -190 671.6 45.5 45.5 0.6 91 22.5 0.710938  \
  11.25 91 46 0.710938 11.5 91 22.5 0.710938 11.25 
8805:  Double_t \
  0 0 -190 716.6 45.5 45.5 0.6 91 22.5 0.710938  \
  11.25 91 46 0.710938 11.5 91 22.5 0.710938 11.25 
8821:  Double_t \
  1 0 -190 761.6 45.5 45.5 0.6 91 22.5 0.710938  \
  11.25 91 46 0.710938 11.5 91 22.5 0.710938 11.25 
8837:  Double_t \
  0 285 0 811.6 45.5 45.5 0.6 91 11 0.710938  \
  5.5 91 69 0.710938 5.75 91 11 0.710938 5.5 
8853:  Double_t \
  1 285 0 856.6 45.5 45.5 0.6 91 11 0.710938  \
  5.5 91 69 0.710938 5.75 91 11 0.710938 5.5 
8965:  Double_t \
  2 -95 190 441.6 45.5 45.5 0.6 91 22.5 0.710938  \
  11.25 91 46 0.710938 11.5 91 22.5 0.710938 11.25 
8981:  Double_t \
  3 -95 190 486.6 45.5 45.5 0.6 91 22.5 0.710938  \
  11.25 91 46 0.710938 11.5 91 22.5 0.710938 11.25 
8997:  Double_t \
  2 -95 190 531.6 45.5 45.5 0.6 91 22.5 0.710938  \
  11.25 91 46 0.710938 11.5 91 22.5 0.710938 11.25 
9013:  Double_t \
  3 -95 190 576.6 45.5 45.5 0.6 91 22.5 0.710938  \
  11.25 91 46 0.710938 11.5 91 22.5 0.710938 11.25 
9029:  Double_t \
  0 95 -190 626.6 45.5 45.5 0.6 91 22.5 0.710938  \
  11.25 91 46 0.710938 11.5 91 22.5 0.710938 11.25 
9045:  Double_t \
  1 95 -190 671.6 45.5 45.5 0.6 91 22.5 0.710938  \
  11.25 91 46 0.710938 11.5 91 22.5 0.710938 11.25 
9061:  Double_t \
  0 95 -190 716.6 45.5 45.5 0.6 91 22.5 0.710938  \
  11.25 91 46 0.710938 11.5 91 22.5 0.710938 11.25 
9077:  Double_t \
  1 95 -190 761.6 45.5 45.5 0.6 91 22.5 0.710938  \
  11.25 91 46 0.710938 11.5 91 22.5 0.710938 11.25 
9093:  Double_t \
  2 -285 95 811.6 45.5 45.5 0.6 91 11 0.710938  \
  5.5 91 69 0.710938 5.75 91 11 0.710938 5.5 
9109:  Double_t \
  3 -285 95 856.6 45.5 45.5 0.6 91 11 0.710938  \
  5.5 91 69 0.710938 5.75 91 11 0.710938 5.5 
9221:  Double_t \
  2 0 190 441.6 45.5 45.5 0.6 91 22.5 0.710938  \
  11.25 91 46 0.710938 11.5 91 22.5 0.710938 11.25 
9237:  Double_t \
  1 0 190 486.6 45.5 45.5 0.6 91 22.5 0.710938  \
  11.25 91 46 0.710938 11.5 91 22.5 0.710938 11.25 
9253:  Double_t \
  2 0 190 531.6 45.5 45.5 0.6 91 22.5 0.710938  \
  11.25 91 46 0.710938 11.5 91 22.5 0.710938 11.25 
9269:  Double_t \
  1 0 190 576.6 45.5 45.5 0.6 91 22.5 0.710938  \
  11.25 91 46 0.710938 11.5 91 22.5 0.710938 11.25 
9285:  Double_t \
  0 190 -190 626.6 45.5 45.5 0.6 91 22.5 0.710938  \
  11.25 91 46 0.710938 11.5 91 22.5 0.710938 11.25 
9301:  Double_t \
  1 190 -190 671.6 45.5 45.5 0.6 91 22.5 0.710938  \
  11.25 91 46 0.710938 11.5 91 22.5 0.710938 11.25 
9317:  Double_t \
  0 190 -190 716.6 45.5 45.5 0.6 91 22.5 0.710938  \
  11.25 91 46 0.710938 11.5 91 22.5 0.710938 11.25 
9333:  Double_t \
  1 190 -190 761.6 45.5 45.5 0.6 91 22.5 0.710938  \
  11.25 91 46 0.710938 11.5 91 22.5 0.710938 11.25 
9349:  Double_t \
  2 -190 95 811.6 45.5 45.5 0.6 91 11 0.710938  \
  5.5 91 69 0.710938 5.75 91 11 0.710938 5.5 
9365:  Double_t \
  3 -190 95 856.6 45.5 45.5 0.6 91 11 0.710938  \
  5.5 91 69 0.710938 5.75 91 11 0.710938 5.5 
9477:  Double_t \
  2 95 190 441.6 45.5 45.5 0.6 91 22.5 0.710938  \
  11.25 91 46 0.710938 11.5 91 22.5 0.710938 11.25 
9493:  Double_t \
  1 95 190 486.6 45.5 45.5 0.6 91 22.5 0.710938  \
  11.25 91 46 0.710938 11.5 91 22.5 0.710938 11.25 
9509:  Double_t \
  2 95 190 531.6 45.5 45.5 0.6 91 22.5 0.710938  \
  11.25 91 46 0.710938 11.5 91 22.5 0.710938 11.25 
9525:  Double_t \
  1 95 190 576.6 45.5 45.5 0.6 91 22.5 0.710938  \
  11.25 91 46 0.710938 11.5 91 22.5 0.710938 11.25 
9541:  Double_t \
  0 -285 -95 626.6 45.5 45.5 0.6 91 22.5 0.710938  \
  11.25 91 46 0.710938 11.5 91 22.5 0.710938 11.25 
9557:  Double_t \
  3 -285 -95 671.6 45.5 45.5 0.6 91 22.5 0.710938  \
  11.25 91 46 0.710938 11.5 91 22.5 0.710938 11.25 
9573:  Double_t \
  0 -285 -95 716.6 45.5 45.5 0.6 91 22.5 0.710938  \
  11.25 91 46 0.710938 11.5 91 22.5 0.710938 11.25 
9589:  Double_t \
  3 -285 -95 761.6 45.5 45.5 0.6 91 22.5 0.710938  \
  11.25 91 46 0.710938 11.5 91 22.5 0.710938 11.25 
9605:  Double_t \
  2 190 95 811.6 45.5 45.5 0.6 91 11 0.710938  \
  5.5 91 69 0.710938 5.75 91 11 0.710938 5.5 
9621:  Double_t \
  1 190 95 856.6 45.5 45.5 0.6 91 11 0.710938  \
  5.5 91 69 0.710938 5.75 91 11 0.710938 5.5 
9733:  Double_t \
  0 -285 -190 441.6 45.5 45.5 0.6 91 30 0.710938  \
  15 91 31 0.710938 15.5 91 30 0.710938 15 
9749:  Double_t \
  3 -285 -190 486.6 45.5 45.5 0.6 91 30 0.710938  \
  15 91 31 0.710938 15.5 91 30 0.710938 15 
9765:  Double_t \
  0 -285 -190 531.6 45.5 45.5 0.6 91 30 0.710938  \
  15 91 31 0.710938 15.5 91 30 0.710938 15 
9781:  Double_t \
  3 -285 -190 576.6 45.5 45.5 0.6 91 30 0.710938  \
  15 91 31 0.710938 15.5 91 30 0.710938 15 
9797:  Double_t \
  0 285 -95 626.6 45.5 45.5 0.6 91 22.5 0.710938  \
  11.25 91 46 0.710938 11.5 91 22.5 0.710938 11.25 
9813:  Double_t \
  1 285 -95 671.6 45.5 45.5 0.6 91 22.5 0.710938  \
  11.25 91 46 0.710938 11.5 91 22.5 0.710938 11.25 
9829:  Double_t \
  0 285 -95 716.6 45.5 45.5 0.6 91 22.5 0.710938  \
  11.25 91 46 0.710938 11.5 91 22.5 0.710938 11.25 
9845:  Double_t \
  1 285 -95 761.6 45.5 45.5 0.6 91 22.5 0.710938  \
  11.25 91 46 0.710938 11.5 91 22.5 0.710938 11.25 
9861:  Double_t \
  2 285 95 811.6 45.5 45.5 0.6 91 11 0.710938  \
  5.5 91 69 0.710938 5.75 91 11 0.710938 5.5 
9877:  Double_t \
  1 285 95 856.6 45.5 45.5 0.6 91 11 0.710938  \
  5.5 91 69 0.710938 5.75 91 11 0.710938 5.5 
9989:  Double_t \
  0 -190 -190 441.6 45.5 45.5 0.6 91 30 0.710938  \
  15 91 31 0.710938 15.5 91 30 0.710938 15 
10005:  Double_t \
  3 -190 -190 486.6 45.5 45.5 0.6 91 30 0.710938  \
  15 91 31 0.710938 15.5 91 30 0.710938 15 
10021:  Double_t \
  0 -190 -190 531.6 45.5 45.5 0.6 91 30 0.710938  \
  15 91 31 0.710938 15.5 91 30 0.710938 15 
10037:  Double_t \
  3 -190 -190 576.6 45.5 45.5 0.6 91 30 0.710938  \
  15 91 31 0.710938 15.5 91 30 0.710938 15 
10053:  Double_t \
  2 -285 95 626.6 45.5 45.5 0.6 91 22.5 0.710938  \
  11.25 91 46 0.710938 11.5 91 22.5 0.710938 11.25 
10069:  Double_t \
  3 -285 95 671.6 45.5 45.5 0.6 91 22.5 0.710938  \
  11.25 91 46 0.710938 11.5 91 22.5 0.710938 11.25 
10085:  Double_t \
  2 -285 95 716.6 45.5 45.5 0.6 91 22.5 0.710938  \
  11.25 91 46 0.710938 11.5 91 22.5 0.710938 11.25 
10101:  Double_t \
  3 -285 95 761.6 45.5 45.5 0.6 91 22.5 0.710938  \
  11.25 91 46 0.710938 11.5 91 22.5 0.710938 11.25 
10117:  Double_t \
  2 -95 190 811.6 45.5 45.5 0.6 91 11 0.710938  \
  5.5 91 69 0.710938 5.75 91 11 0.710938 5.5 
10133:  Double_t \
  3 -95 190 856.6 45.5 45.5 0.6 91 11 0.710938  \
  5.5 91 69 0.710938 5.75 91 11 0.710938 5.5 
10245:  Double_t \
  0 190 -190 441.6 45.5 45.5 0.6 91 30 0.710938  \
  15 91 31 0.710938 15.5 91 30 0.710938 15 
10261:  Double_t \
  1 190 -190 486.6 45.5 45.5 0.6 91 30 0.710938  \
  15 91 31 0.710938 15.5 91 30 0.710938 15 
10277:  Double_t \
  0 190 -190 531.6 45.5 45.5 0.6 91 30 0.710938  \
  15 91 31 0.710938 15.5 91 30 0.710938 15 
10293:  Double_t \
  1 190 -190 576.6 45.5 45.5 0.6 91 30 0.710938  \
  15 91 31 0.710938 15.5 91 30 0.710938 15 
10309:  Double_t \
  2 285 95 626.6 45.5 45.5 0.6 91 22.5 0.710938  \
  11.25 91 46 0.710938 11.5 91 22.5 0.710938 11.25 
10325:  Double_t \
  1 285 95 671.6 45.5 45.5 0.6 91 22.5 0.710938  \
  11.25 91 46 0.710938 11.5 91 22.5 0.710938 11.25 
10341:  Double_t \
  2 285 95 716.6 45.5 45.5 0.6 91 22.5 0.710938  \
  11.25 91 46 0.710938 11.5 91 22.5 0.710938 11.25 
10357:  Double_t \
  1 285 95 761.6 45.5 45.5 0.6 91 22.5 0.710938  \
  11.25 91 46 0.710938 11.5 91 22.5 0.710938 11.25 
10373:  Double_t \
  2 0 190 811.6 45.5 45.5 0.6 91 11 0.710938  \
  5.5 91 69 0.710938 5.75 91 11 0.710938 5.5 
10389:  Double_t \
  1 0 190 856.6 45.5 45.5 0.6 91 11 0.710938  \
  5.5 91 69 0.710938 5.75 91 11 0.710938 5.5 
10501:  Double_t \
  0 285 -190 441.6 45.5 45.5 0.6 91 30 0.710938  \
  15 91 31 0.710938 15.5 91 30 0.710938 15 
10517:  Double_t \
  1 285 -190 486.6 45.5 45.5 0.6 91 30 0.710938  \
  15 91 31 0.710938 15.5 91 30 0.710938 15 
10533:  Double_t \
  0 285 -190 531.6 45.5 45.5 0.6 91 30 0.710938  \
  15 91 31 0.710938 15.5 91 30 0.710938 15 
10549:  Double_t \
  1 285 -190 576.6 45.5 45.5 0.6 91 30 0.710938  \
  15 91 31 0.710938 15.5 91 30 0.710938 15 
10565:  Double_t \
  2 -190 190 626.6 45.5 45.5 0.6 91 22.5 0.710938  \
  11.25 91 46 0.710938 11.5 91 22.5 0.710938 11.25 
10581:  Double_t \
  3 -190 190 671.6 45.5 45.5 0.6 91 22.5 0.710938  \
  11.25 91 46 0.710938 11.5 91 22.5 0.710938 11.25 
10597:  Double_t \
  2 -190 190 716.6 45.5 45.5 0.6 91 22.5 0.710938  \
  11.25 91 46 0.710938 11.5 91 22.5 0.710938 11.25 
10613:  Double_t \
  3 -190 190 761.6 45.5 45.5 0.6 91 22.5 0.710938  \
  11.25 91 46 0.710938 11.5 91 22.5 0.710938 11.25 
10629:  Double_t \
  2 95 190 811.6 45.5 45.5 0.6 91 11 0.710938  \
  5.5 91 69 0.710938 5.75 91 11 0.710938 5.5 
10645:  Double_t \
  1 95 190 856.6 45.5 45.5 0.6 91 11 0.710938  \
  5.5 91 69 0.710938 5.75 91 11 0.710938 5.5 
10757:  Double_t \
  0 -285 -95 441.6 45.5 45.5 0.6 91 30 0.710938  \
  15 91 31 0.710938 15.5 91 30 0.710938 15 
10773:  Double_t \
  3 -285 -95 486.6 45.5 45.5 0.6 91 30 0.710938  \
  15 91 31 0.710938 15.5 91 30 0.710938 15 
10789:  Double_t \
  0 -285 -95 531.6 45.5 45.5 0.6 91 30 0.710938  \
  15 91 31 0.710938 15.5 91 30 0.710938 15 
10805:  Double_t \
  3 -285 -95 576.6 45.5 45.5 0.6 91 30 0.710938  \
  15 91 31 0.710938 15.5 91 30 0.710938 15 
10821:  Double_t \
  2 -95 190 626.6 45.5 45.5 0.6 91 22.5 0.710938  \
  11.25 91 46 0.710938 11.5 91 22.5 0.710938 11.25 
10837:  Double_t \
  3 -95 190 671.6 45.5 45.5 0.6 91 22.5 0.710938  \
  11.25 91 46 0.710938 11.5 91 22.5 0.710938 11.25 
10853:  Double_t \
  2 -95 190 716.6 45.5 45.5 0.6 91 22.5 0.710938  \
  11.25 91 46 0.710938 11.5 91 22.5 0.710938 11.25 
10869:  Double_t \
  3 -95 190 761.6 45.5 45.5 0.6 91 22.5 0.710938  \
  11.25 91 46 0.710938 11.5 91 22.5 0.710938 11.25 
10885:  Double_t \
  0 -285 -190 811.6 45.5 45.5 0.6 91 22.5 0.710938  \
  11.25 91 46 0.710938 11.5 91 22.5 0.710938 11.25 
10901:  Double_t \
  3 -285 -190 856.6 45.5 45.5 0.6 91 22.5 0.710938  \
  11.25 91 46 0.710938 11.5 91 22.5 0.710938 11.25 
11013:  Double_t \
  0 285 -95 441.6 45.5 45.5 0.6 91 30 0.710938  \
  15 91 31 0.710938 15.5 91 30 0.710938 15 
11029:  Double_t \
  1 285 -95 486.6 45.5 45.5 0.6 91 30 0.710938  \
  15 91 31 0.710938 15.5 91 30 0.710938 15 
11045:  Double_t \
  0 285 -95 531.6 45.5 45.5 0.6 91 30 0.710938  \
  15 91 31 0.710938 15.5 91 30 0.710938 15 
11061:  Double_t \
  1 285 -95 576.6 45.5 45.5 0.6 91 30 0.710938  \
  15 91 31 0.710938 15.5 91 30 0.710938 15 
11077:  Double_t \
  2 0 190 626.6 45.5 45.5 0.6 91 22.5 0.710938  \
  11.25 91 46 0.710938 11.5 91 22.5 0.710938 11.25 
11093:  Double_t \
  1 0 190 671.6 45.5 45.5 0.6 91 22.5 0.710938  \
  11.25 91 46 0.710938 11.5 91 22.5 0.710938 11.25 
11109:  Double_t \
  2 0 190 716.6 45.5 45.5 0.6 91 22.5 0.710938  \
  11.25 91 46 0.710938 11.5 91 22.5 0.710938 11.25 
11125:  Double_t \
  1 0 190 761.6 45.5 45.5 0.6 91 22.5 0.710938  \
  11.25 91 46 0.710938 11.5 91 22.5 0.710938 11.25 
11141:  Double_t \
  0 -190 -190 811.6 45.5 45.5 0.6 91 22.5 0.710938  \
  11.25 91 46 0.710938 11.5 91 22.5 0.710938 11.25 
11157:  Double_t \
  3 -190 -190 856.6 45.5 45.5 0.6 91 22.5 0.710938  \
  11.25 91 46 0.710938 11.5 91 22.5 0.710938 11.25 
11269:  Double_t \
  2 -285 95 441.6 45.5 45.5 0.6 91 30 0.710938  \
  15 91 31 0.710938 15.5 91 30 0.710938 15 
11285:  Double_t \
  3 -285 95 486.6 45.5 45.5 0.6 91 30 0.710938  \
  15 91 31 0.710938 15.5 91 30 0.710938 15 
11301:  Double_t \
  2 -285 95 531.6 45.5 45.5 0.6 91 30 0.710938  \
  15 91 31 0.710938 15.5 91 30 0.710938 15 
11317:  Double_t \
  3 -285 95 576.6 45.5 45.5 0.6 91 30 0.710938  \
  15 91 31 0.710938 15.5 91 30 0.710938 15 
11333:  Double_t \
  2 95 190 626.6 45.5 45.5 0.6 91 22.5 0.710938  \
  11.25 91 46 0.710938 11.5 91 22.5 0.710938 11.25 
11349:  Double_t \
  1 95 190 671.6 45.5 45.5 0.6 91 22.5 0.710938  \
  11.25 91 46 0.710938 11.5 91 22.5 0.710938 11.25 
11365:  Double_t \
  2 95 190 716.6 45.5 45.5 0.6 91 22.5 0.710938  \
  11.25 91 46 0.710938 11.5 91 22.5 0.710938 11.25 
11381:  Double_t \
  1 95 190 761.6 45.5 45.5 0.6 91 22.5 0.710938  \
  11.25 91 46 0.710938 11.5 91 22.5 0.710938 11.25 
11397:  Double_t \
  0 190 -190 811.6 45.5 45.5 0.6 91 22.5 0.710938  \
  11.25 91 46 0.710938 11.5 91 22.5 0.710938 11.25 
11413:  Double_t \
  1 190 -190 856.6 45.5 45.5 0.6 91 22.5 0.710938  \
  11.25 91 46 0.710938 11.5 91 22.5 0.710938 11.25 
11525:  Double_t \
  2 285 95 441.6 45.5 45.5 0.6 91 30 0.710938  \
  15 91 31 0.710938 15.5 91 30 0.710938 15 
11541:  Double_t \
  1 285 95 486.6 45.5 45.5 0.6 91 30 0.710938  \
  15 91 31 0.710938 15.5 91 30 0.710938 15 
11557:  Double_t \
  2 285 95 531.6 45.5 45.5 0.6 91 30 0.710938  \
  15 91 31 0.710938 15.5 91 30 0.710938 15 
11573:  Double_t \
  1 285 95 576.6 45.5 45.5 0.6 91 30 0.710938  \
  15 91 31 0.710938 15.5 91 30 0.710938 15 
11589:  Double_t \
  2 190 190 626.6 45.5 45.5 0.6 91 22.5 0.710938  \
  11.25 91 46 0.710938 11.5 91 22.5 0.710938 11.25 
11605:  Double_t \
  1 190 190 671.6 45.5 45.5 0.6 91 22.5 0.710938  \
  11.25 91 46 0.710938 11.5 91 22.5 0.710938 11.25 
11621:  Double_t \
  2 190 190 716.6 45.5 45.5 0.6 91 22.5 0.710938  \
  11.25 91 46 0.710938 11.5 91 22.5 0.710938 11.25 
11637:  Double_t \
  1 190 190 761.6 45.5 45.5 0.6 91 22.5 0.710938  \
  11.25 91 46 0.710938 11.5 91 22.5 0.710938 11.25 
11653:  Double_t \
  0 285 -190 811.6 45.5 45.5 0.6 91 22.5 0.710938  \
  11.25 91 46 0.710938 11.5 91 22.5 0.710938 11.25 
11669:  Double_t \
  1 285 -190 856.6 45.5 45.5 0.6 91 22.5 0.710938  \
  11.25 91 46 0.710938 11.5 91 22.5 0.710938 11.25 
11781:  Double_t \
  2 -285 190 441.6 45.5 45.5 0.6 91 30 0.710938  \
  15 91 31 0.710938 15.5 91 30 0.710938 15 
11797:  Double_t \
  3 -285 190 486.6 45.5 45.5 0.6 91 30 0.710938  \
  15 91 31 0.710938 15.5 91 30 0.710938 15 
11813:  Double_t \
  2 -285 190 531.6 45.5 45.5 0.6 91 30 0.710938  \
  15 91 31 0.710938 15.5 91 30 0.710938 15 
11829:  Double_t \
  3 -285 190 576.6 45.5 45.5 0.6 91 30 0.710938  \
  15 91 31 0.710938 15.5 91 30 0.710938 15 
11845:  Double_t \
  0 -380 -285 626.6 45.5 45.5 0.6 91 30 0.710938  \
  15 91 31 0.710938 15.5 91 30 0.710938 15 
11861:  Double_t \
  3 -380 -285 671.6 45.5 45.5 0.6 91 30 0.710938  \
  15 91 31 0.710938 15.5 91 30 0.710938 15 
11877:  Double_t \
  0 -380 -285 716.6 45.5 45.5 0.6 91 30 0.710938  \
  15 91 31 0.710938 15.5 91 30 0.710938 15 
11893:  Double_t \
  3 -380 -285 761.6 45.5 45.5 0.6 91 30 0.710938  \
  15 91 31 0.710938 15.5 91 30 0.710938 15 
11909:  Double_t \
  2 -285 190 811.6 45.5 45.5 0.6 91 22.5 0.710938  \
  11.25 91 46 0.710938 11.5 91 22.5 0.710938 11.25 
11925:  Double_t \
  3 -285 190 856.6 45.5 45.5 0.6 91 22.5 0.710938  \
  11.25 91 46 0.710938 11.5 91 22.5 0.710938 11.25 
12037:  Double_t \
  2 -190 190 441.6 45.5 45.5 0.6 91 30 0.710938  \
  15 91 31 0.710938 15.5 91 30 0.710938 15 
12053:  Double_t \
  3 -190 190 486.6 45.5 45.5 0.6 91 30 0.710938  \
  15 91 31 0.710938 15.5 91 30 0.710938 15 
12069:  Double_t \
  2 -190 190 531.6 45.5 45.5 0.6 91 30 0.710938  \
  15 91 31 0.710938 15.5 91 30 0.710938 15 
12085:  Double_t \
  3 -190 190 576.6 45.5 45.5 0.6 91 30 0.710938  \
  15 91 31 0.710938 15.5 91 30 0.710938 15 
12101:  Double_t \
  0 -285 -285 626.6 45.5 45.5 0.6 91 30 0.710938  \
  15 91 31 0.710938 15.5 91 30 0.710938 15 
12117:  Double_t \
  3 -285 -285 671.6 45.5 45.5 0.6 91 30 0.710938  \
  15 91 31 0.710938 15.5 91 30 0.710938 15 
12133:  Double_t \
  0 -285 -285 716.6 45.5 45.5 0.6 91 30 0.710938  \
  15 91 31 0.710938 15.5 91 30 0.710938 15 
12149:  Double_t \
  3 -285 -285 761.6 45.5 45.5 0.6 91 30 0.710938  \
  15 91 31 0.710938 15.5 91 30 0.710938 15 
12165:  Double_t \
  2 -190 190 811.6 45.5 45.5 0.6 91 22.5 0.710938  \
  11.25 91 46 0.710938 11.5 91 22.5 0.710938 11.25 
12181:  Double_t \
  3 -190 190 856.6 45.5 45.5 0.6 91 22.5 0.710938  \
  11.25 91 46 0.710938 11.5 91 22.5 0.710938 11.25 
12293:  Double_t \
  2 190 190 441.6 45.5 45.5 0.6 91 30 0.710938  \
  15 91 31 0.710938 15.5 91 30 0.710938 15 
12309:  Double_t \
  1 190 190 486.6 45.5 45.5 0.6 91 30 0.710938  \
  15 91 31 0.710938 15.5 91 30 0.710938 15 
12325:  Double_t \
  2 190 190 531.6 45.5 45.5 0.6 91 30 0.710938  \
  15 91 31 0.710938 15.5 91 30 0.710938 15 
12341:  Double_t \
  1 190 190 576.6 45.5 45.5 0.6 91 30 0.710938  \
  15 91 31 0.710938 15.5 91 30 0.710938 15 
12357:  Double_t \
  0 -190 -285 626.6 45.5 45.5 0.6 91 30 0.710938  \
  15 91 31 0.710938 15.5 91 30 0.710938 15 
12373:  Double_t \
  3 -190 -285 671.6 45.5 45.5 0.6 91 30 0.710938  \
  15 91 31 0.710938 15.5 91 30 0.710938 15 
12389:  Double_t \
  0 -190 -285 716.6 45.5 45.5 0.6 91 30 0.710938  \
  15 91 31 0.710938 15.5 91 30 0.710938 15 
12405:  Double_t \
  3 -190 -285 761.6 45.5 45.5 0.6 91 30 0.710938  \
  15 91 31 0.710938 15.5 91 30 0.710938 15 
12421:  Double_t \
  2 190 190 811.6 45.5 45.5 0.6 91 22.5 0.710938  \
  11.25 91 46 0.710938 11.5 91 22.5 0.710938 11.25 
12437:  Double_t \
  1 190 190 856.6 45.5 45.5 0.6 91 22.5 0.710938  \
  11.25 91 46 0.710938 11.5 91 22.5 0.710938 11.25 
12549:  Double_t \
  2 285 190 441.6 45.5 45.5 0.6 91 30 0.710938  \
  15 91 31 0.710938 15.5 91 30 0.710938 15 
12565:  Double_t \
  1 285 190 486.6 45.5 45.5 0.6 91 30 0.710938  \
  15 91 31 0.710938 15.5 91 30 0.710938 15 
12581:  Double_t \
  2 285 190 531.6 45.5 45.5 0.6 91 30 0.710938  \
  15 91 31 0.710938 15.5 91 30 0.710938 15 
12597:  Double_t \
  1 285 190 576.6 45.5 45.5 0.6 91 30 0.710938  \
  15 91 31 0.710938 15.5 91 30 0.710938 15 
12613:  Double_t \
  0 -95 -285 626.6 45.5 45.5 0.6 91 30 0.710938  \
  15 91 31 0.710938 15.5 91 30 0.710938 15 
12629:  Double_t \
  3 -95 -285 671.6 45.5 45.5 0.6 91 30 0.710938  \
  15 91 31 0.710938 15.5 91 30 0.710938 15 
12645:  Double_t \
  0 -95 -285 716.6 45.5 45.5 0.6 91 30 0.710938  \
  15 91 31 0.710938 15.5 91 30 0.710938 15 
12661:  Double_t \
  3 -95 -285 761.6 45.5 45.5 0.6 91 30 0.710938  \
  15 91 31 0.710938 15.5 91 30 0.710938 15 
12677:  Double_t \
  2 285 190 811.6 45.5 45.5 0.6 91 22.5 0.710938  \
  11.25 91 46 0.710938 11.5 91 22.5 0.710938 11.25 
12693:  Double_t \
  1 285 190 856.6 45.5 45.5 0.6 91 22.5 0.710938  \
  11.25 91 46 0.710938 11.5 91 22.5 0.710938 11.25 
12869:  Double_t \
  0 0 -285 626.6 45.5 45.5 0.6 91 30 0.710938  \
  15 91 31 0.710938 15.5 91 30 0.710938 15 
12885:  Double_t \
  1 0 -285 671.6 45.5 45.5 0.6 91 30 0.710938  \
  15 91 31 0.710938 15.5 91 30 0.710938 15 
12901:  Double_t \
  0 0 -285 716.6 45.5 45.5 0.6 91 30 0.710938  \
  15 91 31 0.710938 15.5 91 30 0.710938 15 
12917:  Double_t \
  1 0 -285 761.6 45.5 45.5 0.6 91 30 0.710938  \
  15 91 31 0.710938 15.5 91 30 0.710938 15 
12933:  Double_t \
  0 -475 -380 811.6 45.5 45.5 0.6 91 30 0.710938  \
  15 91 31 0.710938 15.5 91 30 0.710938 15 
12949:  Double_t \
  3 -475 -380 856.6 45.5 45.5 0.6 91 30 0.710938  \
  15 91 31 0.710938 15.5 91 30 0.710938 15 
13125:  Double_t \
  0 95 -285 626.6 45.5 45.5 0.6 91 30 0.710938  \
  15 91 31 0.710938 15.5 91 30 0.710938 15 
13141:  Double_t \
  1 95 -285 671.6 45.5 45.5 0.6 91 30 0.710938  \
  15 91 31 0.710938 15.5 91 30 0.710938 15 
13157:  Double_t \
  0 95 -285 716.6 45.5 45.5 0.6 91 30 0.710938  \
  15 91 31 0.710938 15.5 91 30 0.710938 15 
13173:  Double_t \
  1 95 -285 761.6 45.5 45.5 0.6 91 30 0.710938  \
  15 91 31 0.710938 15.5 91 30 0.710938 15 
13189:  Double_t \
  0 -380 -380 811.6 45.5 45.5 0.6 91 30 0.710938  \
  15 91 31 0.710938 15.5 91 30 0.710938 15 
13205:  Double_t \
  3 -380 -380 856.6 45.5 45.5 0.6 91 30 0.710938  \
  15 91 31 0.710938 15.5 91 30 0.710938 15 
13381:  Double_t \
  0 190 -285 626.6 45.5 45.5 0.6 91 30 0.710938  \
  15 91 31 0.710938 15.5 91 30 0.710938 15 
13397:  Double_t \
  1 190 -285 671.6 45.5 45.5 0.6 91 30 0.710938  \
  15 91 31 0.710938 15.5 91 30 0.710938 15 
13413:  Double_t \
  0 190 -285 716.6 45.5 45.5 0.6 91 30 0.710938  \
  15 91 31 0.710938 15.5 91 30 0.710938 15 
13429:  Double_t \
  1 190 -285 761.6 45.5 45.5 0.6 91 30 0.710938  \
  15 91 31 0.710938 15.5 91 30 0.710938 15 
13445:  Double_t \
  0 -285 -380 811.6 45.5 45.5 0.6 91 30 0.710938  \
  15 91 31 0.710938 15.5 91 30 0.710938 15 
13461:  Double_t \
  3 -285 -380 856.6 45.5 45.5 0.6 91 30 0.710938  \
  15 91 31 0.710938 15.5 91 30 0.710938 15 
13637:  Double_t \
  0 285 -285 626.6 45.5 45.5 0.6 91 30 0.710938  \
  15 91 31 0.710938 15.5 91 30 0.710938 15 
13653:  Double_t \
  1 285 -285 671.6 45.5 45.5 0.6 91 30 0.710938  \
  15 91 31 0.710938 15.5 91 30 0.710938 15 
13669:  Double_t \
  0 285 -285 716.6 45.5 45.5 0.6 91 30 0.710938  \
  15 91 31 0.710938 15.5 91 30 0.710938 15 
13685:  Double_t \
  1 285 -285 761.6 45.5 45.5 0.6 91 30 0.710938  \
  15 91 31 0.710938 15.5 91 30 0.710938 15 
13701:  Double_t \
  0 -190 -380 811.6 45.5 45.5 0.6 91 30 0.710938  \
  15 91 31 0.710938 15.5 91 30 0.710938 15 
13717:  Double_t \
  3 -190 -380 856.6 45.5 45.5 0.6 91 30 0.710938  \
  15 91 31 0.710938 15.5 91 30 0.710938 15 
13893:  Double_t \
  0 380 -285 626.6 45.5 45.5 0.6 91 30 0.710938  \
  15 91 31 0.710938 15.5 91 30 0.710938 15 
13909:  Double_t \
  1 380 -285 671.6 45.5 45.5 0.6 91 30 0.710938  \
  15 91 31 0.710938 15.5 91 30 0.710938 15 
13925:  Double_t \
  0 380 -285 716.6 45.5 45.5 0.6 91 30 0.710938  \
  15 91 31 0.710938 15.5 91 30 0.710938 15 
13941:  Double_t \
  1 380 -285 761.6 45.5 45.5 0.6 91 30 0.710938  \
  15 91 31 0.710938 15.5 91 30 0.710938 15 
13957:  Double_t \
  0 -95 -380 811.6 45.5 45.5 0.6 91 30 0.710938  \
  15 91 31 0.710938 15.5 91 30 0.710938 15 
13973:  Double_t \
  3 -95 -380 856.6 45.5 45.5 0.6 91 30 0.710938  \
  15 91 31 0.710938 15.5 91 30 0.710938 15 
14149:  Double_t \
  0 -380 -190 626.6 45.5 45.5 0.6 91 30 0.710938  \
  15 91 31 0.710938 15.5 91 30 0.710938 15 
14165:  Double_t \
  3 -380 -190 671.6 45.5 45.5 0.6 91 30 0.710938  \
  15 91 31 0.710938 15.5 91 30 0.710938 15 
14181:  Double_t \
  0 -380 -190 716.6 45.5 45.5 0.6 91 30 0.710938  \
  15 91 31 0.710938 15.5 91 30 0.710938 15 
14197:  Double_t \
  3 -380 -190 761.6 45.5 45.5 0.6 91 30 0.710938  \
  15 91 31 0.710938 15.5 91 30 0.710938 15 
14213:  Double_t \
  0 0 -380 811.6 45.5 45.5 0.6 91 30 0.710938  \
  15 91 31 0.710938 15.5 91 30 0.710938 15 
14229:  Double_t \
  1 0 -380 856.6 45.5 45.5 0.6 91 30 0.710938  \
  15 91 31 0.710938 15.5 91 30 0.710938 15 
14405:  Double_t \
  0 -285 -190 626.6 45.5 45.5 0.6 91 30 0.710938  \
  15 91 31 0.710938 15.5 91 30 0.710938 15 
14421:  Double_t \
  3 -285 -190 671.6 45.5 45.5 0.6 91 30 0.710938  \
  15 91 31 0.710938 15.5 91 30 0.710938 15 
14437:  Double_t \
  0 -285 -190 716.6 45.5 45.5 0.6 91 30 0.710938  \
  15 91 31 0.710938 15.5 91 30 0.710938 15 
14453:  Double_t \
  3 -285 -190 761.6 45.5 45.5 0.6 91 30 0.710938  \
  15 91 31 0.710938 15.5 91 30 0.710938 15 
14469:  Double_t \
  0 95 -380 811.6 45.5 45.5 0.6 91 30 0.710938  \
  15 91 31 0.710938 15.5 91 30 0.710938 15 
14485:  Double_t \
  1 95 -380 856.6 45.5 45.5 0.6 91 30 0.710938  \
  15 91 31 0.710938 15.5 91 30 0.710938 15 
14661:  Double_t \
  0 285 -190 626.6 45.5 45.5 0.6 91 30 0.710938  \
  15 91 31 0.710938 15.5 91 30 0.710938 15 
14677:  Double_t \
  1 285 -190 671.6 45.5 45.5 0.6 91 30 0.710938  \
  15 91 31 0.710938 15.5 91 30 0.710938 15 
14693:  Double_t \
  0 285 -190 716.6 45.5 45.5 0.6 91 30 0.710938  \
  15 91 31 0.710938 15.5 91 30 0.710938 15 
14709:  Double_t \
  1 285 -190 761.6 45.5 45.5 0.6 91 30 0.710938  \
  15 91 31 0.710938 15.5 91 30 0.710938 15 
14725:  Double_t \
  0 190 -380 811.6 45.5 45.5 0.6 91 30 0.710938  \
  15 91 31 0.710938 15.5 91 30 0.710938 15 
14741:  Double_t \
  1 190 -380 856.6 45.5 45.5 0.6 91 30 0.710938  \
  15 91 31 0.710938 15.5 91 30 0.710938 15 
14917:  Double_t \
  0 380 -190 626.6 45.5 45.5 0.6 91 30 0.710938  \
  15 91 31 0.710938 15.5 91 30 0.710938 15 
14933:  Double_t \
  1 380 -190 671.6 45.5 45.5 0.6 91 30 0.710938  \
  15 91 31 0.710938 15.5 91 30 0.710938 15 
14949:  Double_t \
  0 380 -190 716.6 45.5 45.5 0.6 91 30 0.710938  \
  15 91 31 0.710938 15.5 91 30 0.710938 15 
14965:  Double_t \
  1 380 -190 761.6 45.5 45.5 0.6 91 30 0.710938  \
  15 91 31 0.710938 15.5 91 30 0.710938 15 
14981:  Double_t \
  0 285 -380 811.6 45.5 45.5 0.6 91 30 0.710938  \
  15 91 31 0.710938 15.5 91 30 0.710938 15 
14997:  Double_t \
  1 285 -380 856.6 45.5 45.5 0.6 91 30 0.710938  \
  15 91 31 0.710938 15.5 91 30 0.710938 15 
15173:  Double_t \
  0 -380 -95 626.6 45.5 45.5 0.6 91 30 0.710938  \
  15 91 31 0.710938 15.5 91 30 0.710938 15 
15189:  Double_t \
  3 -380 -95 671.6 45.5 45.5 0.6 91 30 0.710938  \
  15 91 31 0.710938 15.5 91 30 0.710938 15 
15205:  Double_t \
  0 -380 -95 716.6 45.5 45.5 0.6 91 30 0.710938  \
  15 91 31 0.710938 15.5 91 30 0.710938 15 
15221:  Double_t \
  3 -380 -95 761.6 45.5 45.5 0.6 91 30 0.710938  \
  15 91 31 0.710938 15.5 91 30 0.710938 15 
15237:  Double_t \
  0 380 -380 811.6 45.5 45.5 0.6 91 30 0.710938  \
  15 91 31 0.710938 15.5 91 30 0.710938 15 
15253:  Double_t \
  1 380 -380 856.6 45.5 45.5 0.6 91 30 0.710938  \
  15 91 31 0.710938 15.5 91 30 0.710938 15 
15429:  Double_t \
  0 380 -95 626.6 45.5 45.5 0.6 91 30 0.710938  \
  15 91 31 0.710938 15.5 91 30 0.710938 15 
15445:  Double_t \
  1 380 -95 671.6 45.5 45.5 0.6 91 30 0.710938  \
  15 91 31 0.710938 15.5 91 30 0.710938 15 
15461:  Double_t \
  0 380 -95 716.6 45.5 45.5 0.6 91 30 0.710938  \
  15 91 31 0.710938 15.5 91 30 0.710938 15 
15477:  Double_t \
  1 380 -95 761.6 45.5 45.5 0.6 91 30 0.710938  \
  15 91 31 0.710938 15.5 91 30 0.710938 15 
15493:  Double_t \
  0 475 -380 811.6 45.5 45.5 0.6 91 30 0.710938  \
  15 91 31 0.710938 15.5 91 30 0.710938 15 
15509:  Double_t \
  1 475 -380 856.6 45.5 45.5 0.6 91 30 0.710938  \
  15 91 31 0.710938 15.5 91 30 0.710938 15 
15685:  Double_t \
  0 -380 0 626.6 45.5 45.5 0.6 91 30 0.710938  \
  15 91 31 0.710938 15.5 91 30 0.710938 15 
15701:  Double_t \
  3 -380 0 671.6 45.5 45.5 0.6 91 30 0.710938  \
  15 91 31 0.710938 15.5 91 30 0.710938 15 
15717:  Double_t \
  0 -380 0 716.6 45.5 45.5 0.6 91 30 0.710938  \
  15 91 31 0.710938 15.5 91 30 0.710938 15 
15733:  Double_t \
  3 -380 0 761.6 45.5 45.5 0.6 91 30 0.710938  \
  15 91 31 0.710938 15.5 91 30 0.710938 15 
15749:  Double_t \
  0 -475 -285 811.6 45.5 45.5 0.6 91 30 0.710938  \
  15 91 31 0.710938 15.5 91 30 0.710938 15 
15765:  Double_t \
  3 -475 -285 856.6 45.5 45.5 0.6 91 30 0.710938  \
  15 91 31 0.710938 15.5 91 30 0.710938 15 
15941:  Double_t \
  0 380 0 626.6 45.5 45.5 0.6 91 30 0.710938  \
  15 91 31 0.710938 15.5 91 30 0.710938 15 
15957:  Double_t \
  1 380 0 671.6 45.5 45.5 0.6 91 30 0.710938  \
  15 91 31 0.710938 15.5 91 30 0.710938 15 
15973:  Double_t \
  0 380 0 716.6 45.5 45.5 0.6 91 30 0.710938  \
  15 91 31 0.710938 15.5 91 30 0.710938 15 
15989:  Double_t \
  1 380 0 761.6 45.5 45.5 0.6 91 30 0.710938  \
  15 91 31 0.710938 15.5 91 30 0.710938 15 
16005:  Double_t \
  0 -380 -285 811.6 45.5 45.5 0.6 91 30 0.710938  \
  15 91 31 0.710938 15.5 91 30 0.710938 15 
16021:  Double_t \
  3 -380 -285 856.6 45.5 45.5 0.6 91 30 0.710938  \
  15 91 31 0.710938 15.5 91 30 0.710938 15 
16197:  Double_t \
  2 -380 95 626.6 45.5 45.5 0.6 91 30 0.710938  \
  15 91 31 0.710938 15.5 91 30 0.710938 15 
16213:  Double_t \
  3 -380 95 671.6 45.5 45.5 0.6 91 30 0.710938  \
  15 91 31 0.710938 15.5 91 30 0.710938 15 
16229:  Double_t \
  2 -380 95 716.6 45.5 45.5 0.6 91 30 0.710938  \
  15 91 31 0.710938 15.5 91 30 0.710938 15 
16245:  Double_t \
  3 -380 95 761.6 45.5 45.5 0.6 91 30 0.710938  \
  15 91 31 0.710938 15.5 91 30 0.710938 15 
16261:  Double_t \
  0 -285 -285 811.6 45.5 45.5 0.6 91 30 0.710938  \
  15 91 31 0.710938 15.5 91 30 0.710938 15 
16277:  Double_t \
  3 -285 -285 856.6 45.5 45.5 0.6 91 30 0.710938  \
  15 91 31 0.710938 15.5 91 30 0.710938 15 
16453:  Double_t \
  2 380 95 626.6 45.5 45.5 0.6 91 30 0.710938  \
  15 91 31 0.710938 15.5 91 30 0.710938 15 
16469:  Double_t \
  1 380 95 671.6 45.5 45.5 0.6 91 30 0.710938  \
  15 91 31 0.710938 15.5 91 30 0.710938 15 
16485:  Double_t \
  2 380 95 716.6 45.5 45.5 0.6 91 30 0.710938  \
  15 91 31 0.710938 15.5 91 30 0.710938 15 
16501:  Double_t \
  1 380 95 761.6 45.5 45.5 0.6 91 30 0.710938  \
  15 91 31 0.710938 15.5 91 30 0.710938 15 
16517:  Double_t \
  0 -190 -285 811.6 45.5 45.5 0.6 91 30 0.710938  \
  15 91 31 0.710938 15.5 91 30 0.710938 15 
16533:  Double_t \
  3 -190 -285 856.6 45.5 45.5 0.6 91 30 0.710938  \
  15 91 31 0.710938 15.5 91 30 0.710938 15 
16709:  Double_t \
  2 -380 190 626.6 45.5 45.5 0.6 91 30 0.710938  \
  15 91 31 0.710938 15.5 91 30 0.710938 15 
16725:  Double_t \
  3 -380 190 671.6 45.5 45.5 0.6 91 30 0.710938  \
  15 91 31 0.710938 15.5 91 30 0.710938 15 
16741:  Double_t \
  2 -380 190 716.6 45.5 45.5 0.6 91 30 0.710938  \
  15 91 31 0.710938 15.5 91 30 0.710938 15 
16757:  Double_t \
  3 -380 190 761.6 45.5 45.5 0.6 91 30 0.710938  \
  15 91 31 0.710938 15.5 91 30 0.710938 15 
16773:  Double_t \
  0 -95 -285 811.6 45.5 45.5 0.6 91 30 0.710938  \
  15 91 31 0.710938 15.5 91 30 0.710938 15 
16789:  Double_t \
  3 -95 -285 856.6 45.5 45.5 0.6 91 30 0.710938  \
  15 91 31 0.710938 15.5 91 30 0.710938 15 
16965:  Double_t \
  2 -285 190 626.6 45.5 45.5 0.6 91 30 0.710938  \
  15 91 31 0.710938 15.5 91 30 0.710938 15 
16981:  Double_t \
  3 -285 190 671.6 45.5 45.5 0.6 91 30 0.710938  \
  15 91 31 0.710938 15.5 91 30 0.710938 15 
16997:  Double_t \
  2 -285 190 716.6 45.5 45.5 0.6 91 30 0.710938  \
  15 91 31 0.710938 15.5 91 30 0.710938 15 
17013:  Double_t \
  3 -285 190 761.6 45.5 45.5 0.6 91 30 0.710938  \
  15 91 31 0.710938 15.5 91 30 0.710938 15 
17029:  Double_t \
  0 0 -285 811.6 45.5 45.5 0.6 91 30 0.710938  \
  15 91 31 0.710938 15.5 91 30 0.710938 15 
17045:  Double_t \
  1 0 -285 856.6 45.5 45.5 0.6 91 30 0.710938  \
  15 91 31 0.710938 15.5 91 30 0.710938 15 
17221:  Double_t \
  2 285 190 626.6 45.5 45.5 0.6 91 30 0.710938  \
  15 91 31 0.710938 15.5 91 30 0.710938 15 
17237:  Double_t \
  1 285 190 671.6 45.5 45.5 0.6 91 30 0.710938  \
  15 91 31 0.710938 15.5 91 30 0.710938 15 
17253:  Double_t \
  2 285 190 716.6 45.5 45.5 0.6 91 30 0.710938  \
  15 91 31 0.710938 15.5 91 30 0.710938 15 
17269:  Double_t \
  1 285 190 761.6 45.5 45.5 0.6 91 30 0.710938  \
  15 91 31 0.710938 15.5 91 30 0.710938 15 
17285:  Double_t \
  0 95 -285 811.6 45.5 45.5 0.6 91 30 0.710938  \
  15 91 31 0.710938 15.5 91 30 0.710938 15 
17301:  Double_t \
  1 95 -285 856.6 45.5 45.5 0.6 91 30 0.710938  \
  15 91 31 0.710938 15.5 91 30 0.710938 15 
17477:  Double_t \
  2 380 190 626.6 45.5 45.5 0.6 91 30 0.710938  \
  15 91 31 0.710938 15.5 91 30 0.710938 15 
17493:  Double_t \
  1 380 190 671.6 45.5 45.5 0.6 91 30 0.710938  \
  15 91 31 0.710938 15.5 91 30 0.710938 15 
17509:  Double_t \
  2 380 190 716.6 45.5 45.5 0.6 91 30 0.710938  \
  15 91 31 0.710938 15.5 91 30 0.710938 15 
17525:  Double_t \
  1 380 190 761.6 45.5 45.5 0.6 91 30 0.710938  \
  15 91 31 0.710938 15.5 91 30 0.710938 15 
17541:  Double_t \
  0 190 -285 811.6 45.5 45.5 0.6 91 30 0.710938  \
  15 91 31 0.710938 15.5 91 30 0.710938 15 
17557:  Double_t \
  1 190 -285 856.6 45.5 45.5 0.6 91 30 0.710938  \
  15 91 31 0.710938 15.5 91 30 0.710938 15 
17733:  Double_t \
  2 -380 285 626.6 45.5 45.5 0.6 91 30 0.710938  \
  15 91 31 0.710938 15.5 91 30 0.710938 15 
17749:  Double_t \
  3 -380 285 671.6 45.5 45.5 0.6 91 30 0.710938  \
  15 91 31 0.710938 15.5 91 30 0.710938 15 
17765:  Double_t \
  2 -380 285 716.6 45.5 45.5 0.6 91 30 0.710938  \
  15 91 31 0.710938 15.5 91 30 0.710938 15 
17781:  Double_t \
  3 -380 285 761.6 45.5 45.5 0.6 91 30 0.710938  \
  15 91 31 0.710938 15.5 91 30 0.710938 15 
17797:  Double_t \
  0 285 -285 811.6 45.5 45.5 0.6 91 30 0.710938  \
  15 91 31 0.710938 15.5 91 30 0.710938 15 
17813:  Double_t \
  1 285 -285 856.6 45.5 45.5 0.6 91 30 0.710938  \
  15 91 31 0.710938 15.5 91 30 0.710938 15 
17989:  Double_t \
  2 -285 285 626.6 45.5 45.5 0.6 91 30 0.710938  \
  15 91 31 0.710938 15.5 91 30 0.710938 15 
18005:  Double_t \
  3 -285 285 671.6 45.5 45.5 0.6 91 30 0.710938  \
  15 91 31 0.710938 15.5 91 30 0.710938 15 
18021:  Double_t \
  2 -285 285 716.6 45.5 45.5 0.6 91 30 0.710938  \
  15 91 31 0.710938 15.5 91 30 0.710938 15 
18037:  Double_t \
  3 -285 285 761.6 45.5 45.5 0.6 91 30 0.710938  \
  15 91 31 0.710938 15.5 91 30 0.710938 15 
18053:  Double_t \
  0 380 -285 811.6 45.5 45.5 0.6 91 30 0.710938  \
  15 91 31 0.710938 15.5 91 30 0.710938 15 
18069:  Double_t \
  1 380 -285 856.6 45.5 45.5 0.6 91 30 0.710938  \
  15 91 31 0.710938 15.5 91 30 0.710938 15 
18245:  Double_t \
  2 -190 285 626.6 45.5 45.5 0.6 91 30 0.710938  \
  15 91 31 0.710938 15.5 91 30 0.710938 15 
18261:  Double_t \
  3 -190 285 671.6 45.5 45.5 0.6 91 30 0.710938  \
  15 91 31 0.710938 15.5 91 30 0.710938 15 
18277:  Double_t \
  2 -190 285 716.6 45.5 45.5 0.6 91 30 0.710938  \
  15 91 31 0.710938 15.5 91 30 0.710938 15 
18293:  Double_t \
  3 -190 285 761.6 45.5 45.5 0.6 91 30 0.710938  \
  15 91 31 0.710938 15.5 91 30 0.710938 15 
18309:  Double_t \
  0 475 -285 811.6 45.5 45.5 0.6 91 30 0.710938  \
  15 91 31 0.710938 15.5 91 30 0.710938 15 
18325:  Double_t \
  1 475 -285 856.6 45.5 45.5 0.6 91 30 0.710938  \
  15 91 31 0.710938 15.5 91 30 0.710938 15 
18501:  Double_t \
  2 -95 285 626.6 45.5 45.5 0.6 91 30 0.710938  \
  15 91 31 0.710938 15.5 91 30 0.710938 15 
18517:  Double_t \
  3 -95 285 671.6 45.5 45.5 0.6 91 30 0.710938  \
  15 91 31 0.710938 15.5 91 30 0.710938 15 
18533:  Double_t \
  2 -95 285 716.6 45.5 45.5 0.6 91 30 0.710938  \
  15 91 31 0.710938 15.5 91 30 0.710938 15 
18549:  Double_t \
  3 -95 285 761.6 45.5 45.5 0.6 91 30 0.710938  \
  15 91 31 0.710938 15.5 91 30 0.710938 15 
18565:  Double_t \
  0 -475 -190 811.6 45.5 45.5 0.6 91 30 0.710938  \
  15 91 31 0.710938 15.5 91 30 0.710938 15 
18581:  Double_t \
  3 -475 -190 856.6 45.5 45.5 0.6 91 30 0.710938  \
  15 91 31 0.710938 15.5 91 30 0.710938 15 
18757:  Double_t \
  2 0 285 626.6 45.5 45.5 0.6 91 30 0.710938  \
  15 91 31 0.710938 15.5 91 30 0.710938 15 
18773:  Double_t \
  1 0 285 671.6 45.5 45.5 0.6 91 30 0.710938  \
  15 91 31 0.710938 15.5 91 30 0.710938 15 
18789:  Double_t \
  2 0 285 716.6 45.5 45.5 0.6 91 30 0.710938  \
  15 91 31 0.710938 15.5 91 30 0.710938 15 
18805:  Double_t \
  1 0 285 761.6 45.5 45.5 0.6 91 30 0.710938  \
  15 91 31 0.710938 15.5 91 30 0.710938 15 
18821:  Double_t \
  0 -380 -190 811.6 45.5 45.5 0.6 91 30 0.710938  \
  15 91 31 0.710938 15.5 91 30 0.710938 15 
18837:  Double_t \
  3 -380 -190 856.6 45.5 45.5 0.6 91 30 0.710938  \
  15 91 31 0.710938 15.5 91 30 0.710938 15 
19013:  Double_t \
  2 95 285 626.6 45.5 45.5 0.6 91 30 0.710938  \
  15 91 31 0.710938 15.5 91 30 0.710938 15 
19029:  Double_t \
  1 95 285 671.6 45.5 45.5 0.6 91 30 0.710938  \
  15 91 31 0.710938 15.5 91 30 0.710938 15 
19045:  Double_t \
  2 95 285 716.6 45.5 45.5 0.6 91 30 0.710938  \
  15 91 31 0.710938 15.5 91 30 0.710938 15 
19061:  Double_t \
  1 95 285 761.6 45.5 45.5 0.6 91 30 0.710938  \
  15 91 31 0.710938 15.5 91 30 0.710938 15 
19077:  Double_t \
  0 380 -190 811.6 45.5 45.5 0.6 91 30 0.710938  \
  15 91 31 0.710938 15.5 91 30 0.710938 15 
19093:  Double_t \
  1 380 -190 856.6 45.5 45.5 0.6 91 30 0.710938  \
  15 91 31 0.710938 15.5 91 30 0.710938 15 
19269:  Double_t \
  2 190 285 626.6 45.5 45.5 0.6 91 30 0.710938  \
  15 91 31 0.710938 15.5 91 30 0.710938 15 
19285:  Double_t \
  1 190 285 671.6 45.5 45.5 0.6 91 30 0.710938  \
  15 91 31 0.710938 15.5 91 30 0.710938 15 
19301:  Double_t \
  2 190 285 716.6 45.5 45.5 0.6 91 30 0.710938  \
  15 91 31 0.710938 15.5 91 30 0.710938 15 
19317:  Double_t \
  1 190 285 761.6 45.5 45.5 0.6 91 30 0.710938  \
  15 91 31 0.710938 15.5 91 30 0.710938 15 
19333:  Double_t \
  0 475 -190 811.6 45.5 45.5 0.6 91 30 0.710938  \
  15 91 31 0.710938 15.5 91 30 0.710938 15 
19349:  Double_t \
  1 475 -190 856.6 45.5 45.5 0.6 91 30 0.710938  \
  15 91 31 0.710938 15.5 91 30 0.710938 15 
19525:  Double_t \
  2 285 285 626.6 45.5 45.5 0.6 91 30 0.710938  \
  15 91 31 0.710938 15.5 91 30 0.710938 15 
19541:  Double_t \
  1 285 285 671.6 45.5 45.5 0.6 91 30 0.710938  \
  15 91 31 0.710938 15.5 91 30 0.710938 15 
19557:  Double_t \
  2 285 285 716.6 45.5 45.5 0.6 91 30 0.710938  \
  15 91 31 0.710938 15.5 91 30 0.710938 15 
19573:  Double_t \
  1 285 285 761.6 45.5 45.5 0.6 91 30 0.710938  \
  15 91 31 0.710938 15.5 91 30 0.710938 15 
19589:  Double_t \
  0 -475 -95 811.6 45.5 45.5 0.6 91 30 0.710938  \
  15 91 31 0.710938 15.5 91 30 0.710938 15 
19605:  Double_t \
  3 -475 -95 856.6 45.5 45.5 0.6 91 30 0.710938  \
  15 91 31 0.710938 15.5 91 30 0.710938 15 
19781:  Double_t \
  2 380 285 626.6 45.5 45.5 0.6 91 30 0.710938  \
  15 91 31 0.710938 15.5 91 30 0.710938 15 
19797:  Double_t \
  1 380 285 671.6 45.5 45.5 0.6 91 30 0.710938  \
  15 91 31 0.710938 15.5 91 30 0.710938 15 
19813:  Double_t \
  2 380 285 716.6 45.5 45.5 0.6 91 30 0.710938  \
  15 91 31 0.710938 15.5 91 30 0.710938 15 
19829:  Double_t \
  1 380 285 761.6 45.5 45.5 0.6 91 30 0.710938  \
  15 91 31 0.710938 15.5 91 30 0.710938 15 
19845:  Double_t \
  0 -380 -95 811.6 45.5 45.5 0.6 91 30 0.710938  \
  15 91 31 0.710938 15.5 91 30 0.710938 15 
19861:  Double_t \
  3 -380 -95 856.6 45.5 45.5 0.6 91 30 0.710938  \
  15 91 31 0.710938 15.5 91 30 0.710938 15 
20101:  Double_t \
  0 380 -95 811.6 45.5 45.5 0.6 91 30 0.710938  \
  15 91 31 0.710938 15.5 91 30 0.710938 15 
20117:  Double_t \
  1 380 -95 856.6 45.5 45.5 0.6 91 30 0.710938  \
  15 91 31 0.710938 15.5 91 30 0.710938 15 
20357:  Double_t \
  0 475 -95 811.6 45.5 45.5 0.6 91 30 0.710938  \
  15 91 31 0.710938 15.5 91 30 0.710938 15 
20373:  Double_t \
  1 475 -95 856.6 45.5 45.5 0.6 91 30 0.710938  \
  15 91 31 0.710938 15.5 91 30 0.710938 15 
20613:  Double_t \
  0 -475 0 811.6 45.5 45.5 0.6 91 30 0.710938  \
  15 91 31 0.710938 15.5 91 30 0.710938 15 
20629:  Double_t \
  3 -475 0 856.6 45.5 45.5 0.6 91 30 0.710938  \
  15 91 31 0.710938 15.5 91 30 0.710938 15 
20869:  Double_t \
  0 -380 0 811.6 45.5 45.5 0.6 91 30 0.710938  \
  15 91 31 0.710938 15.5 91 30 0.710938 15 
20885:  Double_t \
  3 -380 0 856.6 45.5 45.5 0.6 91 30 0.710938  \
  15 91 31 0.710938 15.5 91 30 0.710938 15 
21125:  Double_t \
  0 380 0 811.6 45.5 45.5 0.6 91 30 0.710938  \
  15 91 31 0.710938 15.5 91 30 0.710938 15 
21141:  Double_t \
  1 380 0 856.6 45.5 45.5 0.6 91 30 0.710938  \
  15 91 31 0.710938 15.5 91 30 0.710938 15 
21381:  Double_t \
  0 475 0 811.6 45.5 45.5 0.6 91 30 0.710938  \
  15 91 31 0.710938 15.5 91 30 0.710938 15 
21397:  Double_t \
  1 475 0 856.6 45.5 45.5 0.6 91 30 0.710938  \
  15 91 31 0.710938 15.5 91 30 0.710938 15 
21637:  Double_t \
  2 -475 95 811.6 45.5 45.5 0.6 91 30 0.710938  \
  15 91 31 0.710938 15.5 91 30 0.710938 15 
21653:  Double_t \
  3 -475 95 856.6 45.5 45.5 0.6 91 30 0.710938  \
  15 91 31 0.710938 15.5 91 30 0.710938 15 
21893:  Double_t \
  2 -380 95 811.6 45.5 45.5 0.6 91 30 0.710938  \
  15 91 31 0.710938 15.5 91 30 0.710938 15 
21909:  Double_t \
  3 -380 95 856.6 45.5 45.5 0.6 91 30 0.710938  \
  15 91 31 0.710938 15.5 91 30 0.710938 15 
22149:  Double_t \
  2 380 95 811.6 45.5 45.5 0.6 91 30 0.710938  \
  15 91 31 0.710938 15.5 91 30 0.710938 15 
22165:  Double_t \
  1 380 95 856.6 45.5 45.5 0.6 91 30 0.710938  \
  15 91 31 0.710938 15.5 91 30 0.710938 15 
22405:  Double_t \
  2 475 95 811.6 45.5 45.5 0.6 91 30 0.710938  \
  15 91 31 0.710938 15.5 91 30 0.710938 15 
22421:  Double_t \
  1 475 95 856.6 45.5 45.5 0.6 91 30 0.710938  \
  15 91 31 0.710938 15.5 91 30 0.710938 15 
22661:  Double_t \
  2 -475 190 811.6 45.5 45.5 0.6 91 30 0.710938  \
  15 91 31 0.710938 15.5 91 30 0.710938 15 
22677:  Double_t \
  3 -475 190 856.6 45.5 45.5 0.6 91 30 0.710938  \
  15 91 31 0.710938 15.5 91 30 0.710938 15 
22917:  Double_t \
  2 -380 190 811.6 45.5 45.5 0.6 91 30 0.710938  \
  15 91 31 0.710938 15.5 91 30 0.710938 15 
22933:  Double_t \
  3 -380 190 856.6 45.5 45.5 0.6 91 30 0.710938  \
  15 91 31 0.710938 15.5 91 30 0.710938 15 
23173:  Double_t \
  2 380 190 811.6 45.5 45.5 0.6 91 30 0.710938  \
  15 91 31 0.710938 15.5 91 30 0.710938 15 
23189:  Double_t \
  1 380 190 856.6 45.5 45.5 0.6 91 30 0.710938  \
  15 91 31 0.710938 15.5 91 30 0.710938 15 
23429:  Double_t \
  2 475 190 811.6 45.5 45.5 0.6 91 30 0.710938  \
  15 91 31 0.710938 15.5 91 30 0.710938 15 
23445:  Double_t \
  1 475 190 856.6 45.5 45.5 0.6 91 30 0.710938  \
  15 91 31 0.710938 15.5 91 30 0.710938 15 
23685:  Double_t \
  2 -475 285 811.6 45.5 45.5 0.6 91 30 0.710938  \
  15 91 31 0.710938 15.5 91 30 0.710938 15 
23701:  Double_t \
  3 -475 285 856.6 45.5 45.5 0.6 91 30 0.710938  \
  15 91 31 0.710938 15.5 91 30 0.710938 15 
23941:  Double_t \
  2 -380 285 811.6 45.5 45.5 0.6 91 30 0.710938  \
  15 91 31 0.710938 15.5 91 30 0.710938 15 
23957:  Double_t \
  3 -380 285 856.6 45.5 45.5 0.6 91 30 0.710938  \
  15 91 31 0.710938 15.5 91 30 0.710938 15 
24197:  Double_t \
  2 -285 285 811.6 45.5 45.5 0.6 91 30 0.710938  \
  15 91 31 0.710938 15.5 91 30 0.710938 15 
24213:  Double_t \
  3 -285 285 856.6 45.5 45.5 0.6 91 30 0.710938  \
  15 91 31 0.710938 15.5 91 30 0.710938 15 
24453:  Double_t \
  2 -190 285 811.6 45.5 45.5 0.6 91 30 0.710938  \
  15 91 31 0.710938 15.5 91 30 0.710938 15 
24469:  Double_t \
  3 -190 285 856.6 45.5 45.5 0.6 91 30 0.710938  \
  15 91 31 0.710938 15.5 91 30 0.710938 15 
24709:  Double_t \
  2 -95 285 811.6 45.5 45.5 0.6 91 30 0.710938  \
  15 91 31 0.710938 15.5 91 30 0.710938 15 
24725:  Double_t \
  3 -95 285 856.6 45.5 45.5 0.6 91 30 0.710938  \
  15 91 31 0.710938 15.5 91 30 0.710938 15 
24965:  Double_t \
  2 0 285 811.6 45.5 45.5 0.6 91 30 0.710938  \
  15 91 31 0.710938 15.5 91 30 0.710938 15 
24981:  Double_t \
  1 0 285 856.6 45.5 45.5 0.6 91 30 0.710938  \
  15 91 31 0.710938 15.5 91 30 0.710938 15 
25221:  Double_t \
  2 95 285 811.6 45.5 45.5 0.6 91 30 0.710938  \
  15 91 31 0.710938 15.5 91 30 0.710938 15 
25237:  Double_t \
  1 95 285 856.6 45.5 45.5 0.6 91 30 0.710938  \
  15 91 31 0.710938 15.5 91 30 0.710938 15 
25477:  Double_t \
  2 190 285 811.6 45.5 45.5 0.6 91 30 0.710938  \
  15 91 31 0.710938 15.5 91 30 0.710938 15 
25493:  Double_t \
  1 190 285 856.6 45.5 45.5 0.6 91 30 0.710938  \
  15 91 31 0.710938 15.5 91 30 0.710938 15 
25733:  Double_t \
  2 285 285 811.6 45.5 45.5 0.6 91 30 0.710938  \
  15 91 31 0.710938 15.5 91 30 0.710938 15 
25749:  Double_t \
  1 285 285 856.6 45.5 45.5 0.6 91 30 0.710938  \
  15 91 31 0.710938 15.5 91 30 0.710938 15 
25989:  Double_t \
  2 380 285 811.6 45.5 45.5 0.6 91 30 0.710938  \
  15 91 31 0.710938 15.5 91 30 0.710938 15 
26005:  Double_t \
  1 380 285 856.6 45.5 45.5 0.6 91 30 0.710938  \
  15 91 31 0.710938 15.5 91 30 0.710938 15 
26245:  Double_t \
  2 475 285 811.6 45.5 45.5 0.6 91 30 0.710938  \
  15 91 31 0.710938 15.5 91 30 0.710938 15 
26261:  Double_t \
  1 475 285 856.6 45.5 45.5 0.6 91 30 0.710938  \
  15 91 31 0.710938 15.5 91 30 0.710938 15 
26501:  Double_t \
  2 -475 380 811.6 45.5 45.5 0.6 91 30 0.710938  \
  15 91 31 0.710938 15.5 91 30 0.710938 15 
26517:  Double_t \
  3 -475 380 856.6 45.5 45.5 0.6 91 30 0.710938  \
  15 91 31 0.710938 15.5 91 30 0.710938 15 
26757:  Double_t \
  2 -380 380 811.6 45.5 45.5 0.6 91 30 0.710938  \
  15 91 31 0.710938 15.5 91 30 0.710938 15 
26773:  Double_t \
  3 -380 380 856.6 45.5 45.5 0.6 91 30 0.710938  \
  15 91 31 0.710938 15.5 91 30 0.710938 15 
27013:  Double_t \
  2 -285 380 811.6 45.5 45.5 0.6 91 30 0.710938  \
  15 91 31 0.710938 15.5 91 30 0.710938 15 
27029:  Double_t \
  3 -285 380 856.6 45.5 45.5 0.6 91 30 0.710938  \
  15 91 31 0.710938 15.5 91 30 0.710938 15 
27269:  Double_t \
  2 -190 380 811.6 45.5 45.5 0.6 91 30 0.710938  \
  15 91 31 0.710938 15.5 91 30 0.710938 15 
27285:  Double_t \
  3 -190 380 856.6 45.5 45.5 0.6 91 30 0.710938  \
  15 91 31 0.710938 15.5 91 30 0.710938 15 
27525:  Double_t \
  2 -95 380 811.6 45.5 45.5 0.6 91 30 0.710938  \
  15 91 31 0.710938 15.5 91 30 0.710938 15 
27541:  Double_t \
  3 -95 380 856.6 45.5 45.5 0.6 91 30 0.710938  \
  15 91 31 0.710938 15.5 91 30 0.710938 15 
27781:  Double_t \
  2 0 380 811.6 45.5 45.5 0.6 91 30 0.710938  \
  15 91 31 0.710938 15.5 91 30 0.710938 15 
27797:  Double_t \
  1 0 380 856.6 45.5 45.5 0.6 91 30 0.710938  \
  15 91 31 0.710938 15.5 91 30 0.710938 15 
28037:  Double_t \
  2 95 380 811.6 45.5 45.5 0.6 91 30 0.710938  \
  15 91 31 0.710938 15.5 91 30 0.710938 15 
28053:  Double_t \
  1 95 380 856.6 45.5 45.5 0.6 91 30 0.710938  \
  15 91 31 0.710938 15.5 91 30 0.710938 15 
28293:  Double_t \
  2 190 380 811.6 45.5 45.5 0.6 91 30 0.710938  \
  15 91 31 0.710938 15.5 91 30 0.710938 15 
28309:  Double_t \
  1 190 380 856.6 45.5 45.5 0.6 91 30 0.710938  \
  15 91 31 0.710938 15.5 91 30 0.710938 15 
28549:  Double_t \
  2 285 380 811.6 45.5 45.5 0.6 91 30 0.710938  \
  15 91 31 0.710938 15.5 91 30 0.710938 15 
28565:  Double_t \
  1 285 380 856.6 45.5 45.5 0.6 91 30 0.710938  \
  15 91 31 0.710938 15.5 91 30 0.710938 15 
28805:  Double_t \
  2 380 380 811.6 45.5 45.5 0.6 91 30 0.710938  \
  15 91 31 0.710938 15.5 91 30 0.710938 15 
28821:  Double_t \
  1 380 380 856.6 45.5 45.5 0.6 91 30 0.710938  \
  15 91 31 0.710938 15.5 91 30 0.710938 15 
29061:  Double_t \
  2 475 380 811.6 45.5 45.5 0.6 91 30 0.710938  \
  15 91 31 0.710938 15.5 91 30 0.710938 15 
29077:  Double_t \
  1 475 380 856.6 45.5 45.5 0.6 91 30 0.710938  \
  15 91 31 0.710938 15.5 91 30 0.710938 15 