##############################################################################
# Class:   CbmTrdDigiPar
# Context: TestDefaultContext
##############################################################################
[CbmTrdDigiPar]
//----------------------------------------------------------------------------
NrOfModules:  Int_t  644 
MaxSectors:  Int_t  3 
ModuleIdArray:  Int_t \
  5 21 37 53 69 85 101 117 133 149  \
  261 277 293 309 325 341 357 373 389 405  \
  517 533 549 565 581 597 613 629 645 661  \
  773 789 805 821 837 853 869 885 901 917  \
  1029 1045 1061 1077 1093 1109 1125 1141 1157 1173  \
  1285 1301 1317 1333 1349 1365 1381 1397 1413 1429  \
  1541 1557 1573 1589 1605 1621 1637 1653 1669 1685  \
  1797 1813 1829 1845 1861 1877 1893 1909 1925 1941  \
  2053 2069 2085 2101 2117 2133 2149 2165 2181 2197  \
  2309 2325 2341 2357 2373 2389 2405 2421 2437 2453  \
  2565 2581 2597 2613 2629 2645 2661 2677 2693 2709  \
  2821 2837 2853 2869 2885 2901 2917 2933 2949 2965  \
  3077 3093 3109 3125 3141 3157 3173 3189 3205 3221  \
  3333 3349 3365 3381 3397 3413 3429 3445 3461 3477  \
  3589 3605 3621 3637 3653 3669 3685 3701 3717 3733  \
  3845 3861 3877 3893 3909 3925 3941 3957 3973 3989  \
  4101 4117 4133 4149 4165 4181 4197 4213 4229 4245  \
  4357 4373 4389 4405 4421 4437 4453 4469 4485 4501  \
  4613 4629 4645 4661 4677 4693 4709 4725 4741 4757  \
  4869 4885 4901 4917 4933 4949 4965 4981 4997 5013  \
  5125 5141 5157 5173 5189 5205 5221 5237 5253 5269  \
  5381 5397 5413 5429 5445 5461 5477 5493 5509 5525  \
  5637 5653 5669 5685 5701 5717 5733 5749 5765 5781  \
  5893 5909 5925 5941 5957 5973 5989 6005 6021 6037  \
  6149 6165 6181 6197 6213 6229 6245 6261 6277 6293  \
  6405 6421 6437 6453 6469 6485 6501 6517 6533 6549  \
  6661 6677 6693 6709 6725 6741 6757 6773 6789 6805  \
  6917 6933 6949 6965 6981 6997 7013 7029 7045 7061  \
  7173 7189 7205 7221 7237 7253 7269 7285 7301 7317  \
  7429 7445 7461 7477 7493 7509 7525 7541 7557 7573  \
  7685 7701 7717 7733 7749 7765 7781 7797 7813 7829  \
  7941 7957 7973 7989 8005 8021 8037 8053 8069 8085  \
  8197 8213 8229 8245 8261 8277 8293 8309 8325 8341  \
  8453 8469 8485 8501 8517 8533 8549 8565 8581 8597  \
  8709 8725 8741 8757 8773 8789 8805 8821 8837 8853  \
  8965 8981 8997 9013 9029 9045 9061 9077 9093 9109  \
  9221 9237 9253 9269 9285 9301 9317 9333 9349 9365  \
  9477 9493 9509 9525 9541 9557 9573 9589 9605 9621  \
  9733 9749 9765 9781 9797 9813 9829 9845 9861 9877  \
  9989 10005 10021 10037 10053 10069 10085 10101 10117 10133  \
  10245 10261 10277 10293 10309 10325 10341 10357 10373 10389  \
  10501 10517 10533 10549 10565 10581 10597 10613 10629 10645  \
  10821 10837 10853 10869 10885 10901 11077 11093 11109 11125  \
  11141 11157 11333 11349 11365 11381 11397 11413 11589 11605  \
  11621 11637 11653 11669 11845 11861 11877 11893 11909 11925  \
  12101 12117 12133 12149 12165 12181 12357 12373 12389 12405  \
  12421 12437 12613 12629 12645 12661 12677 12693 12869 12885  \
  12901 12917 12933 12949 13125 13141 13157 13173 13189 13205  \
  13381 13397 13413 13429 13445 13461 13637 13653 13669 13685  \
  13701 13717 13893 13909 13925 13941 13957 13973 14149 14165  \
  14181 14197 14213 14229 14405 14421 14437 14453 14469 14485  \
  14661 14677 14693 14709 14725 14741 14917 14933 14949 14965  \
  14981 14997 15173 15189 15205 15221 15237 15253 15429 15445  \
  15461 15477 15493 15509 15685 15701 15717 15733 15749 15765  \
  15941 15957 15973 15989 16005 16021 16197 16213 16229 16245  \
  16261 16277 16453 16469 16485 16501 16517 16533 16709 16725  \
  16741 16757 16773 16789 16965 16981 16997 17013 17029 17045  \
  17221 17237 17253 17269 17285 17301 17541 17557 17797 17813  \
  18053 18069 18309 18325 18565 18581 18821 18837 19077 19093  \
  19333 19349 19589 19605 19845 19861 20101 20117 20357 20373  \
  20613 20629 20869 20885 21125 21141 21381 21397 21637 21653  \
  21893 21909 22149 22165 22405 22421 22661 22677 22917 22933  \
  23173 23189 23429 23445 23685 23701 23941 23957 24197 24213  \
  24453 24469 24709 24725 24965 24981 25221 25237 25477 25493  \
  25733 25749 25989 26005 
5:  Double_t \
  0 -85.5 -28.5 441.6 27 27 0.6 54 18 0.675  \
  1.5 54 18 0.675 1.5 54 18 0.675 1.5 
21:  Double_t \
  3 -85.5 -28.5 486.6 27 27 0.6 54 18 0.675  \
  1.5 54 18 0.675 1.5 54 18 0.675 1.5 
37:  Double_t \
  0 -85.5 -28.5 531.6 27 27 0.6 54 18 0.675  \
  1.5 54 18 0.675 1.5 54 18 0.675 1.5 
53:  Double_t \
  3 -85.5 -28.5 576.6 27 27 0.6 54 18 0.675  \
  1.5 54 18 0.675 1.5 54 18 0.675 1.5 
69:  Double_t \
  0 -85.5 -28.5 626.6 27 27 0.6 54 18 0.675  \
  1.5 54 18 0.675 1.5 54 18 0.675 1.5 
85:  Double_t \
  3 -85.5 -28.5 671.6 27 27 0.6 54 18 0.675  \
  1.5 54 18 0.675 1.5 54 18 0.675 1.5 
101:  Double_t \
  0 -85.5 -28.5 716.6 27 27 0.6 54 18 0.675  \
  1.5 54 18 0.675 1.5 54 18 0.675 1.5 
117:  Double_t \
  3 -85.5 -28.5 761.6 27 27 0.6 54 18 0.675  \
  1.5 54 18 0.675 1.5 54 18 0.675 1.5 
133:  Double_t \
  0 -85.5 -28.5 811.6 27 27 0.6 54 18 0.675  \
  1.5 54 18 0.675 1.5 54 18 0.675 1.5 
149:  Double_t \
  3 -85.5 -28.5 856.6 27 27 0.6 54 18 0.675  \
  1.5 54 18 0.675 1.5 54 18 0.675 1.5 
261:  Double_t \
  0 85.5 -28.5 441.6 27 27 0.6 54 18 0.675  \
  1.5 54 18 0.675 1.5 54 18 0.675 1.5 
277:  Double_t \
  1 85.5 -28.5 486.6 27 27 0.6 54 18 0.675  \
  1.5 54 18 0.675 1.5 54 18 0.675 1.5 
293:  Double_t \
  0 85.5 -28.5 531.6 27 27 0.6 54 18 0.675  \
  1.5 54 18 0.675 1.5 54 18 0.675 1.5 
309:  Double_t \
  1 85.5 -28.5 576.6 27 27 0.6 54 18 0.675  \
  1.5 54 18 0.675 1.5 54 18 0.675 1.5 
325:  Double_t \
  0 85.5 -28.5 626.6 27 27 0.6 54 18 0.675  \
  1.5 54 18 0.675 1.5 54 18 0.675 1.5 
341:  Double_t \
  1 85.5 -28.5 671.6 27 27 0.6 54 18 0.675  \
  1.5 54 18 0.675 1.5 54 18 0.675 1.5 
357:  Double_t \
  0 85.5 -28.5 716.6 27 27 0.6 54 18 0.675  \
  1.5 54 18 0.675 1.5 54 18 0.675 1.5 
373:  Double_t \
  1 85.5 -28.5 761.6 27 27 0.6 54 18 0.675  \
  1.5 54 18 0.675 1.5 54 18 0.675 1.5 
389:  Double_t \
  0 85.5 -28.5 811.6 27 27 0.6 54 18 0.675  \
  1.5 54 18 0.675 1.5 54 18 0.675 1.5 
405:  Double_t \
  1 85.5 -28.5 856.6 27 27 0.6 54 18 0.675  \
  1.5 54 18 0.675 1.5 54 18 0.675 1.5 
517:  Double_t \
  2 -85.5 28.5 441.6 27 27 0.6 54 18 0.675  \
  1.5 54 18 0.675 1.5 54 18 0.675 1.5 
533:  Double_t \
  3 -85.5 28.5 486.6 27 27 0.6 54 18 0.675  \
  1.5 54 18 0.675 1.5 54 18 0.675 1.5 
549:  Double_t \
  2 -85.5 28.5 531.6 27 27 0.6 54 18 0.675  \
  1.5 54 18 0.675 1.5 54 18 0.675 1.5 
565:  Double_t \
  3 -85.5 28.5 576.6 27 27 0.6 54 18 0.675  \
  1.5 54 18 0.675 1.5 54 18 0.675 1.5 
581:  Double_t \
  2 -85.5 28.5 626.6 27 27 0.6 54 18 0.675  \
  1.5 54 18 0.675 1.5 54 18 0.675 1.5 
597:  Double_t \
  3 -85.5 28.5 671.6 27 27 0.6 54 18 0.675  \
  1.5 54 18 0.675 1.5 54 18 0.675 1.5 
613:  Double_t \
  2 -85.5 28.5 716.6 27 27 0.6 54 18 0.675  \
  1.5 54 18 0.675 1.5 54 18 0.675 1.5 
629:  Double_t \
  3 -85.5 28.5 761.6 27 27 0.6 54 18 0.675  \
  1.5 54 18 0.675 1.5 54 18 0.675 1.5 
645:  Double_t \
  2 -85.5 28.5 811.6 27 27 0.6 54 18 0.675  \
  1.5 54 18 0.675 1.5 54 18 0.675 1.5 
661:  Double_t \
  3 -85.5 28.5 856.6 27 27 0.6 54 18 0.675  \
  1.5 54 18 0.675 1.5 54 18 0.675 1.5 
773:  Double_t \
  2 85.5 28.5 441.6 27 27 0.6 54 18 0.675  \
  1.5 54 18 0.675 1.5 54 18 0.675 1.5 
789:  Double_t \
  1 85.5 28.5 486.6 27 27 0.6 54 18 0.675  \
  1.5 54 18 0.675 1.5 54 18 0.675 1.5 
805:  Double_t \
  2 85.5 28.5 531.6 27 27 0.6 54 18 0.675  \
  1.5 54 18 0.675 1.5 54 18 0.675 1.5 
821:  Double_t \
  1 85.5 28.5 576.6 27 27 0.6 54 18 0.675  \
  1.5 54 18 0.675 1.5 54 18 0.675 1.5 
837:  Double_t \
  2 85.5 28.5 626.6 27 27 0.6 54 18 0.675  \
  1.5 54 18 0.675 1.5 54 18 0.675 1.5 
853:  Double_t \
  1 85.5 28.5 671.6 27 27 0.6 54 18 0.675  \
  1.5 54 18 0.675 1.5 54 18 0.675 1.5 
869:  Double_t \
  2 85.5 28.5 716.6 27 27 0.6 54 18 0.675  \
  1.5 54 18 0.675 1.5 54 18 0.675 1.5 
885:  Double_t \
  1 85.5 28.5 761.6 27 27 0.6 54 18 0.675  \
  1.5 54 18 0.675 1.5 54 18 0.675 1.5 
901:  Double_t \
  2 85.5 28.5 811.6 27 27 0.6 54 18 0.675  \
  1.5 54 18 0.675 1.5 54 18 0.675 1.5 
917:  Double_t \
  1 85.5 28.5 856.6 27 27 0.6 54 18 0.675  \
  1.5 54 18 0.675 1.5 54 18 0.675 1.5 
1029:  Double_t \
  0 -142.5 -28.5 441.6 27 27 0.6 54 22 0.675  \
  2.75 54 10 0.675 2.5 54 22 0.675 2.75 
1045:  Double_t \
  3 -142.5 -28.5 486.6 27 27 0.6 54 22 0.675  \
  2.75 54 10 0.675 2.5 54 22 0.675 2.75 
1061:  Double_t \
  0 -142.5 -28.5 531.6 27 27 0.6 54 22 0.675  \
  2.75 54 10 0.675 2.5 54 22 0.675 2.75 
1077:  Double_t \
  3 -142.5 -28.5 576.6 27 27 0.6 54 22 0.675  \
  2.75 54 10 0.675 2.5 54 22 0.675 2.75 
1093:  Double_t \
  0 -142.5 -28.5 626.6 27 27 0.6 54 22 0.675  \
  2.75 54 10 0.675 2.5 54 22 0.675 2.75 
1109:  Double_t \
  3 -142.5 -28.5 671.6 27 27 0.6 54 22 0.675  \
  2.75 54 10 0.675 2.5 54 22 0.675 2.75 
1125:  Double_t \
  0 -142.5 -28.5 716.6 27 27 0.6 54 22 0.675  \
  2.75 54 10 0.675 2.5 54 22 0.675 2.75 
1141:  Double_t \
  3 -142.5 -28.5 761.6 27 27 0.6 54 22 0.675  \
  2.75 54 10 0.675 2.5 54 22 0.675 2.75 
1157:  Double_t \
  0 -142.5 -28.5 811.6 27 27 0.6 54 22 0.675  \
  2.75 54 10 0.675 2.5 54 22 0.675 2.75 
1173:  Double_t \
  3 -142.5 -28.5 856.6 27 27 0.6 54 22 0.675  \
  2.75 54 10 0.675 2.5 54 22 0.675 2.75 
1285:  Double_t \
  0 142.5 -28.5 441.6 27 27 0.6 54 22 0.675  \
  2.75 54 10 0.675 2.5 54 22 0.675 2.75 
1301:  Double_t \
  1 142.5 -28.5 486.6 27 27 0.6 54 22 0.675  \
  2.75 54 10 0.675 2.5 54 22 0.675 2.75 
1317:  Double_t \
  0 142.5 -28.5 531.6 27 27 0.6 54 22 0.675  \
  2.75 54 10 0.675 2.5 54 22 0.675 2.75 
1333:  Double_t \
  1 142.5 -28.5 576.6 27 27 0.6 54 22 0.675  \
  2.75 54 10 0.675 2.5 54 22 0.675 2.75 
1349:  Double_t \
  0 142.5 -28.5 626.6 27 27 0.6 54 22 0.675  \
  2.75 54 10 0.675 2.5 54 22 0.675 2.75 
1365:  Double_t \
  1 142.5 -28.5 671.6 27 27 0.6 54 22 0.675  \
  2.75 54 10 0.675 2.5 54 22 0.675 2.75 
1381:  Double_t \
  0 142.5 -28.5 716.6 27 27 0.6 54 22 0.675  \
  2.75 54 10 0.675 2.5 54 22 0.675 2.75 
1397:  Double_t \
  1 142.5 -28.5 761.6 27 27 0.6 54 22 0.675  \
  2.75 54 10 0.675 2.5 54 22 0.675 2.75 
1413:  Double_t \
  0 142.5 -28.5 811.6 27 27 0.6 54 22 0.675  \
  2.75 54 10 0.675 2.5 54 22 0.675 2.75 
1429:  Double_t \
  1 142.5 -28.5 856.6 27 27 0.6 54 22 0.675  \
  2.75 54 10 0.675 2.5 54 22 0.675 2.75 
1541:  Double_t \
  2 -142.5 28.5 441.6 27 27 0.6 54 22 0.675  \
  2.75 54 10 0.675 2.5 54 22 0.675 2.75 
1557:  Double_t \
  3 -142.5 28.5 486.6 27 27 0.6 54 22 0.675  \
  2.75 54 10 0.675 2.5 54 22 0.675 2.75 
1573:  Double_t \
  2 -142.5 28.5 531.6 27 27 0.6 54 22 0.675  \
  2.75 54 10 0.675 2.5 54 22 0.675 2.75 
1589:  Double_t \
  3 -142.5 28.5 576.6 27 27 0.6 54 22 0.675  \
  2.75 54 10 0.675 2.5 54 22 0.675 2.75 
1605:  Double_t \
  2 -142.5 28.5 626.6 27 27 0.6 54 22 0.675  \
  2.75 54 10 0.675 2.5 54 22 0.675 2.75 
1621:  Double_t \
  3 -142.5 28.5 671.6 27 27 0.6 54 22 0.675  \
  2.75 54 10 0.675 2.5 54 22 0.675 2.75 
1637:  Double_t \
  2 -142.5 28.5 716.6 27 27 0.6 54 22 0.675  \
  2.75 54 10 0.675 2.5 54 22 0.675 2.75 
1653:  Double_t \
  3 -142.5 28.5 761.6 27 27 0.6 54 22 0.675  \
  2.75 54 10 0.675 2.5 54 22 0.675 2.75 
1669:  Double_t \
  2 -142.5 28.5 811.6 27 27 0.6 54 22 0.675  \
  2.75 54 10 0.675 2.5 54 22 0.675 2.75 
1685:  Double_t \
  3 -142.5 28.5 856.6 27 27 0.6 54 22 0.675  \
  2.75 54 10 0.675 2.5 54 22 0.675 2.75 
1797:  Double_t \
  2 142.5 28.5 441.6 27 27 0.6 54 22 0.675  \
  2.75 54 10 0.675 2.5 54 22 0.675 2.75 
1813:  Double_t \
  1 142.5 28.5 486.6 27 27 0.6 54 22 0.675  \
  2.75 54 10 0.675 2.5 54 22 0.675 2.75 
1829:  Double_t \
  2 142.5 28.5 531.6 27 27 0.6 54 22 0.675  \
  2.75 54 10 0.675 2.5 54 22 0.675 2.75 
1845:  Double_t \
  1 142.5 28.5 576.6 27 27 0.6 54 22 0.675  \
  2.75 54 10 0.675 2.5 54 22 0.675 2.75 
1861:  Double_t \
  2 142.5 28.5 626.6 27 27 0.6 54 22 0.675  \
  2.75 54 10 0.675 2.5 54 22 0.675 2.75 
1877:  Double_t \
  1 142.5 28.5 671.6 27 27 0.6 54 22 0.675  \
  2.75 54 10 0.675 2.5 54 22 0.675 2.75 
1893:  Double_t \
  2 142.5 28.5 716.6 27 27 0.6 54 22 0.675  \
  2.75 54 10 0.675 2.5 54 22 0.675 2.75 
1909:  Double_t \
  1 142.5 28.5 761.6 27 27 0.6 54 22 0.675  \
  2.75 54 10 0.675 2.5 54 22 0.675 2.75 
1925:  Double_t \
  2 142.5 28.5 811.6 27 27 0.6 54 22 0.675  \
  2.75 54 10 0.675 2.5 54 22 0.675 2.75 
1941:  Double_t \
  1 142.5 28.5 856.6 27 27 0.6 54 22 0.675  \
  2.75 54 10 0.675 2.5 54 22 0.675 2.75 
2053:  Double_t \
  0 -85.5 -85.5 441.6 27 27 0.6 54 4.5 0.675  \
  4.5 54 45 0.675 4.5 54 4.5 0.675 4.5 
2069:  Double_t \
  3 -85.5 -85.5 486.6 27 27 0.6 54 4.5 0.675  \
  4.5 54 45 0.675 4.5 54 4.5 0.675 4.5 
2085:  Double_t \
  0 -85.5 -85.5 531.6 27 27 0.6 54 4.5 0.675  \
  4.5 54 45 0.675 4.5 54 4.5 0.675 4.5 
2101:  Double_t \
  3 -85.5 -85.5 576.6 27 27 0.6 54 4.5 0.675  \
  4.5 54 45 0.675 4.5 54 4.5 0.675 4.5 
2117:  Double_t \
  0 -85.5 -85.5 626.6 27 27 0.6 54 4.5 0.675  \
  4.5 54 45 0.675 4.5 54 4.5 0.675 4.5 
2133:  Double_t \
  3 -85.5 -85.5 671.6 27 27 0.6 54 4.5 0.675  \
  4.5 54 45 0.675 4.5 54 4.5 0.675 4.5 
2149:  Double_t \
  0 -85.5 -85.5 716.6 27 27 0.6 54 4.5 0.675  \
  4.5 54 45 0.675 4.5 54 4.5 0.675 4.5 
2165:  Double_t \
  3 -85.5 -85.5 761.6 27 27 0.6 54 4.5 0.675  \
  4.5 54 45 0.675 4.5 54 4.5 0.675 4.5 
2181:  Double_t \
  0 -85.5 -85.5 811.6 27 27 0.6 54 4.5 0.675  \
  4.5 54 45 0.675 4.5 54 4.5 0.675 4.5 
2197:  Double_t \
  3 -85.5 -85.5 856.6 27 27 0.6 54 4.5 0.675  \
  4.5 54 45 0.675 4.5 54 4.5 0.675 4.5 
2309:  Double_t \
  0 -28.5 -85.5 441.6 27 27 0.6 54 4.5 0.675  \
  4.5 54 45 0.675 4.5 54 4.5 0.675 4.5 
2325:  Double_t \
  3 -28.5 -85.5 486.6 27 27 0.6 54 4.5 0.675  \
  4.5 54 45 0.675 4.5 54 4.5 0.675 4.5 
2341:  Double_t \
  0 -28.5 -85.5 531.6 27 27 0.6 54 4.5 0.675  \
  4.5 54 45 0.675 4.5 54 4.5 0.675 4.5 
2357:  Double_t \
  3 -28.5 -85.5 576.6 27 27 0.6 54 4.5 0.675  \
  4.5 54 45 0.675 4.5 54 4.5 0.675 4.5 
2373:  Double_t \
  0 -28.5 -85.5 626.6 27 27 0.6 54 4.5 0.675  \
  4.5 54 45 0.675 4.5 54 4.5 0.675 4.5 
2389:  Double_t \
  3 -28.5 -85.5 671.6 27 27 0.6 54 4.5 0.675  \
  4.5 54 45 0.675 4.5 54 4.5 0.675 4.5 
2405:  Double_t \
  0 -28.5 -85.5 716.6 27 27 0.6 54 4.5 0.675  \
  4.5 54 45 0.675 4.5 54 4.5 0.675 4.5 
2421:  Double_t \
  3 -28.5 -85.5 761.6 27 27 0.6 54 4.5 0.675  \
  4.5 54 45 0.675 4.5 54 4.5 0.675 4.5 
2437:  Double_t \
  0 -28.5 -85.5 811.6 27 27 0.6 54 4.5 0.675  \
  4.5 54 45 0.675 4.5 54 4.5 0.675 4.5 
2453:  Double_t \
  3 -28.5 -85.5 856.6 27 27 0.6 54 4.5 0.675  \
  4.5 54 45 0.675 4.5 54 4.5 0.675 4.5 
2565:  Double_t \
  0 28.5 -85.5 441.6 27 27 0.6 54 4.5 0.675  \
  4.5 54 45 0.675 4.5 54 4.5 0.675 4.5 
2581:  Double_t \
  1 28.5 -85.5 486.6 27 27 0.6 54 4.5 0.675  \
  4.5 54 45 0.675 4.5 54 4.5 0.675 4.5 
2597:  Double_t \
  0 28.5 -85.5 531.6 27 27 0.6 54 4.5 0.675  \
  4.5 54 45 0.675 4.5 54 4.5 0.675 4.5 
2613:  Double_t \
  1 28.5 -85.5 576.6 27 27 0.6 54 4.5 0.675  \
  4.5 54 45 0.675 4.5 54 4.5 0.675 4.5 
2629:  Double_t \
  0 28.5 -85.5 626.6 27 27 0.6 54 4.5 0.675  \
  4.5 54 45 0.675 4.5 54 4.5 0.675 4.5 
2645:  Double_t \
  1 28.5 -85.5 671.6 27 27 0.6 54 4.5 0.675  \
  4.5 54 45 0.675 4.5 54 4.5 0.675 4.5 
2661:  Double_t \
  0 28.5 -85.5 716.6 27 27 0.6 54 4.5 0.675  \
  4.5 54 45 0.675 4.5 54 4.5 0.675 4.5 
2677:  Double_t \
  1 28.5 -85.5 761.6 27 27 0.6 54 4.5 0.675  \
  4.5 54 45 0.675 4.5 54 4.5 0.675 4.5 
2693:  Double_t \
  0 28.5 -85.5 811.6 27 27 0.6 54 4.5 0.675  \
  4.5 54 45 0.675 4.5 54 4.5 0.675 4.5 
2709:  Double_t \
  1 28.5 -85.5 856.6 27 27 0.6 54 4.5 0.675  \
  4.5 54 45 0.675 4.5 54 4.5 0.675 4.5 
2821:  Double_t \
  0 85.5 -85.5 441.6 27 27 0.6 54 4.5 0.675  \
  4.5 54 45 0.675 4.5 54 4.5 0.675 4.5 
2837:  Double_t \
  1 85.5 -85.5 486.6 27 27 0.6 54 4.5 0.675  \
  4.5 54 45 0.675 4.5 54 4.5 0.675 4.5 
2853:  Double_t \
  0 85.5 -85.5 531.6 27 27 0.6 54 4.5 0.675  \
  4.5 54 45 0.675 4.5 54 4.5 0.675 4.5 
2869:  Double_t \
  1 85.5 -85.5 576.6 27 27 0.6 54 4.5 0.675  \
  4.5 54 45 0.675 4.5 54 4.5 0.675 4.5 
2885:  Double_t \
  0 85.5 -85.5 626.6 27 27 0.6 54 4.5 0.675  \
  4.5 54 45 0.675 4.5 54 4.5 0.675 4.5 
2901:  Double_t \
  1 85.5 -85.5 671.6 27 27 0.6 54 4.5 0.675  \
  4.5 54 45 0.675 4.5 54 4.5 0.675 4.5 
2917:  Double_t \
  0 85.5 -85.5 716.6 27 27 0.6 54 4.5 0.675  \
  4.5 54 45 0.675 4.5 54 4.5 0.675 4.5 
2933:  Double_t \
  1 85.5 -85.5 761.6 27 27 0.6 54 4.5 0.675  \
  4.5 54 45 0.675 4.5 54 4.5 0.675 4.5 
2949:  Double_t \
  0 85.5 -85.5 811.6 27 27 0.6 54 4.5 0.675  \
  4.5 54 45 0.675 4.5 54 4.5 0.675 4.5 
2965:  Double_t \
  1 85.5 -85.5 856.6 27 27 0.6 54 4.5 0.675  \
  4.5 54 45 0.675 4.5 54 4.5 0.675 4.5 
3077:  Double_t \
  2 -85.5 85.5 441.6 27 27 0.6 54 4.5 0.675  \
  4.5 54 45 0.675 4.5 54 4.5 0.675 4.5 
3093:  Double_t \
  3 -85.5 85.5 486.6 27 27 0.6 54 4.5 0.675  \
  4.5 54 45 0.675 4.5 54 4.5 0.675 4.5 
3109:  Double_t \
  2 -85.5 85.5 531.6 27 27 0.6 54 4.5 0.675  \
  4.5 54 45 0.675 4.5 54 4.5 0.675 4.5 
3125:  Double_t \
  3 -85.5 85.5 576.6 27 27 0.6 54 4.5 0.675  \
  4.5 54 45 0.675 4.5 54 4.5 0.675 4.5 
3141:  Double_t \
  2 -85.5 85.5 626.6 27 27 0.6 54 4.5 0.675  \
  4.5 54 45 0.675 4.5 54 4.5 0.675 4.5 
3157:  Double_t \
  3 -85.5 85.5 671.6 27 27 0.6 54 4.5 0.675  \
  4.5 54 45 0.675 4.5 54 4.5 0.675 4.5 
3173:  Double_t \
  2 -85.5 85.5 716.6 27 27 0.6 54 4.5 0.675  \
  4.5 54 45 0.675 4.5 54 4.5 0.675 4.5 
3189:  Double_t \
  3 -85.5 85.5 761.6 27 27 0.6 54 4.5 0.675  \
  4.5 54 45 0.675 4.5 54 4.5 0.675 4.5 
3205:  Double_t \
  2 -85.5 85.5 811.6 27 27 0.6 54 4.5 0.675  \
  4.5 54 45 0.675 4.5 54 4.5 0.675 4.5 
3221:  Double_t \
  3 -85.5 85.5 856.6 27 27 0.6 54 4.5 0.675  \
  4.5 54 45 0.675 4.5 54 4.5 0.675 4.5 
3333:  Double_t \
  2 -28.5 85.5 441.6 27 27 0.6 54 4.5 0.675  \
  4.5 54 45 0.675 4.5 54 4.5 0.675 4.5 
3349:  Double_t \
  3 -28.5 85.5 486.6 27 27 0.6 54 4.5 0.675  \
  4.5 54 45 0.675 4.5 54 4.5 0.675 4.5 
3365:  Double_t \
  2 -28.5 85.5 531.6 27 27 0.6 54 4.5 0.675  \
  4.5 54 45 0.675 4.5 54 4.5 0.675 4.5 
3381:  Double_t \
  3 -28.5 85.5 576.6 27 27 0.6 54 4.5 0.675  \
  4.5 54 45 0.675 4.5 54 4.5 0.675 4.5 
3397:  Double_t \
  2 -28.5 85.5 626.6 27 27 0.6 54 4.5 0.675  \
  4.5 54 45 0.675 4.5 54 4.5 0.675 4.5 
3413:  Double_t \
  3 -28.5 85.5 671.6 27 27 0.6 54 4.5 0.675  \
  4.5 54 45 0.675 4.5 54 4.5 0.675 4.5 
3429:  Double_t \
  2 -28.5 85.5 716.6 27 27 0.6 54 4.5 0.675  \
  4.5 54 45 0.675 4.5 54 4.5 0.675 4.5 
3445:  Double_t \
  3 -28.5 85.5 761.6 27 27 0.6 54 4.5 0.675  \
  4.5 54 45 0.675 4.5 54 4.5 0.675 4.5 
3461:  Double_t \
  2 -28.5 85.5 811.6 27 27 0.6 54 4.5 0.675  \
  4.5 54 45 0.675 4.5 54 4.5 0.675 4.5 
3477:  Double_t \
  3 -28.5 85.5 856.6 27 27 0.6 54 4.5 0.675  \
  4.5 54 45 0.675 4.5 54 4.5 0.675 4.5 
3589:  Double_t \
  2 28.5 85.5 441.6 27 27 0.6 54 4.5 0.675  \
  4.5 54 45 0.675 4.5 54 4.5 0.675 4.5 
3605:  Double_t \
  1 28.5 85.5 486.6 27 27 0.6 54 4.5 0.675  \
  4.5 54 45 0.675 4.5 54 4.5 0.675 4.5 
3621:  Double_t \
  2 28.5 85.5 531.6 27 27 0.6 54 4.5 0.675  \
  4.5 54 45 0.675 4.5 54 4.5 0.675 4.5 
3637:  Double_t \
  1 28.5 85.5 576.6 27 27 0.6 54 4.5 0.675  \
  4.5 54 45 0.675 4.5 54 4.5 0.675 4.5 
3653:  Double_t \
  2 28.5 85.5 626.6 27 27 0.6 54 4.5 0.675  \
  4.5 54 45 0.675 4.5 54 4.5 0.675 4.5 
3669:  Double_t \
  1 28.5 85.5 671.6 27 27 0.6 54 4.5 0.675  \
  4.5 54 45 0.675 4.5 54 4.5 0.675 4.5 
3685:  Double_t \
  2 28.5 85.5 716.6 27 27 0.6 54 4.5 0.675  \
  4.5 54 45 0.675 4.5 54 4.5 0.675 4.5 
3701:  Double_t \
  1 28.5 85.5 761.6 27 27 0.6 54 4.5 0.675  \
  4.5 54 45 0.675 4.5 54 4.5 0.675 4.5 
3717:  Double_t \
  2 28.5 85.5 811.6 27 27 0.6 54 4.5 0.675  \
  4.5 54 45 0.675 4.5 54 4.5 0.675 4.5 
3733:  Double_t \
  1 28.5 85.5 856.6 27 27 0.6 54 4.5 0.675  \
  4.5 54 45 0.675 4.5 54 4.5 0.675 4.5 
3845:  Double_t \
  2 85.5 85.5 441.6 27 27 0.6 54 4.5 0.675  \
  4.5 54 45 0.675 4.5 54 4.5 0.675 4.5 
3861:  Double_t \
  1 85.5 85.5 486.6 27 27 0.6 54 4.5 0.675  \
  4.5 54 45 0.675 4.5 54 4.5 0.675 4.5 
3877:  Double_t \
  2 85.5 85.5 531.6 27 27 0.6 54 4.5 0.675  \
  4.5 54 45 0.675 4.5 54 4.5 0.675 4.5 
3893:  Double_t \
  1 85.5 85.5 576.6 27 27 0.6 54 4.5 0.675  \
  4.5 54 45 0.675 4.5 54 4.5 0.675 4.5 
3909:  Double_t \
  2 85.5 85.5 626.6 27 27 0.6 54 4.5 0.675  \
  4.5 54 45 0.675 4.5 54 4.5 0.675 4.5 
3925:  Double_t \
  1 85.5 85.5 671.6 27 27 0.6 54 4.5 0.675  \
  4.5 54 45 0.675 4.5 54 4.5 0.675 4.5 
3941:  Double_t \
  2 85.5 85.5 716.6 27 27 0.6 54 4.5 0.675  \
  4.5 54 45 0.675 4.5 54 4.5 0.675 4.5 
3957:  Double_t \
  1 85.5 85.5 761.6 27 27 0.6 54 4.5 0.675  \
  4.5 54 45 0.675 4.5 54 4.5 0.675 4.5 
3973:  Double_t \
  2 85.5 85.5 811.6 27 27 0.6 54 4.5 0.675  \
  4.5 54 45 0.675 4.5 54 4.5 0.675 4.5 
3989:  Double_t \
  1 85.5 85.5 856.6 27 27 0.6 54 4.5 0.675  \
  4.5 54 45 0.675 4.5 54 4.5 0.675 4.5 
4101:  Double_t \
  0 -142.5 -85.5 441.6 27 27 0.6 54 13.5 0.675  \
  6.75 54 27 0.675 6.75 54 13.5 0.675 6.75 
4117:  Double_t \
  3 -142.5 -85.5 486.6 27 27 0.6 54 13.5 0.675  \
  6.75 54 27 0.675 6.75 54 13.5 0.675 6.75 
4133:  Double_t \
  0 -142.5 -85.5 531.6 27 27 0.6 54 13.5 0.675  \
  6.75 54 27 0.675 6.75 54 13.5 0.675 6.75 
4149:  Double_t \
  3 -142.5 -85.5 576.6 27 27 0.6 54 13.5 0.675  \
  6.75 54 27 0.675 6.75 54 13.5 0.675 6.75 
4165:  Double_t \
  0 -142.5 -85.5 626.6 27 27 0.6 54 13.5 0.675  \
  6.75 54 27 0.675 6.75 54 13.5 0.675 6.75 
4181:  Double_t \
  3 -142.5 -85.5 671.6 27 27 0.6 54 13.5 0.675  \
  6.75 54 27 0.675 6.75 54 13.5 0.675 6.75 
4197:  Double_t \
  0 -142.5 -85.5 716.6 27 27 0.6 54 13.5 0.675  \
  6.75 54 27 0.675 6.75 54 13.5 0.675 6.75 
4213:  Double_t \
  3 -142.5 -85.5 761.6 27 27 0.6 54 13.5 0.675  \
  6.75 54 27 0.675 6.75 54 13.5 0.675 6.75 
4229:  Double_t \
  0 -142.5 -85.5 811.6 27 27 0.6 54 13.5 0.675  \
  6.75 54 27 0.675 6.75 54 13.5 0.675 6.75 
4245:  Double_t \
  3 -142.5 -85.5 856.6 27 27 0.6 54 13.5 0.675  \
  6.75 54 27 0.675 6.75 54 13.5 0.675 6.75 
4357:  Double_t \
  0 142.5 -85.5 441.6 27 27 0.6 54 13.5 0.675  \
  6.75 54 27 0.675 6.75 54 13.5 0.675 6.75 
4373:  Double_t \
  1 142.5 -85.5 486.6 27 27 0.6 54 13.5 0.675  \
  6.75 54 27 0.675 6.75 54 13.5 0.675 6.75 
4389:  Double_t \
  0 142.5 -85.5 531.6 27 27 0.6 54 13.5 0.675  \
  6.75 54 27 0.675 6.75 54 13.5 0.675 6.75 
4405:  Double_t \
  1 142.5 -85.5 576.6 27 27 0.6 54 13.5 0.675  \
  6.75 54 27 0.675 6.75 54 13.5 0.675 6.75 
4421:  Double_t \
  0 142.5 -85.5 626.6 27 27 0.6 54 13.5 0.675  \
  6.75 54 27 0.675 6.75 54 13.5 0.675 6.75 
4437:  Double_t \
  1 142.5 -85.5 671.6 27 27 0.6 54 13.5 0.675  \
  6.75 54 27 0.675 6.75 54 13.5 0.675 6.75 
4453:  Double_t \
  0 142.5 -85.5 716.6 27 27 0.6 54 13.5 0.675  \
  6.75 54 27 0.675 6.75 54 13.5 0.675 6.75 
4469:  Double_t \
  1 142.5 -85.5 761.6 27 27 0.6 54 13.5 0.675  \
  6.75 54 27 0.675 6.75 54 13.5 0.675 6.75 
4485:  Double_t \
  0 142.5 -85.5 811.6 27 27 0.6 54 13.5 0.675  \
  6.75 54 27 0.675 6.75 54 13.5 0.675 6.75 
4501:  Double_t \
  1 142.5 -85.5 856.6 27 27 0.6 54 13.5 0.675  \
  6.75 54 27 0.675 6.75 54 13.5 0.675 6.75 
4613:  Double_t \
  2 -142.5 85.5 441.6 27 27 0.6 54 13.5 0.675  \
  6.75 54 27 0.675 6.75 54 13.5 0.675 6.75 
4629:  Double_t \
  3 -142.5 85.5 486.6 27 27 0.6 54 13.5 0.675  \
  6.75 54 27 0.675 6.75 54 13.5 0.675 6.75 
4645:  Double_t \
  2 -142.5 85.5 531.6 27 27 0.6 54 13.5 0.675  \
  6.75 54 27 0.675 6.75 54 13.5 0.675 6.75 
4661:  Double_t \
  3 -142.5 85.5 576.6 27 27 0.6 54 13.5 0.675  \
  6.75 54 27 0.675 6.75 54 13.5 0.675 6.75 
4677:  Double_t \
  2 -142.5 85.5 626.6 27 27 0.6 54 13.5 0.675  \
  6.75 54 27 0.675 6.75 54 13.5 0.675 6.75 
4693:  Double_t \
  3 -142.5 85.5 671.6 27 27 0.6 54 13.5 0.675  \
  6.75 54 27 0.675 6.75 54 13.5 0.675 6.75 
4709:  Double_t \
  2 -142.5 85.5 716.6 27 27 0.6 54 13.5 0.675  \
  6.75 54 27 0.675 6.75 54 13.5 0.675 6.75 
4725:  Double_t \
  3 -142.5 85.5 761.6 27 27 0.6 54 13.5 0.675  \
  6.75 54 27 0.675 6.75 54 13.5 0.675 6.75 
4741:  Double_t \
  2 -142.5 85.5 811.6 27 27 0.6 54 13.5 0.675  \
  6.75 54 27 0.675 6.75 54 13.5 0.675 6.75 
4757:  Double_t \
  3 -142.5 85.5 856.6 27 27 0.6 54 13.5 0.675  \
  6.75 54 27 0.675 6.75 54 13.5 0.675 6.75 
4869:  Double_t \
  2 142.5 85.5 441.6 27 27 0.6 54 13.5 0.675  \
  6.75 54 27 0.675 6.75 54 13.5 0.675 6.75 
4885:  Double_t \
  1 142.5 85.5 486.6 27 27 0.6 54 13.5 0.675  \
  6.75 54 27 0.675 6.75 54 13.5 0.675 6.75 
4901:  Double_t \
  2 142.5 85.5 531.6 27 27 0.6 54 13.5 0.675  \
  6.75 54 27 0.675 6.75 54 13.5 0.675 6.75 
4917:  Double_t \
  1 142.5 85.5 576.6 27 27 0.6 54 13.5 0.675  \
  6.75 54 27 0.675 6.75 54 13.5 0.675 6.75 
4933:  Double_t \
  2 142.5 85.5 626.6 27 27 0.6 54 13.5 0.675  \
  6.75 54 27 0.675 6.75 54 13.5 0.675 6.75 
4949:  Double_t \
  1 142.5 85.5 671.6 27 27 0.6 54 13.5 0.675  \
  6.75 54 27 0.675 6.75 54 13.5 0.675 6.75 
4965:  Double_t \
  2 142.5 85.5 716.6 27 27 0.6 54 13.5 0.675  \
  6.75 54 27 0.675 6.75 54 13.5 0.675 6.75 
4981:  Double_t \
  1 142.5 85.5 761.6 27 27 0.6 54 13.5 0.675  \
  6.75 54 27 0.675 6.75 54 13.5 0.675 6.75 
4997:  Double_t \
  2 142.5 85.5 811.6 27 27 0.6 54 13.5 0.675  \
  6.75 54 27 0.675 6.75 54 13.5 0.675 6.75 
5013:  Double_t \
  1 142.5 85.5 856.6 27 27 0.6 54 13.5 0.675  \
  6.75 54 27 0.675 6.75 54 13.5 0.675 6.75 
5125:  Double_t \
  0 -228 -57 441.6 55 55 0.6 110 24 0.6875  \
  8 110 62 0.6875 7.75 110 24 0.6875 8 
5141:  Double_t \
  3 -228 -57 486.6 55 55 0.6 110 24 0.6875  \
  8 110 62 0.6875 7.75 110 24 0.6875 8 
5157:  Double_t \
  0 -228 -57 531.6 55 55 0.6 110 24 0.6875  \
  8 110 62 0.6875 7.75 110 24 0.6875 8 
5173:  Double_t \
  3 -228 -57 576.6 55 55 0.6 110 24 0.6875  \
  8 110 62 0.6875 7.75 110 24 0.6875 8 
5189:  Double_t \
  0 -228 -57 626.6 55 55 0.6 110 24 0.6875  \
  8 110 62 0.6875 7.75 110 24 0.6875 8 
5205:  Double_t \
  3 -228 -57 671.6 55 55 0.6 110 24 0.6875  \
  8 110 62 0.6875 7.75 110 24 0.6875 8 
5221:  Double_t \
  0 -228 -57 716.6 55 55 0.6 110 24 0.6875  \
  8 110 62 0.6875 7.75 110 24 0.6875 8 
5237:  Double_t \
  3 -228 -57 761.6 55 55 0.6 110 24 0.6875  \
  8 110 62 0.6875 7.75 110 24 0.6875 8 
5253:  Double_t \
  0 -228 -57 811.6 55 55 0.6 110 40 0.6875  \
  4 110 30 0.6875 3.75 110 40 0.6875 4 
5269:  Double_t \
  3 -228 -57 856.6 55 55 0.6 110 40 0.6875  \
  4 110 30 0.6875 3.75 110 40 0.6875 4 
5381:  Double_t \
  0 228 -57 441.6 55 55 0.6 110 24 0.6875  \
  8 110 62 0.6875 7.75 110 24 0.6875 8 
5397:  Double_t \
  1 228 -57 486.6 55 55 0.6 110 24 0.6875  \
  8 110 62 0.6875 7.75 110 24 0.6875 8 
5413:  Double_t \
  0 228 -57 531.6 55 55 0.6 110 24 0.6875  \
  8 110 62 0.6875 7.75 110 24 0.6875 8 
5429:  Double_t \
  1 228 -57 576.6 55 55 0.6 110 24 0.6875  \
  8 110 62 0.6875 7.75 110 24 0.6875 8 
5445:  Double_t \
  0 228 -57 626.6 55 55 0.6 110 24 0.6875  \
  8 110 62 0.6875 7.75 110 24 0.6875 8 
5461:  Double_t \
  1 228 -57 671.6 55 55 0.6 110 24 0.6875  \
  8 110 62 0.6875 7.75 110 24 0.6875 8 
5477:  Double_t \
  0 228 -57 716.6 55 55 0.6 110 24 0.6875  \
  8 110 62 0.6875 7.75 110 24 0.6875 8 
5493:  Double_t \
  1 228 -57 761.6 55 55 0.6 110 24 0.6875  \
  8 110 62 0.6875 7.75 110 24 0.6875 8 
5509:  Double_t \
  0 228 -57 811.6 55 55 0.6 110 40 0.6875  \
  4 110 30 0.6875 3.75 110 40 0.6875 4 
5525:  Double_t \
  1 228 -57 856.6 55 55 0.6 110 40 0.6875  \
  4 110 30 0.6875 3.75 110 40 0.6875 4 
5637:  Double_t \
  2 -228 57 441.6 55 55 0.6 110 24 0.6875  \
  8 110 62 0.6875 7.75 110 24 0.6875 8 
5653:  Double_t \
  3 -228 57 486.6 55 55 0.6 110 24 0.6875  \
  8 110 62 0.6875 7.75 110 24 0.6875 8 
5669:  Double_t \
  2 -228 57 531.6 55 55 0.6 110 24 0.6875  \
  8 110 62 0.6875 7.75 110 24 0.6875 8 
5685:  Double_t \
  3 -228 57 576.6 55 55 0.6 110 24 0.6875  \
  8 110 62 0.6875 7.75 110 24 0.6875 8 
5701:  Double_t \
  2 -228 57 626.6 55 55 0.6 110 24 0.6875  \
  8 110 62 0.6875 7.75 110 24 0.6875 8 
5717:  Double_t \
  3 -228 57 671.6 55 55 0.6 110 24 0.6875  \
  8 110 62 0.6875 7.75 110 24 0.6875 8 
5733:  Double_t \
  2 -228 57 716.6 55 55 0.6 110 24 0.6875  \
  8 110 62 0.6875 7.75 110 24 0.6875 8 
5749:  Double_t \
  3 -228 57 761.6 55 55 0.6 110 24 0.6875  \
  8 110 62 0.6875 7.75 110 24 0.6875 8 
5765:  Double_t \
  2 -228 57 811.6 55 55 0.6 110 40 0.6875  \
  4 110 30 0.6875 3.75 110 40 0.6875 4 
5781:  Double_t \
  3 -228 57 856.6 55 55 0.6 110 40 0.6875  \
  4 110 30 0.6875 3.75 110 40 0.6875 4 
5893:  Double_t \
  2 228 57 441.6 55 55 0.6 110 24 0.6875  \
  8 110 62 0.6875 7.75 110 24 0.6875 8 
5909:  Double_t \
  1 228 57 486.6 55 55 0.6 110 24 0.6875  \
  8 110 62 0.6875 7.75 110 24 0.6875 8 
5925:  Double_t \
  2 228 57 531.6 55 55 0.6 110 24 0.6875  \
  8 110 62 0.6875 7.75 110 24 0.6875 8 
5941:  Double_t \
  1 228 57 576.6 55 55 0.6 110 24 0.6875  \
  8 110 62 0.6875 7.75 110 24 0.6875 8 
5957:  Double_t \
  2 228 57 626.6 55 55 0.6 110 24 0.6875  \
  8 110 62 0.6875 7.75 110 24 0.6875 8 
5973:  Double_t \
  1 228 57 671.6 55 55 0.6 110 24 0.6875  \
  8 110 62 0.6875 7.75 110 24 0.6875 8 
5989:  Double_t \
  2 228 57 716.6 55 55 0.6 110 24 0.6875  \
  8 110 62 0.6875 7.75 110 24 0.6875 8 
6005:  Double_t \
  1 228 57 761.6 55 55 0.6 110 24 0.6875  \
  8 110 62 0.6875 7.75 110 24 0.6875 8 
6021:  Double_t \
  2 228 57 811.6 55 55 0.6 110 40 0.6875  \
  4 110 30 0.6875 3.75 110 40 0.6875 4 
6037:  Double_t \
  1 228 57 856.6 55 55 0.6 110 40 0.6875  \
  4 110 30 0.6875 3.75 110 40 0.6875 4 
6149:  Double_t \
  0 -114 -171 441.6 55 55 0.6 110 27.5 0.6875  \
  13.75 110 55 0.6875 13.75 110 27.5 0.6875 13.75 
6165:  Double_t \
  3 -114 -171 486.6 55 55 0.6 110 27.5 0.6875  \
  13.75 110 55 0.6875 13.75 110 27.5 0.6875 13.75 
6181:  Double_t \
  0 -114 -171 531.6 55 55 0.6 110 27.5 0.6875  \
  13.75 110 55 0.6875 13.75 110 27.5 0.6875 13.75 
6197:  Double_t \
  3 -114 -171 576.6 55 55 0.6 110 27.5 0.6875  \
  13.75 110 55 0.6875 13.75 110 27.5 0.6875 13.75 
6213:  Double_t \
  0 -228 -171 626.6 55 55 0.6 110 27.5 0.6875  \
  13.75 110 55 0.6875 13.75 110 27.5 0.6875 13.75 
6229:  Double_t \
  3 -228 -171 671.6 55 55 0.6 110 27.5 0.6875  \
  13.75 110 55 0.6875 13.75 110 27.5 0.6875 13.75 
6245:  Double_t \
  0 -228 -171 716.6 55 55 0.6 110 27.5 0.6875  \
  13.75 110 55 0.6875 13.75 110 27.5 0.6875 13.75 
6261:  Double_t \
  3 -228 -171 761.6 55 55 0.6 110 27.5 0.6875  \
  13.75 110 55 0.6875 13.75 110 27.5 0.6875 13.75 
6277:  Double_t \
  0 -114 -171 811.6 55 55 0.6 110 24 0.6875  \
  8 110 62 0.6875 7.75 110 24 0.6875 8 
6293:  Double_t \
  3 -114 -171 856.6 55 55 0.6 110 24 0.6875  \
  8 110 62 0.6875 7.75 110 24 0.6875 8 
6405:  Double_t \
  0 0 -171 441.6 55 55 0.6 110 27.5 0.6875  \
  13.75 110 55 0.6875 13.75 110 27.5 0.6875 13.75 
6421:  Double_t \
  1 0 -171 486.6 55 55 0.6 110 27.5 0.6875  \
  13.75 110 55 0.6875 13.75 110 27.5 0.6875 13.75 
6437:  Double_t \
  0 0 -171 531.6 55 55 0.6 110 27.5 0.6875  \
  13.75 110 55 0.6875 13.75 110 27.5 0.6875 13.75 
6453:  Double_t \
  1 0 -171 576.6 55 55 0.6 110 27.5 0.6875  \
  13.75 110 55 0.6875 13.75 110 27.5 0.6875 13.75 
6469:  Double_t \
  0 -114 -171 626.6 55 55 0.6 110 27.5 0.6875  \
  13.75 110 55 0.6875 13.75 110 27.5 0.6875 13.75 
6485:  Double_t \
  3 -114 -171 671.6 55 55 0.6 110 27.5 0.6875  \
  13.75 110 55 0.6875 13.75 110 27.5 0.6875 13.75 
6501:  Double_t \
  0 -114 -171 716.6 55 55 0.6 110 27.5 0.6875  \
  13.75 110 55 0.6875 13.75 110 27.5 0.6875 13.75 
6517:  Double_t \
  3 -114 -171 761.6 55 55 0.6 110 27.5 0.6875  \
  13.75 110 55 0.6875 13.75 110 27.5 0.6875 13.75 
6533:  Double_t \
  0 0 -171 811.6 55 55 0.6 110 24 0.6875  \
  8 110 62 0.6875 7.75 110 24 0.6875 8 
6549:  Double_t \
  1 0 -171 856.6 55 55 0.6 110 24 0.6875  \
  8 110 62 0.6875 7.75 110 24 0.6875 8 
6661:  Double_t \
  0 114 -171 441.6 55 55 0.6 110 27.5 0.6875  \
  13.75 110 55 0.6875 13.75 110 27.5 0.6875 13.75 
6677:  Double_t \
  1 114 -171 486.6 55 55 0.6 110 27.5 0.6875  \
  13.75 110 55 0.6875 13.75 110 27.5 0.6875 13.75 
6693:  Double_t \
  0 114 -171 531.6 55 55 0.6 110 27.5 0.6875  \
  13.75 110 55 0.6875 13.75 110 27.5 0.6875 13.75 
6709:  Double_t \
  1 114 -171 576.6 55 55 0.6 110 27.5 0.6875  \
  13.75 110 55 0.6875 13.75 110 27.5 0.6875 13.75 
6725:  Double_t \
  0 0 -171 626.6 55 55 0.6 110 27.5 0.6875  \
  13.75 110 55 0.6875 13.75 110 27.5 0.6875 13.75 
6741:  Double_t \
  1 0 -171 671.6 55 55 0.6 110 27.5 0.6875  \
  13.75 110 55 0.6875 13.75 110 27.5 0.6875 13.75 
6757:  Double_t \
  0 0 -171 716.6 55 55 0.6 110 27.5 0.6875  \
  13.75 110 55 0.6875 13.75 110 27.5 0.6875 13.75 
6773:  Double_t \
  1 0 -171 761.6 55 55 0.6 110 27.5 0.6875  \
  13.75 110 55 0.6875 13.75 110 27.5 0.6875 13.75 
6789:  Double_t \
  0 114 -171 811.6 55 55 0.6 110 24 0.6875  \
  8 110 62 0.6875 7.75 110 24 0.6875 8 
6805:  Double_t \
  1 114 -171 856.6 55 55 0.6 110 24 0.6875  \
  8 110 62 0.6875 7.75 110 24 0.6875 8 
6917:  Double_t \
  2 -114 171 441.6 55 55 0.6 110 27.5 0.6875  \
  13.75 110 55 0.6875 13.75 110 27.5 0.6875 13.75 
6933:  Double_t \
  3 -114 171 486.6 55 55 0.6 110 27.5 0.6875  \
  13.75 110 55 0.6875 13.75 110 27.5 0.6875 13.75 
6949:  Double_t \
  2 -114 171 531.6 55 55 0.6 110 27.5 0.6875  \
  13.75 110 55 0.6875 13.75 110 27.5 0.6875 13.75 
6965:  Double_t \
  3 -114 171 576.6 55 55 0.6 110 27.5 0.6875  \
  13.75 110 55 0.6875 13.75 110 27.5 0.6875 13.75 
6981:  Double_t \
  0 114 -171 626.6 55 55 0.6 110 27.5 0.6875  \
  13.75 110 55 0.6875 13.75 110 27.5 0.6875 13.75 
6997:  Double_t \
  1 114 -171 671.6 55 55 0.6 110 27.5 0.6875  \
  13.75 110 55 0.6875 13.75 110 27.5 0.6875 13.75 
7013:  Double_t \
  0 114 -171 716.6 55 55 0.6 110 27.5 0.6875  \
  13.75 110 55 0.6875 13.75 110 27.5 0.6875 13.75 
7029:  Double_t \
  1 114 -171 761.6 55 55 0.6 110 27.5 0.6875  \
  13.75 110 55 0.6875 13.75 110 27.5 0.6875 13.75 
7045:  Double_t \
  0 -342 -57 811.6 55 55 0.6 110 24 0.6875  \
  8 110 62 0.6875 7.75 110 24 0.6875 8 
7061:  Double_t \
  3 -342 -57 856.6 55 55 0.6 110 24 0.6875  \
  8 110 62 0.6875 7.75 110 24 0.6875 8 
7173:  Double_t \
  2 0 171 441.6 55 55 0.6 110 27.5 0.6875  \
  13.75 110 55 0.6875 13.75 110 27.5 0.6875 13.75 
7189:  Double_t \
  1 0 171 486.6 55 55 0.6 110 27.5 0.6875  \
  13.75 110 55 0.6875 13.75 110 27.5 0.6875 13.75 
7205:  Double_t \
  2 0 171 531.6 55 55 0.6 110 27.5 0.6875  \
  13.75 110 55 0.6875 13.75 110 27.5 0.6875 13.75 
7221:  Double_t \
  1 0 171 576.6 55 55 0.6 110 27.5 0.6875  \
  13.75 110 55 0.6875 13.75 110 27.5 0.6875 13.75 
7237:  Double_t \
  0 228 -171 626.6 55 55 0.6 110 27.5 0.6875  \
  13.75 110 55 0.6875 13.75 110 27.5 0.6875 13.75 
7253:  Double_t \
  1 228 -171 671.6 55 55 0.6 110 27.5 0.6875  \
  13.75 110 55 0.6875 13.75 110 27.5 0.6875 13.75 
7269:  Double_t \
  0 228 -171 716.6 55 55 0.6 110 27.5 0.6875  \
  13.75 110 55 0.6875 13.75 110 27.5 0.6875 13.75 
7285:  Double_t \
  1 228 -171 761.6 55 55 0.6 110 27.5 0.6875  \
  13.75 110 55 0.6875 13.75 110 27.5 0.6875 13.75 
7301:  Double_t \
  0 342 -57 811.6 55 55 0.6 110 24 0.6875  \
  8 110 62 0.6875 7.75 110 24 0.6875 8 
7317:  Double_t \
  1 342 -57 856.6 55 55 0.6 110 24 0.6875  \
  8 110 62 0.6875 7.75 110 24 0.6875 8 
7429:  Double_t \
  2 114 171 441.6 55 55 0.6 110 27.5 0.6875  \
  13.75 110 55 0.6875 13.75 110 27.5 0.6875 13.75 
7445:  Double_t \
  1 114 171 486.6 55 55 0.6 110 27.5 0.6875  \
  13.75 110 55 0.6875 13.75 110 27.5 0.6875 13.75 
7461:  Double_t \
  2 114 171 531.6 55 55 0.6 110 27.5 0.6875  \
  13.75 110 55 0.6875 13.75 110 27.5 0.6875 13.75 
7477:  Double_t \
  1 114 171 576.6 55 55 0.6 110 27.5 0.6875  \
  13.75 110 55 0.6875 13.75 110 27.5 0.6875 13.75 
7493:  Double_t \
  0 -342 -57 626.6 55 55 0.6 110 27.5 0.6875  \
  13.75 110 55 0.6875 13.75 110 27.5 0.6875 13.75 
7509:  Double_t \
  3 -342 -57 671.6 55 55 0.6 110 27.5 0.6875  \
  13.75 110 55 0.6875 13.75 110 27.5 0.6875 13.75 
7525:  Double_t \
  0 -342 -57 716.6 55 55 0.6 110 27.5 0.6875  \
  13.75 110 55 0.6875 13.75 110 27.5 0.6875 13.75 
7541:  Double_t \
  3 -342 -57 761.6 55 55 0.6 110 27.5 0.6875  \
  13.75 110 55 0.6875 13.75 110 27.5 0.6875 13.75 
7557:  Double_t \
  2 -342 57 811.6 55 55 0.6 110 24 0.6875  \
  8 110 62 0.6875 7.75 110 24 0.6875 8 
7573:  Double_t \
  3 -342 57 856.6 55 55 0.6 110 24 0.6875  \
  8 110 62 0.6875 7.75 110 24 0.6875 8 
7685:  Double_t \
  0 -342 -171 441.6 55 55 0.6 110 18.5 0.6875  \
  18.5 110 73 0.6875 18.25 110 18.5 0.6875 18.5 
7701:  Double_t \
  3 -342 -171 486.6 55 55 0.6 110 18.5 0.6875  \
  18.5 110 73 0.6875 18.25 110 18.5 0.6875 18.5 
7717:  Double_t \
  0 -342 -171 531.6 55 55 0.6 110 18.5 0.6875  \
  18.5 110 73 0.6875 18.25 110 18.5 0.6875 18.5 
7733:  Double_t \
  3 -342 -171 576.6 55 55 0.6 110 18.5 0.6875  \
  18.5 110 73 0.6875 18.25 110 18.5 0.6875 18.5 
7749:  Double_t \
  0 342 -57 626.6 55 55 0.6 110 27.5 0.6875  \
  13.75 110 55 0.6875 13.75 110 27.5 0.6875 13.75 
7765:  Double_t \
  1 342 -57 671.6 55 55 0.6 110 27.5 0.6875  \
  13.75 110 55 0.6875 13.75 110 27.5 0.6875 13.75 
7781:  Double_t \
  0 342 -57 716.6 55 55 0.6 110 27.5 0.6875  \
  13.75 110 55 0.6875 13.75 110 27.5 0.6875 13.75 
7797:  Double_t \
  1 342 -57 761.6 55 55 0.6 110 27.5 0.6875  \
  13.75 110 55 0.6875 13.75 110 27.5 0.6875 13.75 
7813:  Double_t \
  2 342 57 811.6 55 55 0.6 110 24 0.6875  \
  8 110 62 0.6875 7.75 110 24 0.6875 8 
7829:  Double_t \
  1 342 57 856.6 55 55 0.6 110 24 0.6875  \
  8 110 62 0.6875 7.75 110 24 0.6875 8 
7941:  Double_t \
  0 -228 -171 441.6 55 55 0.6 110 18.5 0.6875  \
  18.5 110 73 0.6875 18.25 110 18.5 0.6875 18.5 
7957:  Double_t \
  3 -228 -171 486.6 55 55 0.6 110 18.5 0.6875  \
  18.5 110 73 0.6875 18.25 110 18.5 0.6875 18.5 
7973:  Double_t \
  0 -228 -171 531.6 55 55 0.6 110 18.5 0.6875  \
  18.5 110 73 0.6875 18.25 110 18.5 0.6875 18.5 
7989:  Double_t \
  3 -228 -171 576.6 55 55 0.6 110 18.5 0.6875  \
  18.5 110 73 0.6875 18.25 110 18.5 0.6875 18.5 
8005:  Double_t \
  2 -342 57 626.6 55 55 0.6 110 27.5 0.6875  \
  13.75 110 55 0.6875 13.75 110 27.5 0.6875 13.75 
8021:  Double_t \
  3 -342 57 671.6 55 55 0.6 110 27.5 0.6875  \
  13.75 110 55 0.6875 13.75 110 27.5 0.6875 13.75 
8037:  Double_t \
  2 -342 57 716.6 55 55 0.6 110 27.5 0.6875  \
  13.75 110 55 0.6875 13.75 110 27.5 0.6875 13.75 
8053:  Double_t \
  3 -342 57 761.6 55 55 0.6 110 27.5 0.6875  \
  13.75 110 55 0.6875 13.75 110 27.5 0.6875 13.75 
8069:  Double_t \
  2 -114 171 811.6 55 55 0.6 110 24 0.6875  \
  8 110 62 0.6875 7.75 110 24 0.6875 8 
8085:  Double_t \
  3 -114 171 856.6 55 55 0.6 110 24 0.6875  \
  8 110 62 0.6875 7.75 110 24 0.6875 8 
8197:  Double_t \
  0 228 -171 441.6 55 55 0.6 110 18.5 0.6875  \
  18.5 110 73 0.6875 18.25 110 18.5 0.6875 18.5 
8213:  Double_t \
  1 228 -171 486.6 55 55 0.6 110 18.5 0.6875  \
  18.5 110 73 0.6875 18.25 110 18.5 0.6875 18.5 
8229:  Double_t \
  0 228 -171 531.6 55 55 0.6 110 18.5 0.6875  \
  18.5 110 73 0.6875 18.25 110 18.5 0.6875 18.5 
8245:  Double_t \
  1 228 -171 576.6 55 55 0.6 110 18.5 0.6875  \
  18.5 110 73 0.6875 18.25 110 18.5 0.6875 18.5 
8261:  Double_t \
  2 342 57 626.6 55 55 0.6 110 27.5 0.6875  \
  13.75 110 55 0.6875 13.75 110 27.5 0.6875 13.75 
8277:  Double_t \
  1 342 57 671.6 55 55 0.6 110 27.5 0.6875  \
  13.75 110 55 0.6875 13.75 110 27.5 0.6875 13.75 
8293:  Double_t \
  2 342 57 716.6 55 55 0.6 110 27.5 0.6875  \
  13.75 110 55 0.6875 13.75 110 27.5 0.6875 13.75 
8309:  Double_t \
  1 342 57 761.6 55 55 0.6 110 27.5 0.6875  \
  13.75 110 55 0.6875 13.75 110 27.5 0.6875 13.75 
8325:  Double_t \
  2 0 171 811.6 55 55 0.6 110 24 0.6875  \
  8 110 62 0.6875 7.75 110 24 0.6875 8 
8341:  Double_t \
  1 0 171 856.6 55 55 0.6 110 24 0.6875  \
  8 110 62 0.6875 7.75 110 24 0.6875 8 
8453:  Double_t \
  0 342 -171 441.6 55 55 0.6 110 18.5 0.6875  \
  18.5 110 73 0.6875 18.25 110 18.5 0.6875 18.5 
8469:  Double_t \
  1 342 -171 486.6 55 55 0.6 110 18.5 0.6875  \
  18.5 110 73 0.6875 18.25 110 18.5 0.6875 18.5 
8485:  Double_t \
  0 342 -171 531.6 55 55 0.6 110 18.5 0.6875  \
  18.5 110 73 0.6875 18.25 110 18.5 0.6875 18.5 
8501:  Double_t \
  1 342 -171 576.6 55 55 0.6 110 18.5 0.6875  \
  18.5 110 73 0.6875 18.25 110 18.5 0.6875 18.5 
8517:  Double_t \
  2 -228 171 626.6 55 55 0.6 110 27.5 0.6875  \
  13.75 110 55 0.6875 13.75 110 27.5 0.6875 13.75 
8533:  Double_t \
  3 -228 171 671.6 55 55 0.6 110 27.5 0.6875  \
  13.75 110 55 0.6875 13.75 110 27.5 0.6875 13.75 
8549:  Double_t \
  2 -228 171 716.6 55 55 0.6 110 27.5 0.6875  \
  13.75 110 55 0.6875 13.75 110 27.5 0.6875 13.75 
8565:  Double_t \
  3 -228 171 761.6 55 55 0.6 110 27.5 0.6875  \
  13.75 110 55 0.6875 13.75 110 27.5 0.6875 13.75 
8581:  Double_t \
  2 114 171 811.6 55 55 0.6 110 24 0.6875  \
  8 110 62 0.6875 7.75 110 24 0.6875 8 
8597:  Double_t \
  1 114 171 856.6 55 55 0.6 110 24 0.6875  \
  8 110 62 0.6875 7.75 110 24 0.6875 8 
8709:  Double_t \
  0 -342 -57 441.6 55 55 0.6 110 18.5 0.6875  \
  18.5 110 73 0.6875 18.25 110 18.5 0.6875 18.5 
8725:  Double_t \
  3 -342 -57 486.6 55 55 0.6 110 18.5 0.6875  \
  18.5 110 73 0.6875 18.25 110 18.5 0.6875 18.5 
8741:  Double_t \
  0 -342 -57 531.6 55 55 0.6 110 18.5 0.6875  \
  18.5 110 73 0.6875 18.25 110 18.5 0.6875 18.5 
8757:  Double_t \
  3 -342 -57 576.6 55 55 0.6 110 18.5 0.6875  \
  18.5 110 73 0.6875 18.25 110 18.5 0.6875 18.5 
8773:  Double_t \
  2 -114 171 626.6 55 55 0.6 110 27.5 0.6875  \
  13.75 110 55 0.6875 13.75 110 27.5 0.6875 13.75 
8789:  Double_t \
  3 -114 171 671.6 55 55 0.6 110 27.5 0.6875  \
  13.75 110 55 0.6875 13.75 110 27.5 0.6875 13.75 
8805:  Double_t \
  2 -114 171 716.6 55 55 0.6 110 27.5 0.6875  \
  13.75 110 55 0.6875 13.75 110 27.5 0.6875 13.75 
8821:  Double_t \
  3 -114 171 761.6 55 55 0.6 110 27.5 0.6875  \
  13.75 110 55 0.6875 13.75 110 27.5 0.6875 13.75 
8837:  Double_t \
  0 -228 -285 811.6 55 55 0.6 110 27.5 0.6875  \
  13.75 110 55 0.6875 13.75 110 27.5 0.6875 13.75 
8853:  Double_t \
  3 -228 -285 856.6 55 55 0.6 110 27.5 0.6875  \
  13.75 110 55 0.6875 13.75 110 27.5 0.6875 13.75 
8965:  Double_t \
  0 342 -57 441.6 55 55 0.6 110 18.5 0.6875  \
  18.5 110 73 0.6875 18.25 110 18.5 0.6875 18.5 
8981:  Double_t \
  1 342 -57 486.6 55 55 0.6 110 18.5 0.6875  \
  18.5 110 73 0.6875 18.25 110 18.5 0.6875 18.5 
8997:  Double_t \
  0 342 -57 531.6 55 55 0.6 110 18.5 0.6875  \
  18.5 110 73 0.6875 18.25 110 18.5 0.6875 18.5 
9013:  Double_t \
  1 342 -57 576.6 55 55 0.6 110 18.5 0.6875  \
  18.5 110 73 0.6875 18.25 110 18.5 0.6875 18.5 
9029:  Double_t \
  2 0 171 626.6 55 55 0.6 110 27.5 0.6875  \
  13.75 110 55 0.6875 13.75 110 27.5 0.6875 13.75 
9045:  Double_t \
  1 0 171 671.6 55 55 0.6 110 27.5 0.6875  \
  13.75 110 55 0.6875 13.75 110 27.5 0.6875 13.75 
9061:  Double_t \
  2 0 171 716.6 55 55 0.6 110 27.5 0.6875  \
  13.75 110 55 0.6875 13.75 110 27.5 0.6875 13.75 
9077:  Double_t \
  1 0 171 761.6 55 55 0.6 110 27.5 0.6875  \
  13.75 110 55 0.6875 13.75 110 27.5 0.6875 13.75 
9093:  Double_t \
  0 -114 -285 811.6 55 55 0.6 110 27.5 0.6875  \
  13.75 110 55 0.6875 13.75 110 27.5 0.6875 13.75 
9109:  Double_t \
  3 -114 -285 856.6 55 55 0.6 110 27.5 0.6875  \
  13.75 110 55 0.6875 13.75 110 27.5 0.6875 13.75 
9221:  Double_t \
  2 -342 57 441.6 55 55 0.6 110 18.5 0.6875  \
  18.5 110 73 0.6875 18.25 110 18.5 0.6875 18.5 
9237:  Double_t \
  3 -342 57 486.6 55 55 0.6 110 18.5 0.6875  \
  18.5 110 73 0.6875 18.25 110 18.5 0.6875 18.5 
9253:  Double_t \
  2 -342 57 531.6 55 55 0.6 110 18.5 0.6875  \
  18.5 110 73 0.6875 18.25 110 18.5 0.6875 18.5 
9269:  Double_t \
  3 -342 57 576.6 55 55 0.6 110 18.5 0.6875  \
  18.5 110 73 0.6875 18.25 110 18.5 0.6875 18.5 
9285:  Double_t \
  2 114 171 626.6 55 55 0.6 110 27.5 0.6875  \
  13.75 110 55 0.6875 13.75 110 27.5 0.6875 13.75 
9301:  Double_t \
  1 114 171 671.6 55 55 0.6 110 27.5 0.6875  \
  13.75 110 55 0.6875 13.75 110 27.5 0.6875 13.75 
9317:  Double_t \
  2 114 171 716.6 55 55 0.6 110 27.5 0.6875  \
  13.75 110 55 0.6875 13.75 110 27.5 0.6875 13.75 
9333:  Double_t \
  1 114 171 761.6 55 55 0.6 110 27.5 0.6875  \
  13.75 110 55 0.6875 13.75 110 27.5 0.6875 13.75 
9349:  Double_t \
  0 0 -285 811.6 55 55 0.6 110 27.5 0.6875  \
  13.75 110 55 0.6875 13.75 110 27.5 0.6875 13.75 
9365:  Double_t \
  1 0 -285 856.6 55 55 0.6 110 27.5 0.6875  \
  13.75 110 55 0.6875 13.75 110 27.5 0.6875 13.75 
9477:  Double_t \
  2 342 57 441.6 55 55 0.6 110 18.5 0.6875  \
  18.5 110 73 0.6875 18.25 110 18.5 0.6875 18.5 
9493:  Double_t \
  1 342 57 486.6 55 55 0.6 110 18.5 0.6875  \
  18.5 110 73 0.6875 18.25 110 18.5 0.6875 18.5 
9509:  Double_t \
  2 342 57 531.6 55 55 0.6 110 18.5 0.6875  \
  18.5 110 73 0.6875 18.25 110 18.5 0.6875 18.5 
9525:  Double_t \
  1 342 57 576.6 55 55 0.6 110 18.5 0.6875  \
  18.5 110 73 0.6875 18.25 110 18.5 0.6875 18.5 
9541:  Double_t \
  2 228 171 626.6 55 55 0.6 110 27.5 0.6875  \
  13.75 110 55 0.6875 13.75 110 27.5 0.6875 13.75 
9557:  Double_t \
  1 228 171 671.6 55 55 0.6 110 27.5 0.6875  \
  13.75 110 55 0.6875 13.75 110 27.5 0.6875 13.75 
9573:  Double_t \
  2 228 171 716.6 55 55 0.6 110 27.5 0.6875  \
  13.75 110 55 0.6875 13.75 110 27.5 0.6875 13.75 
9589:  Double_t \
  1 228 171 761.6 55 55 0.6 110 27.5 0.6875  \
  13.75 110 55 0.6875 13.75 110 27.5 0.6875 13.75 
9605:  Double_t \
  0 114 -285 811.6 55 55 0.6 110 27.5 0.6875  \
  13.75 110 55 0.6875 13.75 110 27.5 0.6875 13.75 
9621:  Double_t \
  1 114 -285 856.6 55 55 0.6 110 27.5 0.6875  \
  13.75 110 55 0.6875 13.75 110 27.5 0.6875 13.75 
9733:  Double_t \
  2 -342 171 441.6 55 55 0.6 110 18.5 0.6875  \
  18.5 110 73 0.6875 18.25 110 18.5 0.6875 18.5 
9749:  Double_t \
  3 -342 171 486.6 55 55 0.6 110 18.5 0.6875  \
  18.5 110 73 0.6875 18.25 110 18.5 0.6875 18.5 
9765:  Double_t \
  2 -342 171 531.6 55 55 0.6 110 18.5 0.6875  \
  18.5 110 73 0.6875 18.25 110 18.5 0.6875 18.5 
9781:  Double_t \
  3 -342 171 576.6 55 55 0.6 110 18.5 0.6875  \
  18.5 110 73 0.6875 18.25 110 18.5 0.6875 18.5 
9797:  Double_t \
  0 -456 -285 626.6 55 55 0.6 110 18.5 0.6875  \
  18.5 110 73 0.6875 18.25 110 18.5 0.6875 18.5 
9813:  Double_t \
  3 -456 -285 671.6 55 55 0.6 110 18.5 0.6875  \
  18.5 110 73 0.6875 18.25 110 18.5 0.6875 18.5 
9829:  Double_t \
  0 -456 -285 716.6 55 55 0.6 110 18.5 0.6875  \
  18.5 110 73 0.6875 18.25 110 18.5 0.6875 18.5 
9845:  Double_t \
  3 -456 -285 761.6 55 55 0.6 110 18.5 0.6875  \
  18.5 110 73 0.6875 18.25 110 18.5 0.6875 18.5 
9861:  Double_t \
  0 228 -285 811.6 55 55 0.6 110 27.5 0.6875  \
  13.75 110 55 0.6875 13.75 110 27.5 0.6875 13.75 
9877:  Double_t \
  1 228 -285 856.6 55 55 0.6 110 27.5 0.6875  \
  13.75 110 55 0.6875 13.75 110 27.5 0.6875 13.75 
9989:  Double_t \
  2 -228 171 441.6 55 55 0.6 110 18.5 0.6875  \
  18.5 110 73 0.6875 18.25 110 18.5 0.6875 18.5 
10005:  Double_t \
  3 -228 171 486.6 55 55 0.6 110 18.5 0.6875  \
  18.5 110 73 0.6875 18.25 110 18.5 0.6875 18.5 
10021:  Double_t \
  2 -228 171 531.6 55 55 0.6 110 18.5 0.6875  \
  18.5 110 73 0.6875 18.25 110 18.5 0.6875 18.5 
10037:  Double_t \
  3 -228 171 576.6 55 55 0.6 110 18.5 0.6875  \
  18.5 110 73 0.6875 18.25 110 18.5 0.6875 18.5 
10053:  Double_t \
  0 -342 -285 626.6 55 55 0.6 110 18.5 0.6875  \
  18.5 110 73 0.6875 18.25 110 18.5 0.6875 18.5 
10069:  Double_t \
  3 -342 -285 671.6 55 55 0.6 110 18.5 0.6875  \
  18.5 110 73 0.6875 18.25 110 18.5 0.6875 18.5 
10085:  Double_t \
  0 -342 -285 716.6 55 55 0.6 110 18.5 0.6875  \
  18.5 110 73 0.6875 18.25 110 18.5 0.6875 18.5 
10101:  Double_t \
  3 -342 -285 761.6 55 55 0.6 110 18.5 0.6875  \
  18.5 110 73 0.6875 18.25 110 18.5 0.6875 18.5 
10117:  Double_t \
  0 -342 -171 811.6 55 55 0.6 110 27.5 0.6875  \
  13.75 110 55 0.6875 13.75 110 27.5 0.6875 13.75 
10133:  Double_t \
  3 -342 -171 856.6 55 55 0.6 110 27.5 0.6875  \
  13.75 110 55 0.6875 13.75 110 27.5 0.6875 13.75 
10245:  Double_t \
  2 228 171 441.6 55 55 0.6 110 18.5 0.6875  \
  18.5 110 73 0.6875 18.25 110 18.5 0.6875 18.5 
10261:  Double_t \
  1 228 171 486.6 55 55 0.6 110 18.5 0.6875  \
  18.5 110 73 0.6875 18.25 110 18.5 0.6875 18.5 
10277:  Double_t \
  2 228 171 531.6 55 55 0.6 110 18.5 0.6875  \
  18.5 110 73 0.6875 18.25 110 18.5 0.6875 18.5 
10293:  Double_t \
  1 228 171 576.6 55 55 0.6 110 18.5 0.6875  \
  18.5 110 73 0.6875 18.25 110 18.5 0.6875 18.5 
10309:  Double_t \
  0 -228 -285 626.6 55 55 0.6 110 18.5 0.6875  \
  18.5 110 73 0.6875 18.25 110 18.5 0.6875 18.5 
10325:  Double_t \
  3 -228 -285 671.6 55 55 0.6 110 18.5 0.6875  \
  18.5 110 73 0.6875 18.25 110 18.5 0.6875 18.5 
10341:  Double_t \
  0 -228 -285 716.6 55 55 0.6 110 18.5 0.6875  \
  18.5 110 73 0.6875 18.25 110 18.5 0.6875 18.5 
10357:  Double_t \
  3 -228 -285 761.6 55 55 0.6 110 18.5 0.6875  \
  18.5 110 73 0.6875 18.25 110 18.5 0.6875 18.5 
10373:  Double_t \
  0 -228 -171 811.6 55 55 0.6 110 27.5 0.6875  \
  13.75 110 55 0.6875 13.75 110 27.5 0.6875 13.75 
10389:  Double_t \
  3 -228 -171 856.6 55 55 0.6 110 27.5 0.6875  \
  13.75 110 55 0.6875 13.75 110 27.5 0.6875 13.75 
10501:  Double_t \
  2 342 171 441.6 55 55 0.6 110 18.5 0.6875  \
  18.5 110 73 0.6875 18.25 110 18.5 0.6875 18.5 
10517:  Double_t \
  1 342 171 486.6 55 55 0.6 110 18.5 0.6875  \
  18.5 110 73 0.6875 18.25 110 18.5 0.6875 18.5 
10533:  Double_t \
  2 342 171 531.6 55 55 0.6 110 18.5 0.6875  \
  18.5 110 73 0.6875 18.25 110 18.5 0.6875 18.5 
10549:  Double_t \
  1 342 171 576.6 55 55 0.6 110 18.5 0.6875  \
  18.5 110 73 0.6875 18.25 110 18.5 0.6875 18.5 
10565:  Double_t \
  0 -114 -285 626.6 55 55 0.6 110 18.5 0.6875  \
  18.5 110 73 0.6875 18.25 110 18.5 0.6875 18.5 
10581:  Double_t \
  3 -114 -285 671.6 55 55 0.6 110 18.5 0.6875  \
  18.5 110 73 0.6875 18.25 110 18.5 0.6875 18.5 
10597:  Double_t \
  0 -114 -285 716.6 55 55 0.6 110 18.5 0.6875  \
  18.5 110 73 0.6875 18.25 110 18.5 0.6875 18.5 
10613:  Double_t \
  3 -114 -285 761.6 55 55 0.6 110 18.5 0.6875  \
  18.5 110 73 0.6875 18.25 110 18.5 0.6875 18.5 
10629:  Double_t \
  0 228 -171 811.6 55 55 0.6 110 27.5 0.6875  \
  13.75 110 55 0.6875 13.75 110 27.5 0.6875 13.75 
10645:  Double_t \
  1 228 -171 856.6 55 55 0.6 110 27.5 0.6875  \
  13.75 110 55 0.6875 13.75 110 27.5 0.6875 13.75 
10821:  Double_t \
  0 0 -285 626.6 55 55 0.6 110 18.5 0.6875  \
  18.5 110 73 0.6875 18.25 110 18.5 0.6875 18.5 
10837:  Double_t \
  1 0 -285 671.6 55 55 0.6 110 18.5 0.6875  \
  18.5 110 73 0.6875 18.25 110 18.5 0.6875 18.5 
10853:  Double_t \
  0 0 -285 716.6 55 55 0.6 110 18.5 0.6875  \
  18.5 110 73 0.6875 18.25 110 18.5 0.6875 18.5 
10869:  Double_t \
  1 0 -285 761.6 55 55 0.6 110 18.5 0.6875  \
  18.5 110 73 0.6875 18.25 110 18.5 0.6875 18.5 
10885:  Double_t \
  0 342 -171 811.6 55 55 0.6 110 27.5 0.6875  \
  13.75 110 55 0.6875 13.75 110 27.5 0.6875 13.75 
10901:  Double_t \
  1 342 -171 856.6 55 55 0.6 110 27.5 0.6875  \
  13.75 110 55 0.6875 13.75 110 27.5 0.6875 13.75 
11077:  Double_t \
  0 114 -285 626.6 55 55 0.6 110 18.5 0.6875  \
  18.5 110 73 0.6875 18.25 110 18.5 0.6875 18.5 
11093:  Double_t \
  1 114 -285 671.6 55 55 0.6 110 18.5 0.6875  \
  18.5 110 73 0.6875 18.25 110 18.5 0.6875 18.5 
11109:  Double_t \
  0 114 -285 716.6 55 55 0.6 110 18.5 0.6875  \
  18.5 110 73 0.6875 18.25 110 18.5 0.6875 18.5 
11125:  Double_t \
  1 114 -285 761.6 55 55 0.6 110 18.5 0.6875  \
  18.5 110 73 0.6875 18.25 110 18.5 0.6875 18.5 
11141:  Double_t \
  0 -456 -57 811.6 55 55 0.6 110 27.5 0.6875  \
  13.75 110 55 0.6875 13.75 110 27.5 0.6875 13.75 
11157:  Double_t \
  3 -456 -57 856.6 55 55 0.6 110 27.5 0.6875  \
  13.75 110 55 0.6875 13.75 110 27.5 0.6875 13.75 
11333:  Double_t \
  0 228 -285 626.6 55 55 0.6 110 18.5 0.6875  \
  18.5 110 73 0.6875 18.25 110 18.5 0.6875 18.5 
11349:  Double_t \
  1 228 -285 671.6 55 55 0.6 110 18.5 0.6875  \
  18.5 110 73 0.6875 18.25 110 18.5 0.6875 18.5 
11365:  Double_t \
  0 228 -285 716.6 55 55 0.6 110 18.5 0.6875  \
  18.5 110 73 0.6875 18.25 110 18.5 0.6875 18.5 
11381:  Double_t \
  1 228 -285 761.6 55 55 0.6 110 18.5 0.6875  \
  18.5 110 73 0.6875 18.25 110 18.5 0.6875 18.5 
11397:  Double_t \
  0 456 -57 811.6 55 55 0.6 110 27.5 0.6875  \
  13.75 110 55 0.6875 13.75 110 27.5 0.6875 13.75 
11413:  Double_t \
  1 456 -57 856.6 55 55 0.6 110 27.5 0.6875  \
  13.75 110 55 0.6875 13.75 110 27.5 0.6875 13.75 
11589:  Double_t \
  0 342 -285 626.6 55 55 0.6 110 18.5 0.6875  \
  18.5 110 73 0.6875 18.25 110 18.5 0.6875 18.5 
11605:  Double_t \
  1 342 -285 671.6 55 55 0.6 110 18.5 0.6875  \
  18.5 110 73 0.6875 18.25 110 18.5 0.6875 18.5 
11621:  Double_t \
  0 342 -285 716.6 55 55 0.6 110 18.5 0.6875  \
  18.5 110 73 0.6875 18.25 110 18.5 0.6875 18.5 
11637:  Double_t \
  1 342 -285 761.6 55 55 0.6 110 18.5 0.6875  \
  18.5 110 73 0.6875 18.25 110 18.5 0.6875 18.5 
11653:  Double_t \
  2 -456 57 811.6 55 55 0.6 110 27.5 0.6875  \
  13.75 110 55 0.6875 13.75 110 27.5 0.6875 13.75 
11669:  Double_t \
  3 -456 57 856.6 55 55 0.6 110 27.5 0.6875  \
  13.75 110 55 0.6875 13.75 110 27.5 0.6875 13.75 
11845:  Double_t \
  0 456 -285 626.6 55 55 0.6 110 18.5 0.6875  \
  18.5 110 73 0.6875 18.25 110 18.5 0.6875 18.5 
11861:  Double_t \
  1 456 -285 671.6 55 55 0.6 110 18.5 0.6875  \
  18.5 110 73 0.6875 18.25 110 18.5 0.6875 18.5 
11877:  Double_t \
  0 456 -285 716.6 55 55 0.6 110 18.5 0.6875  \
  18.5 110 73 0.6875 18.25 110 18.5 0.6875 18.5 
11893:  Double_t \
  1 456 -285 761.6 55 55 0.6 110 18.5 0.6875  \
  18.5 110 73 0.6875 18.25 110 18.5 0.6875 18.5 
11909:  Double_t \
  2 456 57 811.6 55 55 0.6 110 27.5 0.6875  \
  13.75 110 55 0.6875 13.75 110 27.5 0.6875 13.75 
11925:  Double_t \
  1 456 57 856.6 55 55 0.6 110 27.5 0.6875  \
  13.75 110 55 0.6875 13.75 110 27.5 0.6875 13.75 
12101:  Double_t \
  0 -456 -171 626.6 55 55 0.6 110 18.5 0.6875  \
  18.5 110 73 0.6875 18.25 110 18.5 0.6875 18.5 
12117:  Double_t \
  3 -456 -171 671.6 55 55 0.6 110 18.5 0.6875  \
  18.5 110 73 0.6875 18.25 110 18.5 0.6875 18.5 
12133:  Double_t \
  0 -456 -171 716.6 55 55 0.6 110 18.5 0.6875  \
  18.5 110 73 0.6875 18.25 110 18.5 0.6875 18.5 
12149:  Double_t \
  3 -456 -171 761.6 55 55 0.6 110 18.5 0.6875  \
  18.5 110 73 0.6875 18.25 110 18.5 0.6875 18.5 
12165:  Double_t \
  2 -342 171 811.6 55 55 0.6 110 27.5 0.6875  \
  13.75 110 55 0.6875 13.75 110 27.5 0.6875 13.75 
12181:  Double_t \
  3 -342 171 856.6 55 55 0.6 110 27.5 0.6875  \
  13.75 110 55 0.6875 13.75 110 27.5 0.6875 13.75 
12357:  Double_t \
  0 -342 -171 626.6 55 55 0.6 110 18.5 0.6875  \
  18.5 110 73 0.6875 18.25 110 18.5 0.6875 18.5 
12373:  Double_t \
  3 -342 -171 671.6 55 55 0.6 110 18.5 0.6875  \
  18.5 110 73 0.6875 18.25 110 18.5 0.6875 18.5 
12389:  Double_t \
  0 -342 -171 716.6 55 55 0.6 110 18.5 0.6875  \
  18.5 110 73 0.6875 18.25 110 18.5 0.6875 18.5 
12405:  Double_t \
  3 -342 -171 761.6 55 55 0.6 110 18.5 0.6875  \
  18.5 110 73 0.6875 18.25 110 18.5 0.6875 18.5 
12421:  Double_t \
  2 -228 171 811.6 55 55 0.6 110 27.5 0.6875  \
  13.75 110 55 0.6875 13.75 110 27.5 0.6875 13.75 
12437:  Double_t \
  3 -228 171 856.6 55 55 0.6 110 27.5 0.6875  \
  13.75 110 55 0.6875 13.75 110 27.5 0.6875 13.75 
12613:  Double_t \
  0 342 -171 626.6 55 55 0.6 110 18.5 0.6875  \
  18.5 110 73 0.6875 18.25 110 18.5 0.6875 18.5 
12629:  Double_t \
  1 342 -171 671.6 55 55 0.6 110 18.5 0.6875  \
  18.5 110 73 0.6875 18.25 110 18.5 0.6875 18.5 
12645:  Double_t \
  0 342 -171 716.6 55 55 0.6 110 18.5 0.6875  \
  18.5 110 73 0.6875 18.25 110 18.5 0.6875 18.5 
12661:  Double_t \
  1 342 -171 761.6 55 55 0.6 110 18.5 0.6875  \
  18.5 110 73 0.6875 18.25 110 18.5 0.6875 18.5 
12677:  Double_t \
  2 228 171 811.6 55 55 0.6 110 27.5 0.6875  \
  13.75 110 55 0.6875 13.75 110 27.5 0.6875 13.75 
12693:  Double_t \
  1 228 171 856.6 55 55 0.6 110 27.5 0.6875  \
  13.75 110 55 0.6875 13.75 110 27.5 0.6875 13.75 
12869:  Double_t \
  0 456 -171 626.6 55 55 0.6 110 18.5 0.6875  \
  18.5 110 73 0.6875 18.25 110 18.5 0.6875 18.5 
12885:  Double_t \
  1 456 -171 671.6 55 55 0.6 110 18.5 0.6875  \
  18.5 110 73 0.6875 18.25 110 18.5 0.6875 18.5 
12901:  Double_t \
  0 456 -171 716.6 55 55 0.6 110 18.5 0.6875  \
  18.5 110 73 0.6875 18.25 110 18.5 0.6875 18.5 
12917:  Double_t \
  1 456 -171 761.6 55 55 0.6 110 18.5 0.6875  \
  18.5 110 73 0.6875 18.25 110 18.5 0.6875 18.5 
12933:  Double_t \
  2 342 171 811.6 55 55 0.6 110 27.5 0.6875  \
  13.75 110 55 0.6875 13.75 110 27.5 0.6875 13.75 
12949:  Double_t \
  1 342 171 856.6 55 55 0.6 110 27.5 0.6875  \
  13.75 110 55 0.6875 13.75 110 27.5 0.6875 13.75 
13125:  Double_t \
  0 -456 -57 626.6 55 55 0.6 110 18.5 0.6875  \
  18.5 110 73 0.6875 18.25 110 18.5 0.6875 18.5 
13141:  Double_t \
  3 -456 -57 671.6 55 55 0.6 110 18.5 0.6875  \
  18.5 110 73 0.6875 18.25 110 18.5 0.6875 18.5 
13157:  Double_t \
  0 -456 -57 716.6 55 55 0.6 110 18.5 0.6875  \
  18.5 110 73 0.6875 18.25 110 18.5 0.6875 18.5 
13173:  Double_t \
  3 -456 -57 761.6 55 55 0.6 110 18.5 0.6875  \
  18.5 110 73 0.6875 18.25 110 18.5 0.6875 18.5 
13189:  Double_t \
  2 -228 285 811.6 55 55 0.6 110 27.5 0.6875  \
  13.75 110 55 0.6875 13.75 110 27.5 0.6875 13.75 
13205:  Double_t \
  3 -228 285 856.6 55 55 0.6 110 27.5 0.6875  \
  13.75 110 55 0.6875 13.75 110 27.5 0.6875 13.75 
13381:  Double_t \
  0 456 -57 626.6 55 55 0.6 110 18.5 0.6875  \
  18.5 110 73 0.6875 18.25 110 18.5 0.6875 18.5 
13397:  Double_t \
  1 456 -57 671.6 55 55 0.6 110 18.5 0.6875  \
  18.5 110 73 0.6875 18.25 110 18.5 0.6875 18.5 
13413:  Double_t \
  0 456 -57 716.6 55 55 0.6 110 18.5 0.6875  \
  18.5 110 73 0.6875 18.25 110 18.5 0.6875 18.5 
13429:  Double_t \
  1 456 -57 761.6 55 55 0.6 110 18.5 0.6875  \
  18.5 110 73 0.6875 18.25 110 18.5 0.6875 18.5 
13445:  Double_t \
  2 -114 285 811.6 55 55 0.6 110 27.5 0.6875  \
  13.75 110 55 0.6875 13.75 110 27.5 0.6875 13.75 
13461:  Double_t \
  3 -114 285 856.6 55 55 0.6 110 27.5 0.6875  \
  13.75 110 55 0.6875 13.75 110 27.5 0.6875 13.75 
13637:  Double_t \
  2 -456 57 626.6 55 55 0.6 110 18.5 0.6875  \
  18.5 110 73 0.6875 18.25 110 18.5 0.6875 18.5 
13653:  Double_t \
  3 -456 57 671.6 55 55 0.6 110 18.5 0.6875  \
  18.5 110 73 0.6875 18.25 110 18.5 0.6875 18.5 
13669:  Double_t \
  2 -456 57 716.6 55 55 0.6 110 18.5 0.6875  \
  18.5 110 73 0.6875 18.25 110 18.5 0.6875 18.5 
13685:  Double_t \
  3 -456 57 761.6 55 55 0.6 110 18.5 0.6875  \
  18.5 110 73 0.6875 18.25 110 18.5 0.6875 18.5 
13701:  Double_t \
  2 0 285 811.6 55 55 0.6 110 27.5 0.6875  \
  13.75 110 55 0.6875 13.75 110 27.5 0.6875 13.75 
13717:  Double_t \
  1 0 285 856.6 55 55 0.6 110 27.5 0.6875  \
  13.75 110 55 0.6875 13.75 110 27.5 0.6875 13.75 
13893:  Double_t \
  2 456 57 626.6 55 55 0.6 110 18.5 0.6875  \
  18.5 110 73 0.6875 18.25 110 18.5 0.6875 18.5 
13909:  Double_t \
  1 456 57 671.6 55 55 0.6 110 18.5 0.6875  \
  18.5 110 73 0.6875 18.25 110 18.5 0.6875 18.5 
13925:  Double_t \
  2 456 57 716.6 55 55 0.6 110 18.5 0.6875  \
  18.5 110 73 0.6875 18.25 110 18.5 0.6875 18.5 
13941:  Double_t \
  1 456 57 761.6 55 55 0.6 110 18.5 0.6875  \
  18.5 110 73 0.6875 18.25 110 18.5 0.6875 18.5 
13957:  Double_t \
  2 114 285 811.6 55 55 0.6 110 27.5 0.6875  \
  13.75 110 55 0.6875 13.75 110 27.5 0.6875 13.75 
13973:  Double_t \
  1 114 285 856.6 55 55 0.6 110 27.5 0.6875  \
  13.75 110 55 0.6875 13.75 110 27.5 0.6875 13.75 
14149:  Double_t \
  2 -456 171 626.6 55 55 0.6 110 18.5 0.6875  \
  18.5 110 73 0.6875 18.25 110 18.5 0.6875 18.5 
14165:  Double_t \
  3 -456 171 671.6 55 55 0.6 110 18.5 0.6875  \
  18.5 110 73 0.6875 18.25 110 18.5 0.6875 18.5 
14181:  Double_t \
  2 -456 171 716.6 55 55 0.6 110 18.5 0.6875  \
  18.5 110 73 0.6875 18.25 110 18.5 0.6875 18.5 
14197:  Double_t \
  3 -456 171 761.6 55 55 0.6 110 18.5 0.6875  \
  18.5 110 73 0.6875 18.25 110 18.5 0.6875 18.5 
14213:  Double_t \
  2 228 285 811.6 55 55 0.6 110 27.5 0.6875  \
  13.75 110 55 0.6875 13.75 110 27.5 0.6875 13.75 
14229:  Double_t \
  1 228 285 856.6 55 55 0.6 110 27.5 0.6875  \
  13.75 110 55 0.6875 13.75 110 27.5 0.6875 13.75 
14405:  Double_t \
  2 -342 171 626.6 55 55 0.6 110 18.5 0.6875  \
  18.5 110 73 0.6875 18.25 110 18.5 0.6875 18.5 
14421:  Double_t \
  3 -342 171 671.6 55 55 0.6 110 18.5 0.6875  \
  18.5 110 73 0.6875 18.25 110 18.5 0.6875 18.5 
14437:  Double_t \
  2 -342 171 716.6 55 55 0.6 110 18.5 0.6875  \
  18.5 110 73 0.6875 18.25 110 18.5 0.6875 18.5 
14453:  Double_t \
  3 -342 171 761.6 55 55 0.6 110 18.5 0.6875  \
  18.5 110 73 0.6875 18.25 110 18.5 0.6875 18.5 
14469:  Double_t \
  0 -570 -399 811.6 55 55 0.6 110 18.5 0.6875  \
  18.5 110 73 0.6875 18.25 110 18.5 0.6875 18.5 
14485:  Double_t \
  3 -570 -399 856.6 55 55 0.6 110 18.5 0.6875  \
  18.5 110 73 0.6875 18.25 110 18.5 0.6875 18.5 
14661:  Double_t \
  2 342 171 626.6 55 55 0.6 110 18.5 0.6875  \
  18.5 110 73 0.6875 18.25 110 18.5 0.6875 18.5 
14677:  Double_t \
  1 342 171 671.6 55 55 0.6 110 18.5 0.6875  \
  18.5 110 73 0.6875 18.25 110 18.5 0.6875 18.5 
14693:  Double_t \
  2 342 171 716.6 55 55 0.6 110 18.5 0.6875  \
  18.5 110 73 0.6875 18.25 110 18.5 0.6875 18.5 
14709:  Double_t \
  1 342 171 761.6 55 55 0.6 110 18.5 0.6875  \
  18.5 110 73 0.6875 18.25 110 18.5 0.6875 18.5 
14725:  Double_t \
  0 -456 -399 811.6 55 55 0.6 110 18.5 0.6875  \
  18.5 110 73 0.6875 18.25 110 18.5 0.6875 18.5 
14741:  Double_t \
  3 -456 -399 856.6 55 55 0.6 110 18.5 0.6875  \
  18.5 110 73 0.6875 18.25 110 18.5 0.6875 18.5 
14917:  Double_t \
  2 456 171 626.6 55 55 0.6 110 18.5 0.6875  \
  18.5 110 73 0.6875 18.25 110 18.5 0.6875 18.5 
14933:  Double_t \
  1 456 171 671.6 55 55 0.6 110 18.5 0.6875  \
  18.5 110 73 0.6875 18.25 110 18.5 0.6875 18.5 
14949:  Double_t \
  2 456 171 716.6 55 55 0.6 110 18.5 0.6875  \
  18.5 110 73 0.6875 18.25 110 18.5 0.6875 18.5 
14965:  Double_t \
  1 456 171 761.6 55 55 0.6 110 18.5 0.6875  \
  18.5 110 73 0.6875 18.25 110 18.5 0.6875 18.5 
14981:  Double_t \
  0 -342 -399 811.6 55 55 0.6 110 18.5 0.6875  \
  18.5 110 73 0.6875 18.25 110 18.5 0.6875 18.5 
14997:  Double_t \
  3 -342 -399 856.6 55 55 0.6 110 18.5 0.6875  \
  18.5 110 73 0.6875 18.25 110 18.5 0.6875 18.5 
15173:  Double_t \
  2 -456 285 626.6 55 55 0.6 110 18.5 0.6875  \
  18.5 110 73 0.6875 18.25 110 18.5 0.6875 18.5 
15189:  Double_t \
  3 -456 285 671.6 55 55 0.6 110 18.5 0.6875  \
  18.5 110 73 0.6875 18.25 110 18.5 0.6875 18.5 
15205:  Double_t \
  2 -456 285 716.6 55 55 0.6 110 18.5 0.6875  \
  18.5 110 73 0.6875 18.25 110 18.5 0.6875 18.5 
15221:  Double_t \
  3 -456 285 761.6 55 55 0.6 110 18.5 0.6875  \
  18.5 110 73 0.6875 18.25 110 18.5 0.6875 18.5 
15237:  Double_t \
  0 -228 -399 811.6 55 55 0.6 110 18.5 0.6875  \
  18.5 110 73 0.6875 18.25 110 18.5 0.6875 18.5 
15253:  Double_t \
  3 -228 -399 856.6 55 55 0.6 110 18.5 0.6875  \
  18.5 110 73 0.6875 18.25 110 18.5 0.6875 18.5 
15429:  Double_t \
  2 -342 285 626.6 55 55 0.6 110 18.5 0.6875  \
  18.5 110 73 0.6875 18.25 110 18.5 0.6875 18.5 
15445:  Double_t \
  3 -342 285 671.6 55 55 0.6 110 18.5 0.6875  \
  18.5 110 73 0.6875 18.25 110 18.5 0.6875 18.5 
15461:  Double_t \
  2 -342 285 716.6 55 55 0.6 110 18.5 0.6875  \
  18.5 110 73 0.6875 18.25 110 18.5 0.6875 18.5 
15477:  Double_t \
  3 -342 285 761.6 55 55 0.6 110 18.5 0.6875  \
  18.5 110 73 0.6875 18.25 110 18.5 0.6875 18.5 
15493:  Double_t \
  0 -114 -399 811.6 55 55 0.6 110 18.5 0.6875  \
  18.5 110 73 0.6875 18.25 110 18.5 0.6875 18.5 
15509:  Double_t \
  3 -114 -399 856.6 55 55 0.6 110 18.5 0.6875  \
  18.5 110 73 0.6875 18.25 110 18.5 0.6875 18.5 
15685:  Double_t \
  2 -228 285 626.6 55 55 0.6 110 18.5 0.6875  \
  18.5 110 73 0.6875 18.25 110 18.5 0.6875 18.5 
15701:  Double_t \
  3 -228 285 671.6 55 55 0.6 110 18.5 0.6875  \
  18.5 110 73 0.6875 18.25 110 18.5 0.6875 18.5 
15717:  Double_t \
  2 -228 285 716.6 55 55 0.6 110 18.5 0.6875  \
  18.5 110 73 0.6875 18.25 110 18.5 0.6875 18.5 
15733:  Double_t \
  3 -228 285 761.6 55 55 0.6 110 18.5 0.6875  \
  18.5 110 73 0.6875 18.25 110 18.5 0.6875 18.5 
15749:  Double_t \
  0 0 -399 811.6 55 55 0.6 110 18.5 0.6875  \
  18.5 110 73 0.6875 18.25 110 18.5 0.6875 18.5 
15765:  Double_t \
  1 0 -399 856.6 55 55 0.6 110 18.5 0.6875  \
  18.5 110 73 0.6875 18.25 110 18.5 0.6875 18.5 
15941:  Double_t \
  2 -114 285 626.6 55 55 0.6 110 18.5 0.6875  \
  18.5 110 73 0.6875 18.25 110 18.5 0.6875 18.5 
15957:  Double_t \
  3 -114 285 671.6 55 55 0.6 110 18.5 0.6875  \
  18.5 110 73 0.6875 18.25 110 18.5 0.6875 18.5 
15973:  Double_t \
  2 -114 285 716.6 55 55 0.6 110 18.5 0.6875  \
  18.5 110 73 0.6875 18.25 110 18.5 0.6875 18.5 
15989:  Double_t \
  3 -114 285 761.6 55 55 0.6 110 18.5 0.6875  \
  18.5 110 73 0.6875 18.25 110 18.5 0.6875 18.5 
16005:  Double_t \
  0 114 -399 811.6 55 55 0.6 110 18.5 0.6875  \
  18.5 110 73 0.6875 18.25 110 18.5 0.6875 18.5 
16021:  Double_t \
  1 114 -399 856.6 55 55 0.6 110 18.5 0.6875  \
  18.5 110 73 0.6875 18.25 110 18.5 0.6875 18.5 
16197:  Double_t \
  2 0 285 626.6 55 55 0.6 110 18.5 0.6875  \
  18.5 110 73 0.6875 18.25 110 18.5 0.6875 18.5 
16213:  Double_t \
  1 0 285 671.6 55 55 0.6 110 18.5 0.6875  \
  18.5 110 73 0.6875 18.25 110 18.5 0.6875 18.5 
16229:  Double_t \
  2 0 285 716.6 55 55 0.6 110 18.5 0.6875  \
  18.5 110 73 0.6875 18.25 110 18.5 0.6875 18.5 
16245:  Double_t \
  1 0 285 761.6 55 55 0.6 110 18.5 0.6875  \
  18.5 110 73 0.6875 18.25 110 18.5 0.6875 18.5 
16261:  Double_t \
  0 228 -399 811.6 55 55 0.6 110 18.5 0.6875  \
  18.5 110 73 0.6875 18.25 110 18.5 0.6875 18.5 
16277:  Double_t \
  1 228 -399 856.6 55 55 0.6 110 18.5 0.6875  \
  18.5 110 73 0.6875 18.25 110 18.5 0.6875 18.5 
16453:  Double_t \
  2 114 285 626.6 55 55 0.6 110 18.5 0.6875  \
  18.5 110 73 0.6875 18.25 110 18.5 0.6875 18.5 
16469:  Double_t \
  1 114 285 671.6 55 55 0.6 110 18.5 0.6875  \
  18.5 110 73 0.6875 18.25 110 18.5 0.6875 18.5 
16485:  Double_t \
  2 114 285 716.6 55 55 0.6 110 18.5 0.6875  \
  18.5 110 73 0.6875 18.25 110 18.5 0.6875 18.5 
16501:  Double_t \
  1 114 285 761.6 55 55 0.6 110 18.5 0.6875  \
  18.5 110 73 0.6875 18.25 110 18.5 0.6875 18.5 
16517:  Double_t \
  0 342 -399 811.6 55 55 0.6 110 18.5 0.6875  \
  18.5 110 73 0.6875 18.25 110 18.5 0.6875 18.5 
16533:  Double_t \
  1 342 -399 856.6 55 55 0.6 110 18.5 0.6875  \
  18.5 110 73 0.6875 18.25 110 18.5 0.6875 18.5 
16709:  Double_t \
  2 228 285 626.6 55 55 0.6 110 18.5 0.6875  \
  18.5 110 73 0.6875 18.25 110 18.5 0.6875 18.5 
16725:  Double_t \
  1 228 285 671.6 55 55 0.6 110 18.5 0.6875  \
  18.5 110 73 0.6875 18.25 110 18.5 0.6875 18.5 
16741:  Double_t \
  2 228 285 716.6 55 55 0.6 110 18.5 0.6875  \
  18.5 110 73 0.6875 18.25 110 18.5 0.6875 18.5 
16757:  Double_t \
  1 228 285 761.6 55 55 0.6 110 18.5 0.6875  \
  18.5 110 73 0.6875 18.25 110 18.5 0.6875 18.5 
16773:  Double_t \
  0 456 -399 811.6 55 55 0.6 110 18.5 0.6875  \
  18.5 110 73 0.6875 18.25 110 18.5 0.6875 18.5 
16789:  Double_t \
  1 456 -399 856.6 55 55 0.6 110 18.5 0.6875  \
  18.5 110 73 0.6875 18.25 110 18.5 0.6875 18.5 
16965:  Double_t \
  2 342 285 626.6 55 55 0.6 110 18.5 0.6875  \
  18.5 110 73 0.6875 18.25 110 18.5 0.6875 18.5 
16981:  Double_t \
  1 342 285 671.6 55 55 0.6 110 18.5 0.6875  \
  18.5 110 73 0.6875 18.25 110 18.5 0.6875 18.5 
16997:  Double_t \
  2 342 285 716.6 55 55 0.6 110 18.5 0.6875  \
  18.5 110 73 0.6875 18.25 110 18.5 0.6875 18.5 
17013:  Double_t \
  1 342 285 761.6 55 55 0.6 110 18.5 0.6875  \
  18.5 110 73 0.6875 18.25 110 18.5 0.6875 18.5 
17029:  Double_t \
  0 570 -399 811.6 55 55 0.6 110 18.5 0.6875  \
  18.5 110 73 0.6875 18.25 110 18.5 0.6875 18.5 
17045:  Double_t \
  1 570 -399 856.6 55 55 0.6 110 18.5 0.6875  \
  18.5 110 73 0.6875 18.25 110 18.5 0.6875 18.5 
17221:  Double_t \
  2 456 285 626.6 55 55 0.6 110 18.5 0.6875  \
  18.5 110 73 0.6875 18.25 110 18.5 0.6875 18.5 
17237:  Double_t \
  1 456 285 671.6 55 55 0.6 110 18.5 0.6875  \
  18.5 110 73 0.6875 18.25 110 18.5 0.6875 18.5 
17253:  Double_t \
  2 456 285 716.6 55 55 0.6 110 18.5 0.6875  \
  18.5 110 73 0.6875 18.25 110 18.5 0.6875 18.5 
17269:  Double_t \
  1 456 285 761.6 55 55 0.6 110 18.5 0.6875  \
  18.5 110 73 0.6875 18.25 110 18.5 0.6875 18.5 
17285:  Double_t \
  0 -570 -285 811.6 55 55 0.6 110 18.5 0.6875  \
  18.5 110 73 0.6875 18.25 110 18.5 0.6875 18.5 
17301:  Double_t \
  3 -570 -285 856.6 55 55 0.6 110 18.5 0.6875  \
  18.5 110 73 0.6875 18.25 110 18.5 0.6875 18.5 
17541:  Double_t \
  0 -456 -285 811.6 55 55 0.6 110 18.5 0.6875  \
  18.5 110 73 0.6875 18.25 110 18.5 0.6875 18.5 
17557:  Double_t \
  3 -456 -285 856.6 55 55 0.6 110 18.5 0.6875  \
  18.5 110 73 0.6875 18.25 110 18.5 0.6875 18.5 
17797:  Double_t \
  0 -342 -285 811.6 55 55 0.6 110 18.5 0.6875  \
  18.5 110 73 0.6875 18.25 110 18.5 0.6875 18.5 
17813:  Double_t \
  3 -342 -285 856.6 55 55 0.6 110 18.5 0.6875  \
  18.5 110 73 0.6875 18.25 110 18.5 0.6875 18.5 
18053:  Double_t \
  0 342 -285 811.6 55 55 0.6 110 18.5 0.6875  \
  18.5 110 73 0.6875 18.25 110 18.5 0.6875 18.5 
18069:  Double_t \
  1 342 -285 856.6 55 55 0.6 110 18.5 0.6875  \
  18.5 110 73 0.6875 18.25 110 18.5 0.6875 18.5 
18309:  Double_t \
  0 456 -285 811.6 55 55 0.6 110 18.5 0.6875  \
  18.5 110 73 0.6875 18.25 110 18.5 0.6875 18.5 
18325:  Double_t \
  1 456 -285 856.6 55 55 0.6 110 18.5 0.6875  \
  18.5 110 73 0.6875 18.25 110 18.5 0.6875 18.5 
18565:  Double_t \
  0 570 -285 811.6 55 55 0.6 110 18.5 0.6875  \
  18.5 110 73 0.6875 18.25 110 18.5 0.6875 18.5 
18581:  Double_t \
  1 570 -285 856.6 55 55 0.6 110 18.5 0.6875  \
  18.5 110 73 0.6875 18.25 110 18.5 0.6875 18.5 
18821:  Double_t \
  0 -570 -171 811.6 55 55 0.6 110 18.5 0.6875  \
  18.5 110 73 0.6875 18.25 110 18.5 0.6875 18.5 
18837:  Double_t \
  3 -570 -171 856.6 55 55 0.6 110 18.5 0.6875  \
  18.5 110 73 0.6875 18.25 110 18.5 0.6875 18.5 
19077:  Double_t \
  0 -456 -171 811.6 55 55 0.6 110 18.5 0.6875  \
  18.5 110 73 0.6875 18.25 110 18.5 0.6875 18.5 
19093:  Double_t \
  3 -456 -171 856.6 55 55 0.6 110 18.5 0.6875  \
  18.5 110 73 0.6875 18.25 110 18.5 0.6875 18.5 
19333:  Double_t \
  0 456 -171 811.6 55 55 0.6 110 18.5 0.6875  \
  18.5 110 73 0.6875 18.25 110 18.5 0.6875 18.5 
19349:  Double_t \
  1 456 -171 856.6 55 55 0.6 110 18.5 0.6875  \
  18.5 110 73 0.6875 18.25 110 18.5 0.6875 18.5 
19589:  Double_t \
  0 570 -171 811.6 55 55 0.6 110 18.5 0.6875  \
  18.5 110 73 0.6875 18.25 110 18.5 0.6875 18.5 
19605:  Double_t \
  1 570 -171 856.6 55 55 0.6 110 18.5 0.6875  \
  18.5 110 73 0.6875 18.25 110 18.5 0.6875 18.5 
19845:  Double_t \
  0 -570 -57 811.6 55 55 0.6 110 18.5 0.6875  \
  18.5 110 73 0.6875 18.25 110 18.5 0.6875 18.5 
19861:  Double_t \
  3 -570 -57 856.6 55 55 0.6 110 18.5 0.6875  \
  18.5 110 73 0.6875 18.25 110 18.5 0.6875 18.5 
20101:  Double_t \
  0 570 -57 811.6 55 55 0.6 110 18.5 0.6875  \
  18.5 110 73 0.6875 18.25 110 18.5 0.6875 18.5 
20117:  Double_t \
  1 570 -57 856.6 55 55 0.6 110 18.5 0.6875  \
  18.5 110 73 0.6875 18.25 110 18.5 0.6875 18.5 
20357:  Double_t \
  2 -570 57 811.6 55 55 0.6 110 18.5 0.6875  \
  18.5 110 73 0.6875 18.25 110 18.5 0.6875 18.5 
20373:  Double_t \
  3 -570 57 856.6 55 55 0.6 110 18.5 0.6875  \
  18.5 110 73 0.6875 18.25 110 18.5 0.6875 18.5 
20613:  Double_t \
  2 570 57 811.6 55 55 0.6 110 18.5 0.6875  \
  18.5 110 73 0.6875 18.25 110 18.5 0.6875 18.5 
20629:  Double_t \
  1 570 57 856.6 55 55 0.6 110 18.5 0.6875  \
  18.5 110 73 0.6875 18.25 110 18.5 0.6875 18.5 
20869:  Double_t \
  2 -570 171 811.6 55 55 0.6 110 18.5 0.6875  \
  18.5 110 73 0.6875 18.25 110 18.5 0.6875 18.5 
20885:  Double_t \
  3 -570 171 856.6 55 55 0.6 110 18.5 0.6875  \
  18.5 110 73 0.6875 18.25 110 18.5 0.6875 18.5 
21125:  Double_t \
  2 -456 171 811.6 55 55 0.6 110 18.5 0.6875  \
  18.5 110 73 0.6875 18.25 110 18.5 0.6875 18.5 
21141:  Double_t \
  3 -456 171 856.6 55 55 0.6 110 18.5 0.6875  \
  18.5 110 73 0.6875 18.25 110 18.5 0.6875 18.5 
21381:  Double_t \
  2 456 171 811.6 55 55 0.6 110 18.5 0.6875  \
  18.5 110 73 0.6875 18.25 110 18.5 0.6875 18.5 
21397:  Double_t \
  1 456 171 856.6 55 55 0.6 110 18.5 0.6875  \
  18.5 110 73 0.6875 18.25 110 18.5 0.6875 18.5 
21637:  Double_t \
  2 570 171 811.6 55 55 0.6 110 18.5 0.6875  \
  18.5 110 73 0.6875 18.25 110 18.5 0.6875 18.5 
21653:  Double_t \
  1 570 171 856.6 55 55 0.6 110 18.5 0.6875  \
  18.5 110 73 0.6875 18.25 110 18.5 0.6875 18.5 
21893:  Double_t \
  2 -570 285 811.6 55 55 0.6 110 18.5 0.6875  \
  18.5 110 73 0.6875 18.25 110 18.5 0.6875 18.5 
21909:  Double_t \
  3 -570 285 856.6 55 55 0.6 110 18.5 0.6875  \
  18.5 110 73 0.6875 18.25 110 18.5 0.6875 18.5 
22149:  Double_t \
  2 -456 285 811.6 55 55 0.6 110 18.5 0.6875  \
  18.5 110 73 0.6875 18.25 110 18.5 0.6875 18.5 
22165:  Double_t \
  3 -456 285 856.6 55 55 0.6 110 18.5 0.6875  \
  18.5 110 73 0.6875 18.25 110 18.5 0.6875 18.5 
22405:  Double_t \
  2 -342 285 811.6 55 55 0.6 110 18.5 0.6875  \
  18.5 110 73 0.6875 18.25 110 18.5 0.6875 18.5 
22421:  Double_t \
  3 -342 285 856.6 55 55 0.6 110 18.5 0.6875  \
  18.5 110 73 0.6875 18.25 110 18.5 0.6875 18.5 
22661:  Double_t \
  2 342 285 811.6 55 55 0.6 110 18.5 0.6875  \
  18.5 110 73 0.6875 18.25 110 18.5 0.6875 18.5 
22677:  Double_t \
  1 342 285 856.6 55 55 0.6 110 18.5 0.6875  \
  18.5 110 73 0.6875 18.25 110 18.5 0.6875 18.5 
22917:  Double_t \
  2 456 285 811.6 55 55 0.6 110 18.5 0.6875  \
  18.5 110 73 0.6875 18.25 110 18.5 0.6875 18.5 
22933:  Double_t \
  1 456 285 856.6 55 55 0.6 110 18.5 0.6875  \
  18.5 110 73 0.6875 18.25 110 18.5 0.6875 18.5 
23173:  Double_t \
  2 570 285 811.6 55 55 0.6 110 18.5 0.6875  \
  18.5 110 73 0.6875 18.25 110 18.5 0.6875 18.5 
23189:  Double_t \
  1 570 285 856.6 55 55 0.6 110 18.5 0.6875  \
  18.5 110 73 0.6875 18.25 110 18.5 0.6875 18.5 
23429:  Double_t \
  2 -570 399 811.6 55 55 0.6 110 18.5 0.6875  \
  18.5 110 73 0.6875 18.25 110 18.5 0.6875 18.5 
23445:  Double_t \
  3 -570 399 856.6 55 55 0.6 110 18.5 0.6875  \
  18.5 110 73 0.6875 18.25 110 18.5 0.6875 18.5 
23685:  Double_t \
  2 -456 399 811.6 55 55 0.6 110 18.5 0.6875  \
  18.5 110 73 0.6875 18.25 110 18.5 0.6875 18.5 
23701:  Double_t \
  3 -456 399 856.6 55 55 0.6 110 18.5 0.6875  \
  18.5 110 73 0.6875 18.25 110 18.5 0.6875 18.5 
23941:  Double_t \
  2 -342 399 811.6 55 55 0.6 110 18.5 0.6875  \
  18.5 110 73 0.6875 18.25 110 18.5 0.6875 18.5 
23957:  Double_t \
  3 -342 399 856.6 55 55 0.6 110 18.5 0.6875  \
  18.5 110 73 0.6875 18.25 110 18.5 0.6875 18.5 
24197:  Double_t \
  2 -228 399 811.6 55 55 0.6 110 18.5 0.6875  \
  18.5 110 73 0.6875 18.25 110 18.5 0.6875 18.5 
24213:  Double_t \
  3 -228 399 856.6 55 55 0.6 110 18.5 0.6875  \
  18.5 110 73 0.6875 18.25 110 18.5 0.6875 18.5 
24453:  Double_t \
  2 -114 399 811.6 55 55 0.6 110 18.5 0.6875  \
  18.5 110 73 0.6875 18.25 110 18.5 0.6875 18.5 
24469:  Double_t \
  3 -114 399 856.6 55 55 0.6 110 18.5 0.6875  \
  18.5 110 73 0.6875 18.25 110 18.5 0.6875 18.5 
24709:  Double_t \
  2 0 399 811.6 55 55 0.6 110 18.5 0.6875  \
  18.5 110 73 0.6875 18.25 110 18.5 0.6875 18.5 
24725:  Double_t \
  1 0 399 856.6 55 55 0.6 110 18.5 0.6875  \
  18.5 110 73 0.6875 18.25 110 18.5 0.6875 18.5 
24965:  Double_t \
  2 114 399 811.6 55 55 0.6 110 18.5 0.6875  \
  18.5 110 73 0.6875 18.25 110 18.5 0.6875 18.5 
24981:  Double_t \
  1 114 399 856.6 55 55 0.6 110 18.5 0.6875  \
  18.5 110 73 0.6875 18.25 110 18.5 0.6875 18.5 
25221:  Double_t \
  2 228 399 811.6 55 55 0.6 110 18.5 0.6875  \
  18.5 110 73 0.6875 18.25 110 18.5 0.6875 18.5 
25237:  Double_t \
  1 228 399 856.6 55 55 0.6 110 18.5 0.6875  \
  18.5 110 73 0.6875 18.25 110 18.5 0.6875 18.5 
25477:  Double_t \
  2 342 399 811.6 55 55 0.6 110 18.5 0.6875  \
  18.5 110 73 0.6875 18.25 110 18.5 0.6875 18.5 
25493:  Double_t \
  1 342 399 856.6 55 55 0.6 110 18.5 0.6875  \
  18.5 110 73 0.6875 18.25 110 18.5 0.6875 18.5 
25733:  Double_t \
  2 456 399 811.6 55 55 0.6 110 18.5 0.6875  \
  18.5 110 73 0.6875 18.25 110 18.5 0.6875 18.5 
25749:  Double_t \
  1 456 399 856.6 55 55 0.6 110 18.5 0.6875  \
  18.5 110 73 0.6875 18.25 110 18.5 0.6875 18.5 
25989:  Double_t \
  2 570 399 811.6 55 55 0.6 110 18.5 0.6875  \
  18.5 110 73 0.6875 18.25 110 18.5 0.6875 18.5 
26005:  Double_t \
  1 570 399 856.6 55 55 0.6 110 18.5 0.6875  \
  18.5 110 73 0.6875 18.25 110 18.5 0.6875 18.5 