14 0 25 1 -0.61529 -1.5617 0.89046 3.6326
14 0 1 1 0.24314 -0.069379 0.83111 3.2163
14 0 25 1 -0.91467 -1.2161 0.054666 3.4502
14 0 25 1 -0.088659 -0.31105 0.46206 3.147
14 0 25 1 -0.22168 0.13962 -0.16795 3.1116
14 0 25 1 0.05282 -0.94453 -0.81251 3.3377
14 0 1 1 -0.95421 -0.14034 0.099896 3.2451
14 0 25 1 0.097761 -1.3817 1.4919 3.7053
14 0 1 1 -0.01077 -0.42098 -0.30431 3.1401
14 0 25 1 -0.88885 0.90915 3.4757 4.8252
14 0 1 1 1.8226 -2.0018 -0.68664 4.1702
14 0 25 1 0.83947 -0.83951 1.6988 3.7257
14 0 1 1 -0.77744 1.0954 -1.1402 3.5629
14 0 25 1 -0.81691 0.78502 2.4365 4.0994
14 0 1 1 0.16979 0.83374 -1.0581 3.3814
14 0 1 1 0.39546 0.49648 0.78471 3.2571
14 0 25 1 -4.0062 0.27303 -0.35332 5.0827
14 0 25 1 0.39865 0.58146 -0.52708 3.2187
14 0 25 1 1.1719 -0.37396 -3.4438 4.7914
14 0 1 1 -0.077329 -0.37925 -0.32198 3.1375
14 0 25 1 -1.1297 0.82008 -0.53119 3.4375
14 0 25 1 -1.4103 0.13249 -2.2391 4.075
14 0 25 1 0.32344 -0.25107 3.5638 4.7385
14 0 25 1 3.066 0.96901 0.52051 4.4939
14 0 25 1 0.12951 -2.5427 -0.14147 4.0109
14 0 1 1 -0.3314 0.39549 -0.31645 3.1554
14 0 25 1 2.3249 -0.02226 1.5896 4.1854
14 0 1 1 -0.51798 -0.52795 -0.44238 3.2145
14 0 25 1 -1.2434 0.18867 0.97518 3.4811
14 0 25 1 -0.48421 -1.1088 -1.0401 3.483
14 0 25 1 -0.32098 0.10901 1.4919 3.4534
14 0 25 1 -1.1335 0.4015 -1.7947 3.7752
14 0 1 1 -1.0667 0.25443 -0.11011 3.2871
14 0 25 1 -0.59275 -1.4045 -0.50317 3.4875
14 0 1 1 -0.68185 0.64304 -0.46645 3.269
14 0 25 1 -0.3704 -1.0138 -1.3201 3.5345
14 0 1 1 -0.07572 0.0020496 -0.60346 3.156
14 0 25 1 0.98042 -0.29474 3.9987 5.1597
14 0 25 1 -1.906 1.1091 1.9658 4.2793
14 0 25 1 -1.1614 -0.19341 0.73722 3.3934
14 0 25 1 0.73327 0.46991 -0.63541 3.2783
14 0 25 1 1.4721 -0.77914 0.88403 3.625
14 0 25 1 -1.1163 0.24796 -0.87839 3.4153
14 0 25 1 0.7111 0.43943 -3.2524 4.5675
14 0 1 1 0.94696 0.43299 -0.11743 3.2693
14 0 25 1 0.94214 0.58161 0.39644 3.3118
14 0 25 1 0.2657 -0.73125 2.5626 4.0936
14 0 25 1 4.4982 0.22201 -0.89123 5.5374
14 0 1 1 -0.63849 0.41559 -0.69137 3.2632
14 0 25 1 -0.1643 0.79334 -0.30795 3.215
14 0 1 1 1.1826 0.18087 -0.93366 3.4486
14 0 25 1 -1.0044 0.86075 -0.82475 3.4663
14 0 25 1 -0.088667 -0.75066 0.012747 3.187
14 0 25 1 1.0552 0.27945 -1.6605 3.6789
14 0 25 1 1.0001 0.54558 0.20177 3.3051
14 0 25 1 0.20335 2.8436 -2.0266 4.6712
14 0 25 1 0.74413 0.29565 1.3259 3.4618
14 0 25 1 0.36577 0.18393 -1.1799 3.3384
14 0 25 1 -0.29486 -0.29461 -1.2028 3.3475
14 0 25 1 -1.2517 0.020242 1.0774 3.509
14 0 25 1 -0.81649 0.594 3.753 4.9689
14 0 1 1 0.94193 -0.1808 1.1073 3.4258
14 0 25 1 1.2041 -0.67419 -1.6275 3.7601
14 0 25 1 0.98584 -0.015334 -0.12696 3.2517
14 0 25 1 -0.094107 -1.0092 -0.45774 3.2897
14 0 25 1 -2.3586 -1.5786 0.44049 4.2231
14 0 25 1 -1.0518 0.79053 0.017225 3.364
14 0 25 1 -0.85499 0.071942 -3.6316 4.8487
14 0 25 1 1.2165 1.0512 0.29393 3.5009
14 0 25 1 -1.3576 0.58349 -1.029 3.5816
14 0 25 1 -0.10802 0.43859 1.5402 3.4873
14 0 1 1 -2.4886 -0.5606 0.34865 4.0273
14 0 25 1 -0.44629 -0.4319 -1.0354 3.3231
14 0 25 1 0.0086774 -1.7215 -0.39509 3.5644
14 0 1 1 -0.19285 0.29675 -0.22345 3.125
14 0 25 1 -0.28332 1.4746 -0.63396 3.4988
14 0 25 1 1.0509 0.39648 1.1368 3.4841
14 0 25 1 0.50671 -0.018788 -0.73412 3.222
14 0 25 1 -0.050889 1.0475 -0.93515 3.3999
14 0 1 1 -0.15621 -0.27498 0.151 3.1166
14 0 25 1 0.12249 0.39397 -0.3713 3.1454
14 0 25 1 1.614 2.5996 -0.1076 4.3543
14 0 25 1 0.80735 0.99979 0.49881 3.389
14 0 25 1 -0.89573 -1.159 0.32691 3.4406
14 0 1 1 0.0015593 0.33508 0.17455 3.1198
14 0 25 1 0.054118 -0.39138 -0.12557 3.1236
14 0 1 1 -0.67119 0.44536 2.1538 3.8572
14 0 25 1 -0.30257 -0.42327 2.6543 4.1111
14 0 1 1 -0.70078 0.39353 0.1373 3.2023
14 0 25 1 2.1369 1.2454 -0.4447 3.9875
14 0 25 1 0.020415 -0.10679 1.7201 3.5434
14 0 25 1 -0.11251 -1.1681 0.063192 3.3116
14 0 25 1 0.28287 0.87832 0.6829 3.302
14 0 25 1 0.42461 1.2519 -0.3615 3.3858
14 0 25 1 1.6685 2.3244 1.8256 4.594
14 0 1 1 1.063 -0.83725 0.34881 3.3975
14 0 25 1 -1.0103 -0.31871 0.99311 3.4196
14 0 25 1 -0.071341 -0.97875 -1.3387 3.5129
14 0 25 1 -0.52965 1.811 -1.9955 4.1386
14 0 25 1 -0.52616 -0.075556 -0.0026982 3.1413
14 0 25 1 -1.1563 -2.4312 -0.48003 4.1308
14 0 25 1 -0.79568 0.17119 -1.9834 3.7658
14 0 25 1 0.19697 -0.29659 -0.2694 3.128
14 0 25 1 -0.30941 -0.27674 -2.3182 3.89
14 0 25 1 -0.41626 -0.26731 1.2849 3.3883
14 0 1 1 -0.12602 0.62012 -0.68066 3.2332
14 0 25 1 0.16692 0.54687 -0.69016 3.2231
14 0 25 1 -0.74794 0.46159 0.77061 3.3093
14 0 25 1 -1.0396 -0.47329 0.56299 3.3477
14 0 1 1 0.39531 -0.78439 0.61396 3.277
14 0 25 1 1.2132 -1.3042 0.12239 3.5739
14 0 25 1 -0.73048 0.12249 0.7598 3.2728
14 0 25 1 0.13875 -0.31884 0.70701 3.1947
14 0 1 1 -0.28242 -1.1684 -2.0106 3.883
14 0 25 1 0.065135 0.29352 -0.47656 3.1469
14 0 1 1 0.041221 0.014682 1.0513 3.2707
14 0 1 1 -3.9593 -0.38128 1.6387 5.3006
14 0 25 1 -0.29624 0.52242 -1.2874 3.4063
14 0 25 1 0.84466 -0.080012 1.4906 3.5394
14 0 25 1 -0.57775 0.6849 -1.3231 3.484
14 0 25 1 -0.84539 -1.3962 1.2221 3.7071
14 0 25 1 0.89311 0.33131 -2.5895 4.1471
14 0 25 1 0.6063 -0.60036 -0.34128 3.2295
14 0 1 1 0.13544 0.35626 -0.10601 3.122
14 0 25 1 0.036615 0.82676 -0.13691 3.2076
14 0 25 1 -1.0698 -0.51018 -1.3042 3.5624
14 0 1 1 0.46931 -0.036531 0.75364 3.2218
14 0 25 1 -0.71823 -0.41822 0.030772 3.2058
14 0 25 1 -0.94669 -0.35032 2.7732 4.2772
14 0 25 1 -1.3867 1.4718 -1.2714 3.9104
14 0 1 1 -0.31083 0.95444 -1.7617 3.7015
14 0 25 1 0.41815 0.52913 1.741 3.6154
14 0 1 1 2.47 0.55488 3.036 5.0216
14 0 25 1 -0.049624 -0.19088 -0.30851 3.1176
14 0 1 1 0.84615 -0.1962 0.11832 3.2185
14 0 1 1 0.35108 -0.06603 -0.2798 3.1299
14 0 25 1 2.4845 0.99242 -0.39996 4.1113
14 0 25 1 1.1212 1.1528 -0.18937 3.4939
14 0 25 1 0.74889 0.72256 0.17528 3.2709
14 0 25 1 -0.071712 1.8262 0.40211 3.6176
14 0 1 1 -0.054923 1.4777 0.69671 3.5017
14 0 1 1 -0.44419 0.35302 -1.1268 3.3439
14 0 25 1 0.69386 -0.13338 -1.9705 3.7373
14 0 25 1 0.098794 -1.3478 2.7383 4.3485
14 0 25 1 -0.84169 0.88057 -0.66913 3.3936
14 0 25 1 -1.1278 0.67191 -4.2645 5.4309
14 0 1 1 0.019373 -0.38864 0.018392 3.1212
14 0 25 1 1.3779 -1.2928 -0.78805 3.7116
14 0 25 1 0.54263 -0.55244 -0.20283 3.1978
14 0 25 1 -1.4586 0.10492 0.003703 3.424
14 0 25 1 0.39199 -0.065283 1.5842 3.5004
14 0 1 1 -2.459 0.16599 0.14955 3.9607
14 0 25 1 0.16079 0.75564 -0.46786 3.2251
14 0 25 1 0.57386 -0.50172 0.66794 3.2577
14 0 1 1 -0.79392 3.0499 -1.0269 4.5362
14 0 1 1 0.23457 -0.32976 0.33953 3.1415
14 0 1 1 0.24531 0.049535 -0.43036 3.1366
14 0 1 1 1.5159 -0.73542 1.3991 3.7929
14 0 1 1 0.66548 0.87799 -0.47062 3.3204
14 0 25 1 0.13072 0.84906 1.136 3.4079
14 0 25 1 -0.56057 -0.92431 0.89852 3.4002
14 0 25 1 0.083237 -0.50619 1.3126 3.4017
14 0 25 1 1.1498 -0.064955 0.47607 3.3374
14 0 1 1 -0.1674 1.5735 0.60093 3.5292
14 0 1 1 0.19127 -0.83994 -1.2988 3.4668
14 0 25 1 1.6446 -1.9911 1.9976 4.4995
14 0 1 1 -0.81269 1.3932 -0.55754 3.5359
14 0 1 1 0.99296 -1.1968 0.26113 3.4752
14 0 1 1 0.7247 0.84202 -0.35746 3.3094
14 0 25 1 1.6576 -2.1096 -2.4727 4.7851
14 0 25 1 -0.79625 -0.78125 2.843 4.3488
14 0 1 1 2.7673 3.8497 -0.89886 5.7338
14 0 25 1 -0.3622 0.77668 1.1014 3.396
14 0 25 1 -0.42801 0.54183 -1.0525 3.3421
14 0 25 1 -0.026133 -0.82988 -0.58465 3.2583
14 0 1 1 0.24763 0.055223 -1.2717 3.3573
14 0 1 1 0.35023 1.2831 0.54678 3.4144
14 0 25 1 -1.8108 0.16422 1.1103 3.7582
14 0 25 1 0.035327 0.60331 0.43163 3.1838
14 0 25 1 0.60704 -1.4011 0.8184 3.5478
14 0 1 1 0.59419 -0.66513 -2.3082 3.964
14 0 25 1 -0.22993 0.0016204 -1.3434 3.3827
14 0 1 1 2.5012 1.5918 -0.093044 4.2882
14 0 25 1 1.2191 -1.2003 0.32738 3.5524
14 0 1 1 0.19221 0.13135 0.64992 3.1728
14 0 1 1 -0.3333 -0.62386 -1.5406 3.5304
14 0 25 1 -0.193 -1.454 0.27985 3.4373
14 0 1 1 0.58374 -0.54691 0.19297 3.2043
14 0 25 1 0.089668 -0.31364 1.6858 3.5403
14 0 25 1 0.064176 0.48426 0.20062 3.1407
14 0 25 1 -0.1202 0.84235 -1.0583 3.3807
14 0 1 1 -0.41187 0.025381 0.48738 3.162
14 0 25 1 0.13948 -2.2665 0.65364 3.8947
14 0 25 1 -0.84586 -0.25058 -0.62694 3.2797
14 0 25 1 0.35091 0.42213 1.0319 3.3093
14 0 25 1 1.6662 0.5495 -1.92 4.0435
14 0 25 1 0.37807 0.016196 0.86334 3.2363
14 0 1 1 -1.1269 1.0027 0.6959 3.5142
14 0 25 1 0.32459 -0.63038 0.32679 3.1929
14 0 25 1 0.83038 -0.53198 0.37143 3.2704
14 0 25 1 1.2042 -0.13978 0.87622 3.4384
14 0 25 1 0.077695 0.23817 -1.6373 3.5112
14 0 1 1 -1.7381 0.48239 0.18067 3.5884
14 0 1 1 -0.22933 -0.09015 -2.1334 3.7686
14 0 25 1 -0.40811 0.65324 0.96607 3.3334
14 0 1 1 0.60989 0.056777 0.46197 3.1904
14 0 25 1 1.3692 -1.771 3.3574 5.0861
14 0 1 1 1.0482 -0.94142 -0.7075 3.475
14 0 1 1 -1.0233 0.15999 0.17832 3.2703
14 0 25 1 0.85617 1.2534 0.3991 3.4711
14 0 25 1 0.53272 -0.58645 0.77755 3.289
14 0 25 1 0.47291 1.8806 0.0084016 3.6531
14 0 25 1 -1.7888 -2.0941 1.4362 4.3855
14 0 25 1 -0.27692 -1.2456 0.93358 3.4764
14 0 25 1 1.0443 -0.10886 2.4667 4.0954
14 0 1 1 -0.96683 -0.46135 0.69374 3.3495
14 0 25 1 -0.56812 -0.72366 1.7528 3.6748
14 0 25 1 -0.25883 1.19 0.35389 3.3457
14 0 25 1 -0.31961 -0.86607 -0.65577 3.2966
14 0 25 1 -1.6745 0.7965 -0.17756 3.6132
14 0 25 1 0.6644 -1.017 -0.10875 3.3276
14 0 1 1 -1.4264 -0.4444 -1.3621 3.6983
14 0 25 1 1.2121 -2.4111 2.591 4.8561
14 0 25 1 -0.87016 0.24458 -0.055064 3.2257
14 0 25 1 0.075976 -2.181 1.7565 4.1753
14 0 25 1 0.7071 -0.25339 1.4663 3.5071
14 0 1 1 0.76483 -1.2283 -0.15523 3.4217
14 0 25 1 0.79096 1.2002 -0.22834 3.421
14 0 25 1 -0.054361 -0.034449 0.28516 3.1098
14 0 25 1 1.0419 0.3855 -0.846 3.3963
14 0 25 1 1.4088 -0.45364 0.13586 3.4343
14 0 25 1 -0.624 -0.53815 1.0737 3.3789
14 0 25 1 -0.1999 -0.27794 0.46807 3.1498
14 0 1 1 -0.74999 1.9674 1.2986 3.9635
14 0 25 1 0.78457 0.23273 -0.58362 3.2551
14 0 25 1 1.2442 0.92313 -0.5708 3.5087
14 0 1 1 -0.45263 0.22635 0.24446 3.1474
14 0 25 1 -0.14861 -0.53784 5.0743 5.9704
14 0 1 1 0.38205 0.16268 -1.5568 3.4909
14 0 25 1 0.14228 -0.21132 -1.1851 3.3248
14 0 1 1 0.26203 -1.6573 -1.578 3.8595
14 0 25 1 -0.80558 0.93406 0.24949 3.342
14 0 1 1 0.044607 -1.1502 1.1267 3.4906
14 0 25 1 -1.248 -0.4 -2.5397 4.2134
14 0 25 1 -1.4075 1.4043 -0.53889 3.7187
14 0 1 1 -0.52309 -0.37842 0.041709 3.1637
14 0 1 1 0.38256 -0.42699 0.20198 3.1559
14 0 25 1 1.7675 -0.097595 0.50001 3.6012
14 0 25 1 -0.92239 0.32308 -0.51686 3.2875
14 0 1 1 0.9714 2.4054 -1.7225 4.3917
14 0 25 1 0.40787 -0.15963 0.78923 3.2249
14 0 25 1 0.33436 -1.7296 1.0763 3.7212
14 0 25 1 0.029482 -0.74603 -1.4017 3.4796
14 0 2 1 2.3276 1.4362 2.3866 4.7714
14 0 25 1 0.45538 -0.47799 0.47844 3.2016
14 0 2 1 -0.45181 0.87982 3.7213 4.9413
14 0 25 1 -1.5373 1.0712 1.3078 3.8479
14 0 25 1 1.4835 1.1682 -0.26666 3.6362
14 0 2 1 0.048466 0.31871 3.2197 4.4789
14 0 25 1 3.3738 1.2109 -2.0707 5.1693
14 0 25 1 -1.8002 -0.37598 0.48301 3.6332
14 0 25 1 0.68769 0.52905 -0.63158 3.2767
14 0 25 1 0.71473 -0.47019 -0.56742 3.2618
14 0 25 1 0.95045 0.94394 -0.22448 3.3808
14 0 25 1 -0.135 -1.2609 1.9798 3.8876
14 0 25 1 0.49449 -1.0411 -0.15121 3.307
14 0 25 1 -1.5987 -1.026 1.107 3.7973
14 0 25 1 0.5811 2.5416 0.31915 4.0601
14 0 25 1 -0.56341 1.1429 -0.37669 3.3691
14 0 25 1 -1.3456 -0.45404 1.4371 3.6969
14 0 25 1 1.5158 -0.2518 0.8624 3.5623
14 0 25 1 -1.0745 0.127 0.79037 3.3735
14 0 25 1 0.2174 -0.227 0.55245 3.1606
14 0 25 1 -0.71877 0.7309 -0.7995 3.3579
14 0 25 1 1.9576 2.8805 0.32172 4.671
14 0 25 1 2.2879 0.38475 1.6742 4.2155
14 0 25 1 1.2886 -0.088554 0.031457 3.3548
14 0 25 1 -0.55886 -0.60535 -1.5004 3.5377
14 0 25 1 0.15317 0.98277 0.53546 3.2956
14 0 25 1 -1.0443 1.1599 -1.9489 3.9774
14 0 25 1 -0.12562 -0.49415 2.1369 3.7962
14 0 25 1 0.69831 0.89667 0.10495 3.2997
14 0 25 1 -2.9454 -0.87677 1.9477 4.7773
14 0 25 1 0.68272 -0.087404 1.6277 3.5649
14 0 25 1 0.020377 -0.45483 -0.64958 3.196
14 0 25 1 0.74415 -0.38477 -2.5888 4.1217
14 0 25 1 -0.10905 -0.46504 1.7991 3.6125
14 0 25 1 0.063213 -0.35482 -0.64384 3.1827
14 0 25 1 -1.332 1.057 0.079104 3.5331
14 0 25 1 0.017394 -0.77943 0.30838 3.2075
14 0 25 1 -0.46507 0.66118 1.3555 3.4751
14 0 25 1 -0.31878 0.28452 2.6723 4.1121
14 0 25 1 -0.9769 -0.6109 -0.47712 3.3377
14 0 25 1 -1.1182 0.83583 0.99194 3.5381
14 0 25 1 -1.0008 2.8384 -0.30938 4.3289
14 0 25 1 0.93191 1.357 0.95994 3.6355
14 0 25 1 -0.32954 -0.23431 0.34453 3.1412
14 0 25 1 -0.18904 -0.37428 0.35138 3.144
14 0 25 1 1.4486 -0.92152 3.1525 4.7404
14 0 25 1 -0.81545 0.85956 -1.2255 3.5342
14 0 25 1 -1.2548 1.019 -0.51539 3.5304
14 0 25 1 0.1689 0.27857 0.34373 3.132
14 0 25 1 0.70925 -0.34947 0.99062 3.3454
14 0 25 1 -0.31125 -0.30208 -1.6494 3.5347
14 0 25 1 -0.1219 1.0145 0.56848 3.3094
14 0 25 1 -0.091793 1.9108 0.91698 3.7531
14 0 25 1 -0.21759 -0.98775 -0.2587 3.2673
14 0 25 1 1.0443 0.65405 1.062 3.4973
14 0 25 1 0.22654 -0.86854 -0.30549 3.2379
14 0 25 1 1.466 1.9033 -0.93996 4.0299
14 0 25 1 -0.47061 -0.40003 -0.28907 3.1702
14 0 25 1 -0.19873 0.84464 -0.73861 3.299
14 0 25 1 -0.61064 0.62767 -3.5975 4.8264
14 0 25 1 -0.27401 0.61496 -0.73593 3.2527
14 0 25 1 0.54806 -0.5954 2.5476 4.0903
14 0 25 1 1.9606 1.4733 -1.7983 4.3398
14 0 25 1 -1.1509 -0.93665 0.16753 3.4373
14 0 25 1 -0.88953 -0.15321 -0.15414 3.2286
14 0 2 1 0.13761 -0.21612 0.92927 3.2434
14 0 25 1 -0.8069 -0.64082 1.6302 3.6475
14 0 25 1 0.19414 -0.21581 0.91679 3.2419
14 0 25 1 -0.27648 -0.0060018 3.985 5.0539
14 0 25 1 0.0020725 1.9657 -0.1546 3.6706
14 0 25 1 0.41864 0.75347 -0.2661 3.2247
14 0 25 1 -0.60879 -0.070729 -1.2647 3.4
14 0 25 1 0.95742 -0.61804 0.47706 3.3334
14 0 25 1 -0.56127 2.8289 -1.2712 4.418
14 0 25 1 2.5698 1.3189 -2.4906 4.9124
14 0 25 1 0.79865 -1.0152 -0.64035 3.4152
14 0 25 1 -0.73573 -0.18496 -1.0957 3.3706
14 0 25 1 1.0079 1.6063 -1.9016 4.0984
14 0 25 1 0.081047 -1.5197 -0.22004 3.4568
14 0 25 1 2.7438 -1.438 1.9955 4.8128
14 0 25 1 0.64268 0.25059 -0.3123 3.1873
14 0 25 1 -0.58875 1.5897 -0.3519 3.5472
14 0 25 1 2.1154 0.11189 -0.12929 3.7536
14 0 25 1 1.8817 0.20881 0.59114 3.6768
14 0 2 1 2.5113 0.78743 1.6288 4.3783
14 0 25 1 0.31894 0.29938 1.4495 3.4464
14 0 25 1 1.294 1.6768 -1.5332 4.0524
14 0 25 1 -3.9886 -1.4288 0.38108 5.2613
14 0 2 1 0.24674 -2.6634 1.8436 4.4882
14 0 25 1 -1.7005 -0.12413 0.44257 3.562
14 0 25 1 1.244 -0.46774 -0.37317 3.3898
14 0 25 1 2.0954 0.49701 0.19662 3.7764
14 0 25 1 1.2116 1.3897 1.6972 3.9831
14 0 25 1 1.1591 0.37273 -1.8086 3.7867
14 0 25 1 0.42453 -0.66617 1.0892 3.3757
14 0 25 1 -0.90833 0.70806 -2.1317 3.9314
14 0 25 1 1.9432 1.5648 0.80681 4.0572
14 0 25 1 -1.4543 0.59011 0.17438 3.4754
14 0 25 1 -1.0894 1.1723 -2.6286 4.3653
14 0 25 1 1.3572 0.93551 1.0787 3.6696
14 0 25 1 -1.0556 0.46534 -0.043101 3.3042
14 0 25 1 -0.29851 -0.67784 1.5231 3.529
14 0 25 1 1.1079 -1.0057 -1.1872 3.6378
14 0 25 1 -1.1003 1.0029 -0.52762 3.4756
14 0 25 1 0.55465 0.079685 1.6912 3.572
14 0 25 1 -0.85188 0.36607 -0.20835 3.2386
14 0 25 1 -0.79728 0.13949 -0.84683 3.3102
14 0 25 1 -0.34785 -0.38273 2.2106 3.8392
14 0 25 1 1.3168 -0.086503 0.9613 3.5001
14 0 25 1 0.011037 -0.42167 -2.4732 3.9849
14 0 25 1 1.9677 1.8205 1.8317 4.4862
14 0 25 1 -0.21355 2.6421 0.67011 4.1304
14 0 25 1 0.92663 0.28654 0.3929 3.2681
14 0 25 1 0.92257 -0.85369 0.84417 3.4464
14 0 25 1 0.69115 0.23906 -0.029277 3.1813
14 0 25 1 0.89958 -1.6532 -0.022442 3.6233
14 0 2 1 0.24538 -0.98955 0.20843 3.267
14 0 2 1 0.081923 0.581 -1.2797 3.4018
14 0 25 1 -0.0052441 -0.52157 1.169 3.3502
14 0 25 1 0.32907 -0.55907 1.504 3.5026
14 0 25 1 -0.046012 0.038931 0.69402 3.1734
14 0 25 1 0.86767 0.19649 -0.60947 3.2784
14 0 25 1 0.99756 -0.39384 0.47103 3.3102
14 0 25 1 0.51854 0.27228 0.97222 3.2975
14 0 25 1 0.96179 -0.087585 1.091 3.4217
14 0 25 1 2.0645 1.8271 -0.58495 4.1866
14 0 25 1 1.4339 1.1863 0.70933 3.6813
14 0 25 1 0.38003 1.6202 -0.22253 3.522
14 0 25 1 1.8695 -0.84619 -0.7913 3.7977
14 0 25 1 0.597 -2.6001 -0.079386 4.0876
14 0 25 1 0.65638 0.77701 0.24992 3.2684
14 0 25 1 -0.89705 0.76222 -0.3399 3.3296
14 0 25 1 -0.66116 0.96721 0.82499 3.4115
14 0 25 1 0.086381 2.1366 -1.1803 3.9435
14 0 25 1 0.24654 -0.51583 -1.3681 3.4327
14 0 25 1 1.0511 0.012418 -0.4885 3.3059
14 0 25 1 0.25866 0.51284 0.3591 3.1692
14 0 25 1 -1.342 0.28477 0.75093 3.4686
14 0 25 1 1.5129 -0.028571 0.84994 3.5493
14 0 25 1 0.24828 1.0672 -1.7673 3.7295
14 0 25 1 0.50588 -0.24514 0.81944 3.2516
14 0 2 1 0.80671 0.78336 -2.1977 3.9604
14 0 25 1 -0.248 1.5527 1.3074 3.7104
14 0 25 1 -0.31235 -0.81169 0.60754 3.2727
14 0 25 1 0.18226 -0.03102 1.6543 3.5151
14 0 25 1 0.44662 0.1013 0.41222 3.1567
14 0 25 1 -0.58919 0.69003 -1.5492 3.5789
14 0 25 1 -0.35195 -0.0078789 -0.69905 3.1934
14 0 25 1 0.14286 -0.63291 0.4815 3.1997
14 0 25 1 -0.058687 -0.62261 0.77453 3.2521
14 0 25 1 -0.066932 -0.39909 -1.5106 3.4686
14 0 25 1 0.20373 -0.10447 0.58088 3.1583
14 0 25 1 -0.21834 0.58019 1.4311 3.4666
14 0 25 1 -0.12586 0.76881 0.9493 3.3307
14 0 25 1 -0.056329 -0.38366 -0.086387 3.1214
14 0 25 1 -0.35941 0.43985 -2.4936 4.0157
14 0 25 1 1.365 0.31318 0.49567 3.434
14 0 25 1 0.34192 0.89295 0.95102 3.377
14 0 25 1 2.3166 1.0873 -3.0075 5.0179
14 0 25 1 1.5921 0.24429 0.75355 3.5703
14 0 25 1 0.96804 0.55214 0.40227 3.315
14 0 25 1 0.49792 -1.2376 1.4291 3.6616
14 0 25 1 -0.51617 0.63268 0.19128 3.2076
14 0 25 1 -0.22482 1.0024 0.081432 3.263
14 0 25 1 0.45696 -1.3023 0.27083 3.4005
14 0 25 1 0.4376 1.1948 -0.1828 3.3523
14 0 25 1 -0.14694 0.56289 0.081809 3.1512
14 0 25 1 0.47589 -0.57247 -0.13227 3.187
14 0 25 1 -0.089897 0.8779 -1.6096 3.5993
14 0 25 1 4.0684 1.4518 3.0308 6.1181
14 0 25 1 1.0506 0.65745 0.46227 3.3667
14 0 25 1 0.27315 0.18242 -0.19688 3.1196
14 0 25 1 1.545 0.41085 -1.2217 3.6924
14 0 25 1 -0.4256 -0.025161 -0.27338 3.1372
14 0 25 1 0.60248 -1.6074 -2.6851 4.4432
14 0 25 1 0.33941 -0.67032 -1.9212 3.7203
14 0 25 1 -0.49483 0.5939 1.367 3.4715
14 0 25 1 -0.26692 0.54862 0.29509 3.1693
14 0 25 1 -0.74672 1.1613 1.7948 3.8357
14 0 25 1 -0.052579 0.090721 0.10116 3.0994
14 0 25 1 -0.037607 0.40969 1.7192 3.5651
14 0 25 1 -0.50939 0.86519 -3.5977 4.8515
14 0 25 1 0.82814 0.7985 -0.82665 3.4047
14 0 25 1 0.30678 -0.026668 1.8423 3.6158
14 0 25 1 0.083246 -0.24754 -0.25032 3.1171
14 0 25 1 0.46933 -1.748 1.4754 3.8778
14 0 25 1 0.1169 -0.50341 -0.65002 3.2054
14 0 25 1 -0.71734 1.0632 1.5241 3.6814
14 0 25 1 0.51061 -1.5917 0.32752 3.5337
14 0 25 1 -1.4724 0.81087 0.00034562 3.5229
14 0 25 1 0.10175 -0.039931 -0.05325 3.0984
14 0 25 1 0.38455 0.73432 -0.67947 3.2763
14 0 25 1 0.21778 -1.7367 -1.4216 3.8301
14 0 25 1 1.1432 -0.98075 1.5952 3.7946
14 0 25 1 -1.0839 -0.58031 -0.083379 3.3322
14 0 25 1 -0.39589 0.019662 -0.83941 3.2322
14 0 25 1 0.0015195 -0.7076 0.31244 3.1912
14 0 25 1 -0.87745 -1.1422 -0.74731 3.4955
14 0 25 1 1.4774 0.71007 1.0206 3.6488
14 0 25 1 -1.096 -0.88502 -4.5631 5.6913
14 0 25 1 -0.8691 0.48085 0.53149 3.2946
14 0 25 1 1.1077 0.054842 1.26 3.5218
14 0 25 1 0.355 0.69148 1.9273 3.7288
14 0 25 1 0.70144 -0.19306 0.83862 3.289
14 0 25 1 0.1083 -2.2157 2.1707 4.3838
14 0 25 1 -0.09817 -0.71064 -0.24387 3.1874
14 0 25 1 0.27853 -0.28998 -0.9749 3.2707
14 0 25 1 -1.7788 -1.0123 -0.27735 3.7217
14 0 25 1 0.28849 -1.2677 0.8941 3.4749
14 0 25 1 2.1265 -0.78446 -0.72975 3.9058
14 0 25 1 -0.63715 -0.36128 -3.8097 4.9634
14 0 25 1 1.1335 0.13346 0.55819 3.3465
14 0 25 1 1.2498 1.3922 -0.66932 3.6788
14 0 25 1 -0.94301 -0.26043 0.20113 3.2531
14 0 25 1 -0.31883 0.70341 1.7188 3.6243
14 0 25 1 -1.3269 -0.91481 -0.83021 3.5877
14 0 25 1 -0.91507 0.4493 -1.04 3.4214
14 0 25 1 0.87525 1.3031 0.7018 3.5414
14 0 25 1 0.4575 0.31897 1.0568 3.3186
14 0 25 1 0.12862 -0.14593 1.0028 3.2602
14 0 25 1 0.61112 -0.85175 -0.0055354 3.2687
14 0 25 1 1.2944 0.0667 -0.59378 3.4085
14 0 25 1 0.64619 -1.2009 -1.4411 3.6772
14 0 25 1 0.57522 -0.37391 1.1808 3.3838
14 0 25 1 0.73586 -0.14892 -2.0543 3.7906
14 0 25 1 -0.053133 0.89402 -1.0788 3.3987
14 0 25 1 -0.012215 -1.7586 -0.35123 3.5779
14 0 25 1 -1.5983 0.46371 -0.58578 3.5634
14 0 25 1 -0.7348 0.52409 -0.68069 3.2959
14 0 25 1 1.1023 0.051177 -0.68721 3.3579
14 0 25 1 -0.85326 0.11046 1.3268 3.4765
14 0 25 1 -0.2573 0.45109 0.81952 3.2445
14 0 25 1 -1.2964 0.07606 0.1611 3.3612
14 0 25 1 -0.18018 -0.10088 -0.21856 3.1106
14 0 25 1 -0.3497 0.17551 0.39517 3.1455
14 0 25 1 -1.6958 -2.2875 0.55625 4.243
14 0 25 1 1.177 0.081301 -0.17958 3.318
14 0 25 1 1.0028 -0.99437 0.32049 3.4179
14 0 25 1 -1.066 0.22083 0.058149 3.2823
14 0 25 1 1.7346 -0.3206 -0.7738 3.6463
14 0 2 1 -0.16975 0.47457 -0.67766 3.2099
14 0 25 1 1.8384 -0.61338 0.076812 3.6533
14 0 25 1 -1.1957 0.39345 0.26743 3.3528
14 0 25 1 -0.26359 0.12166 1.0681 3.2879
14 0 25 1 1.9842 -1.0214 -0.77582 3.8945
14 0 25 1 0.66177 -0.48031 0.4259 3.2304
14 0 25 1 3.903 -0.23174 -0.32398 4.9978
14 0 25 1 -0.68846 0.26136 0.31761 3.1982
14 0 25 1 2.0609 1.1082 0.51808 3.9152
14 0 25 1 0.078922 -0.096683 -1.0023 3.2566
14 0 25 1 1.3892 -1.0951 0.092981 3.5669
14 0 25 1 1.1883 1.0891 -1.9946 4.0202
14 0 25 1 0.10316 -0.51203 -2.5933 4.0723
14 0 25 1 0.30227 0.89763 0.028225 3.2378
14 0 25 1 0.33265 0.28633 -0.95634 3.2699
14 0 25 1 0.70141 -0.054757 -0.87423 3.2931
14 0 25 1 1.8463 -0.071446 -0.82727 3.6991
14 0 25 1 1.0237 0.93303 0.46583 3.4235
14 0 25 1 0.36318 -0.32769 -0.87195 3.2534
14 0 25 1 0.085055 -0.38403 -0.30495 3.1357
14 0 25 1 1.1993 1.056 -3.6292 5.0309
14 0 25 1 -0.27197 1.1019 -0.49706 3.3347
14 0 25 1 0.032272 -0.026567 0.82882 3.2053
14 0 25 1 -0.48219 -1.2885 -0.53241 3.4295
14 0 25 1 0.79757 0.79214 0.10748 3.2955
14 0 25 1 1.4539 0.19748 -1.2984 3.6639
14 0 25 1 -2.9562 -1.1118 0.45925 4.4465
14 0 25 1 -3.0752 0.17345 -0.015086 4.3672
14 0 25 1 -1.387 -0.0079743 -2.147 4.0148
14 0 25 1 1.6489 -0.75015 0.35205 3.6043
14 0 25 1 -0.10504 0.43635 -1.319 3.395
14 0 25 1 -1.2491 0.42468 -0.63643 3.425
14 0 25 1 1.5861 -2.1112 -1.3076 4.2741
14 0 25 1 -2.0847 0.37559 0.42051 3.7748
14 0 25 1 3.0044 2.148 1.7029 5.1113
14 0 25 1 -0.33575 0.6349 1.2846 3.428
14 0 25 1 -0.37692 -0.075721 1.9571 3.6828
14 0 25 1 -0.97115 -0.14597 -0.91307 3.3739
14 0 25 1 -0.14349 -0.33897 0.44012 3.1487
14 0 25 1 -0.3895 -0.19141 -1.8346 3.6248
14 0 25 1 0.7178 -0.27126 1.023 3.3497
14 0 25 1 -0.76921 -0.79375 -0.6977 3.3606
14 0 25 1 -0.50844 -2.0392 -1.0359 3.8827
14 0 25 1 2.6721 0.87748 -0.41305 4.2031
14 0 25 1 -0.032537 -1.2011 0.65603 3.3852
14 0 25 1 0.57814 1.2489 -0.018125 3.3881
14 0 25 1 -0.23997 0.3344 -0.1917 3.1291
14 0 25 1 1.1676 -1.2164 0.62474 3.5803
14 0 25 1 0.59086 -0.096217 -1.8743 3.6683
14 0 25 1 -0.6667 -0.18595 0.043516 3.1727
14 0 25 1 -1.5749 0.11993 0.33893 3.4921
14 0 25 1 0.82643 0.89105 1.8182 3.7905
14 0 25 1 -1.8734 0.40078 -1.5046 3.9395
14 0 25 1 -0.87953 0.92054 3.5963 4.9132
14 0 25 1 1.2747 -0.56852 1.688 3.7924
14 0 25 1 0.17609 0.89942 -0.25468 3.2388
14 0 25 1 1.1711 -0.64636 0.22171 3.3799
14 0 25 1 1.2603 0.16497 2.5823 4.2272
14 0 25 1 1.4212 0.24335 -0.40804 3.4396
14 0 25 1 0.065435 -0.2238 -0.40044 3.1305
14 0 25 1 -0.89629 0.34547 2.07 3.8461
14 0 25 1 0.58303 1.0837 0.39467 3.3549
14 0 25 1 0.1583 -0.17865 0.10768 3.1071
14 0 25 1 0.22918 1.6181 0.5543 3.5445
14 0 25 1 -0.31651 2.7296 -0.89524 4.2353
14 0 25 1 -0.20468 -0.58876 1.9286 3.7004
14 0 25 1 -0.25351 -0.46487 -1.637 3.542
14 0 25 1 0.082998 1.6545 -0.26024 3.521
14 0 25 1 0.39981 -0.8018 -0.8453 3.332
14 0 25 1 0.22087 0.67615 0.83033 3.2834
14 0 25 1 -0.70367 1.6824 1.8159 4.026
14 0 25 1 0.88316 0.18586 -0.56489 3.274
14 0 25 1 -2.3756 -0.17806 0.068852 3.907
14 0 25 1 0.40764 1.4468 -1.3464 3.6956
14 0 25 1 -0.88997 -0.46408 -0.28007 3.2667
14 0 25 1 0.54196 1.1315 -2.2142 4.0078
14 0 25 1 1.2336 -0.73597 -1.5398 3.7443
14 0 25 1 -0.90696 -0.29386 0.019006 3.2395
14 0 25 1 -1.5257 0.51217 0.010423 3.4893
14 0 25 1 -1.6861 -0.53167 -0.98671 3.6993
14 0 25 1 -0.4651 1.4571 0.46679 3.4846
14 0 25 1 -0.62014 0.13851 -0.55622 3.2091
14 0 25 1 0.30197 0.33106 1.6408 3.5325
14 0 25 1 -1.0832 -0.39904 0.2012 3.3103
14 0 25 1 -0.2107 0.86768 -2.4096 4.0235
14 0 25 1 -0.18783 -1.2703 -2.1264 3.9693
14 0 25 1 -0.67573 0.12829 -1.688 3.5927
14 0 25 1 0.068724 1.0351 -0.14521 3.2684
14 0 25 1 0.57275 0.37507 1.2528 3.4093
14 0 25 1 -0.086004 -1.4052 -0.90364 3.519
14 0 25 1 -0.26751 0.709 0.64839 3.2527
14 0 25 1 -0.64945 1.3742 -0.41274 3.4736
14 0 25 1 0.45488 1.0918 -0.36629 3.3344
14 0 25 1 -1.5987 -0.019614 1.1333 3.6641
14 0 25 1 0.081157 0.040929 -0.33871 3.1158
14 0 25 1 -0.91925 -0.22075 1.2617 3.4743
14 0 25 1 -0.46989 0.63582 0.13065 3.198
14 0 25 1 -0.44581 -0.20709 0.74008 3.221
14 0 25 1 -0.085483 0.83135 0.44937 3.2381
14 0 25 1 0.68731 -0.40984 -0.66484 3.2661
14 0 25 1 -0.89906 -0.59936 -0.77605 3.3697
14 0 25 1 -1.2023 -0.13368 -0.10025 3.3255
14 0 25 1 -0.48775 1.9874 0.7249 3.7813
14 0 25 1 -0.076363 -0.12162 -0.88848 3.2242
14 0 25 1 0.035998 0.088982 -0.066256 3.0982
14 0 25 1 0.26048 2.0043 1.0002 3.8302
14 0 25 1 1.1447 0.67995 1.4599 3.6728
14 0 25 1 -0.20952 1.7896 2.266 4.2387
14 0 25 1 1.1375 0.7233 -0.66024 3.4407
14 0 25 1 1.0051 0.63918 -1.1901 3.5243
14 0 25 1 -0.33837 0.17646 -0.77212 3.2136
14 0 25 1 -0.33276 -0.42477 -0.45225 3.175
14 0 25 1 0.51298 0.57673 1.8492 3.6879
14 0 25 1 -0.13918 -0.14767 0.27109 3.1145
14 0 25 1 -0.3855 0.14147 0.36353 3.1442
14 0 2 1 1.3098 -2.7764 -4.2762 6.1074
14 0 25 1 0.32242 -1.649 -1.1772 3.714
14 0 25 1 0.33137 -0.37409 2.1317 3.792
14 0 25 1 0.51174 -0.38672 1.6969 3.5883
14 0 25 1 0.20905 0.21781 -0.9559 3.2542
14 0 25 1 -1.6213 -2.2098 1.2125 4.3089
14 0 25 1 0.99312 -1.0724 3.6101 4.9754
14 0 25 1 0.93922 -0.458 0.56519 3.3161
14 0 25 1 -0.62161 0.71794 -0.83021 3.3431
14 0 25 1 -2.4745 0.42135 -0.44697 4.0107
14 0 25 1 -0.22089 -0.47805 0.89103 3.2644
14 0 25 1 -0.1266 -1.104 -1.5417 3.6328
14 0 25 1 -0.077017 0.80106 -0.13036 3.2015
14 0 25 1 -0.52247 0.23567 0.16752 3.1531
14 0 25 1 0.22139 1.3758 -0.13762 3.398
14 0 25 1 -0.22901 -1.6376 -0.69705 3.5784
14 0 25 1 -0.5405 0.85764 0.71103 3.3344
14 0 25 1 0.56722 -0.84495 0.97136 3.4007
14 0 25 1 0.063216 0.19014 0.53744 3.1487
14 0 25 1 1.9098 0.36 -1.6293 4.0021
14 0 25 1 -0.62626 -1.1826 -0.33709 3.3896
14 0 25 1 -0.2456 1.3859 0.97822 3.5388
14 0 25 1 -1.6081 0.71785 -0.70804 3.6315
14 0 25 1 0.32709 1.7613 0.92553 3.6947
14 0 25 1 0.65863 -2.2789 -2.2021 4.479
14 0 25 1 0.16467 0.39425 -1.2178 3.3542
14 0 25 1 0.32977 -0.66112 0.66743 3.2522
14 0 25 1 -0.66472 0.1019 1.519 3.5135
14 0 25 1 -0.34192 0.69392 2.4103 3.9992
14 0 25 1 -1.5031 0.16565 -0.36871 3.4652
14 0 25 1 1.0595 0.41718 -0.43447 3.3272
14 0 25 1 -1.9154 0.493 0.33281 3.6889
14 0 25 1 -0.65118 1.2479 1.3878 3.6732
14 0 25 1 -0.24441 0.3684 -1.9871 3.7053
14 0 2 1 -0.34141 0.20341 -1.18 3.3377
14 0 25 1 0.8358 -0.008209 -0.12253 3.2092
14 0 25 1 -1.0838 0.55635 0.081526 3.3281
14 0 25 1 1.0614 0.91224 -0.54486 3.4411
14 0 25 1 0.29501 -0.043607 1.8886 3.6388
14 0 25 1 -0.426 0.9164 2.0708 3.8594
14 0 25 1 0.90655 0.36456 -1.0083 3.3995
14 0 25 1 0.44124 -0.5316 -1.2473 3.4086
14 0 25 1 -1.3256 0.090164 -1.3923 3.6454
14 0 25 1 0.69996 -0.28842 -0.93236 3.3208
14 0 25 1 -0.45956 1.1574 -0.17773 3.3418
14 0 25 1 -0.25899 -0.31153 -2.0704 3.7465
14 0 25 1 -1.4137 0.10753 0.98199 3.5439
14 0 25 1 -0.22777 -0.37828 -0.32829 3.1445
14 0 25 1 1.0836 -0.18335 -0.42558 3.3127
14 0 25 1 -0.14352 -0.57962 1.6818 3.5736
14 0 25 1 -0.16882 1.2476 -1.3227 3.5944
14 0 25 1 -0.016152 0.69864 0.60864 3.2317
14 0 25 1 0.48364 1.03 1.2665 3.5333
14 0 25 1 2.2341 -1.0702 -1.8743 4.3858
14 0 25 1 -0.64756 1.2898 1.1369 3.6001
14 0 25 1 1.9351 0.75727 -2.4388 4.4555
14 0 25 1 0.30729 0.65477 -1.6571 3.5853
14 0 25 1 -0.2442 1.0581 -0.19699 3.2868
14 0 25 1 0.40047 -0.19292 -1.4974 3.4677
14 0 25 1 0.95768 0.81654 0.37852 3.3634
14 0 25 1 0.0163 0.17743 0.35563 3.1214
14 0 25 1 2.0544 0.43885 0.79579 3.8251
14 0 25 1 -0.94042 0.30506 -0.3084 3.2646
14 0 25 1 -0.26563 -0.40977 0.80377 3.2357
14 0 25 1 -0.86112 0.95443 -0.23686 3.3606
14 0 25 1 0.59181 -0.81776 1.1989 3.4701
14 0 25 1 1.2888 -0.30693 0.47173 3.4004
14 0 25 1 1.8325 -0.58858 -2.1479 4.2312
14 0 25 1 0.57693 0.43942 0.3698 3.2012
14 0 25 1 -0.34055 -0.41422 -0.44409 3.1733
14 0 25 1 0.48681 -0.47576 1.246 3.406
14 0 25 1 -0.56319 1.1569 0.42229 3.3792
14 0 25 1 1.6868 -0.57631 -1.741 3.9741
14 0 25 1 0.69364 1.2771 -2.5433 4.2621
14 0 25 1 0.39654 -0.36711 0.44183 3.1737
14 0 25 1 -0.097435 0.97223 -0.15143 3.2501
14 0 25 1 0.42856 0.42139 -2.4033 3.9651
14 0 25 1 -0.7119 0.26793 -0.14956 3.1916
14 0 25 1 2.0478 -0.99142 0.62972 3.8934
14 0 25 1 -0.54324 0.0032263 -1.088 3.3263
14 0 25 1 -0.30307 -0.41545 -0.46627 3.1729
14 0 25 1 0.015825 -0.055402 0.003845 3.0965
14 0 25 1 0.41503 1.0368 0.23264 3.2995
14 0 25 1 0.136 -1.3466 1.2734 3.6109
14 0 25 1 0.050188 0.86766 0.8548 3.3273
14 0 25 1 -0.65397 0.13398 -0.77239 3.26
14 0 25 1 0.43096 1.6608 0.55315 3.5826
14 0 25 1 0.47597 -0.21211 2.0617 3.756
14 0 25 1 -2.1422 -0.30114 -0.046128 3.7772
14 0 25 1 -1.3834 -2.3648 0.91655 4.2346
14 0 25 1 0.62901 0.71081 -0.91381 3.3647
14 0 25 1 -1.6567 0.56931 -0.38705 3.5783
14 0 25 1 -0.34426 0.19941 1.7364 3.5719
14 0 25 1 -2.5518 0.40888 -1.3096 4.2402
14 0 25 1 -1.3381 1.8198 3.6681 5.305
14 0 25 1 0.34431 0.29062 4.1647 5.2089
14 0 25 1 0.41011 0.2382 0.24987 3.1421
14 0 25 1 1.8302 -0.092118 -0.33488 3.6133
14 0 25 1 0.83977 0.42705 -0.26655 3.2471
14 0 25 1 -0.60279 0.45411 1.0833 3.3658
14 0 25 1 -1.3606 -0.99603 0.70651 3.5955
14 0 25 1 0.80369 0.51263 1.8419 3.7265
14 0 25 1 -0.77678 -0.60918 -1.1194 3.437
14 0 25 1 -1.4069 1.1283 -0.79279 3.6696
14 0 25 1 1.0407 -1.8428 -0.23993 3.7579
14 0 25 1 -1.0197 0.30914 0.16136 3.2782
14 0 25 1 1.1158 0.16069 -1.0815 3.4678
14 0 25 1 0.48165 1.011 1.0672 3.461
14 0 25 1 -0.39156 0.68259 -1.3137 3.454
14 0 25 1 0.076598 -1.7007 0.048832 3.5335
14 0 25 1 0.46919 -0.65312 -1.0417 3.3641
14 0 25 1 -0.026742 1.7561 -1.5847 3.8963
14 0 25 1 -0.86405 0.17881 -0.22548 3.2272
14 0 25 1 0.13566 -0.45756 -1.2471 3.3717
14 0 25 1 -1.9406 -0.012366 -1.5426 3.9662
14 0 25 1 0.15135 -1.4324 0.96589 3.5486
14 0 25 1 2.2258 0.62164 0.28707 3.874
14 0 25 1 -0.75828 0.62216 1.2044 3.4638
14 0 25 1 1.1307 -1.9278 -2.306 4.4607
14 0 25 1 2.3491 1.2862 -0.728 4.1579
14 0 25 1 1.6326 0.27605 -1.25 3.7268
14 0 25 1 0.42826 -0.1803 -2.0789 3.7581
14 0 25 1 1.0881 0.17419 -0.14286 3.2894
14 0 25 1 -0.29544 1.7204 -0.74409 3.6312
14 0 25 1 0.32882 0.41146 1.8735 3.6569
14 0 25 1 -1.0111 -1.0551 0.4545 3.4536
14 0 25 1 1.5635 0.84813 -0.073283 3.5713
14 0 25 1 0.099997 0.11034 -1.6696 3.5206
14 0 25 1 -0.58789 -0.050682 0.15003 3.1553
14 0 25 1 -0.20267 -3.5063 -0.78338 4.747
14 0 25 1 -1.0847 -0.56316 0.18338 3.3335
14 0 25 1 0.75306 -1.2535 -0.23998 3.4324
14 0 25 1 -1.4547 -1.843 -0.97121 4.0052
14 0 25 1 -0.12271 -0.21631 0.39266 3.1307
14 0 25 1 -0.96557 0.045971 -0.4559 3.2753
14 0 25 1 0.47732 0.32701 1.0503 3.3201
14 0 25 1 -0.091789 -0.98486 0.35095 3.2691
14 0 25 1 -0.76167 1.4573 -1.0599 3.6623
14 0 25 1 -0.31771 -0.63796 1.6195 3.566
14 0 25 1 -0.30106 0.43676 0.82194 3.2469
14 0 25 1 1.2383 -0.51667 -0.23669 3.3825
14 0 25 1 -1.0267 0.19124 -1.2199 3.4877
14 0 25 1 1.4882 0.24195 0.98809 3.5826
14 0 25 1 0.70305 1.8864 0.2273 3.6999
14 0 25 1 0.34139 1.5215 -0.21129 3.4729
14 0 25 1 -0.27776 -0.85131 -1.018 3.3799
14 0 25 1 0.73131 -0.025053 -0.66743 3.2506
14 0 25 1 0.096738 -0.11667 0.66158 3.1695
14 0 25 1 0.18167 0.78667 0.44846 3.2308
14 0 25 1 0.24637 0.47928 1.2386 3.3778
14 0 25 1 1.4798 -2.7421 -0.4019 4.4108
14 0 25 1 -1.1015 -0.24179 0.25648 3.305
14 0 25 1 -0.24162 0.26464 0.73011 3.201
14 0 25 1 1.3231 0.10529 -1.5565 3.7107
14 0 25 1 -0.34346 1.1827 0.18147 3.3369
14 0 25 1 1.1815 -0.33063 1.0005 3.4773
14 0 25 1 0.4484 0.043109 0.022317 3.1287
14 0 25 1 1.6486 -2.0582 -2.865 4.9747
14 0 25 1 0.063444 1.14 2.6909 4.2579
14 0 25 1 0.019083 1.6498 1.0408 3.6593
14 0 25 1 -0.26086 -0.28883 -0.60754 3.179
14 0 25 1 1.8047 -0.75933 -0.082274 3.6641
14 0 25 1 -0.062378 1.1077 0.2799 3.3007
14 0 25 1 0.99705 0.1828 1.0172 3.4128
14 0 25 1 0.72373 0.94042 -0.30803 3.3299
14 0 25 1 0.87439 -0.6667 -1.2519 3.5159
14 0 25 1 -0.34916 -1.2848 -0.44848 3.3998
14 0 25 1 0.44207 -0.061913 -1.0033 3.285
14 0 25 1 1.7139 0.2306 0.3301 3.5616
14 0 25 1 0.017725 -1.1358 -0.3657 3.318
14 0 25 1 -0.48593 1.5 -0.32799 3.4898
14 0 25 1 -0.13253 1.1636 -1.3945 3.5919
14 0 25 1 0.10866 0.61462 -0.95289 3.2989
14 0 25 1 -0.79268 0.25005 -2.467 4.045
14 0 25 1 0.75297 -0.65897 -0.55003 3.2998
14 0 25 1 1.3547 0.049036 1.8702 3.8627
14 0 25 1 -0.23427 -0.24863 -1.1043 3.3048
14 0 25 1 0.19728 1.6739 -1.1803 3.7174
14 0 25 1 2.7328 -0.39034 2.7816 4.9943
14 0 25 1 -0.96263 0.99572 -0.64258 3.452
14 0 25 1 0.099809 -1.0325 -2.1403 3.9041
14 0 25 1 1.4363 2.4149 -0.32868 4.1938
14 0 25 1 1.0472 -0.38983 0.41519 3.3176
14 0 25 1 -1.3852 0.53476 1.4734 3.7364
14 0 25 1 1.869 -0.88418 0.023222 3.723
14 0 25 1 0.63668 0.42255 -0.56935 3.2393
14 0 25 1 0.14512 0.022937 1.6396 3.5064
14 0 25 1 0.23707 0.38505 0.58916 3.1838
14 0 25 1 -0.51138 -0.1241 1.1299 3.3375
14 0 25 1 0.41956 -0.16438 -0.58063 3.182
14 0 25 1 1.3335 0.4368 1.2845 3.6337
14 0 25 1 -0.81801 0.74349 1.0262 3.4439
14 0 25 1 0.15703 -0.6759 0.70085 3.2493
14 0 25 1 -0.74472 -1.317 3.3099 4.7781
14 0 25 1 0.53138 0.029452 0.11549 3.1435
14 0 25 1 0.68018 -0.10112 1.1404 3.3703
14 0 25 1 0.011986 1.1652 -0.43898 3.337
14 0 25 1 0.51708 -0.74322 -0.67919 3.2964
14 0 25 1 1.6303 0.71537 -2.576 4.4035
14 0 25 1 -0.12054 0.57714 0.32145 3.168
14 0 25 1 -0.76142 -0.40507 1.4459 3.5242
14 0 25 1 0.50965 1.0156 0.24838 3.3073
14 0 25 1 1.1264 0.20317 -0.77276 3.39
14 0 25 1 0.077105 0.24528 -1.8181 3.5995
14 0 25 1 -0.14715 -0.89906 0.85757 3.3393
14 0 25 1 1.2056 0.65117 1.1962 3.5908
14 0 25 1 -0.28987 0.21356 -1.559 3.485
14 0 25 1 -0.85237 0.34923 -0.61734 3.2886
14 0 25 1 0.72675 -0.24314 -0.36645 3.2104
14 0 25 1 -1.0427 0.252 0.93607 3.4077
14 0 25 1 -1.9658 0.82107 0.29822 3.77
14 0 25 1 -0.4664 1.0776 -0.20766 3.3177
14 0 25 1 -0.2446 0.48771 1.1675 3.3535
14 0 25 1 0.96459 2.0539 0.94845 3.954
14 0 25 1 1.1583 0.48831 0.52894 3.3831
14 0 25 1 0.19863 -0.23959 0.025098 3.1117
14 0 25 1 0.75582 1.5777 -0.29635 3.5684
14 0 25 1 -1.8995 0.28034 -0.95091 3.7651
14 0 25 1 0.28347 1.3345 -1.1692 3.5796
14 0 25 1 0.42279 0.3806 0.60142 3.2048
14 0 25 1 1.2527 -1.303 1.748 3.9885
14 0 25 1 0.12507 -0.9072 -1.0263 3.3878
14 0 25 1 -0.41096 -2.3147 -2.0864 4.4119
14 0 25 1 0.67961 -1.317 -0.7194 3.507
14 0 25 1 -2.1274 -0.94745 0.9558 3.9903
14 0 25 1 0.071575 0.8576 0.58938 3.267
14 0 25 1 0.99271 0.42943 -0.057527 3.28
14 0 25 1 0.10823 -0.13799 -1.4508 3.4236
14 0 25 1 -0.027976 -0.22636 -1.0163 3.2665
14 0 25 1 -0.35227 -0.13082 -2.4528 3.9677
14 0 25 1 0.76461 1.2461 0.28966 3.4361
14 0 25 1 -0.89121 -0.82206 -0.25397 3.3346
14 0 25 1 0.56338 1.482 -0.046097 3.4787
14 0 25 1 0.3172 -2.7948 0.034978 4.183
14 0 25 1 -0.083033 -0.31199 -0.29838 3.1271
14 0 25 1 0.33321 1.469 -0.53042 3.4836
14 0 25 1 1.0079 0.63684 -0.20258 3.3238
14 0 25 1 0.57612 1.0575 -0.57188 3.3708
14 0 25 1 1.5024 -0.019587 -0.47963 3.4746
14 0 25 1 -0.1042 0.25733 2.2236 3.8219
14 0 25 1 0.74922 0.42005 1.4741 3.535
14 0 25 1 -0.16616 0.7777 -0.97705 3.3425
14 0 25 1 -2.0653 0.71707 -1.9055 4.2421
14 0 25 1 1.0113 -0.21317 -0.94866 3.399
14 0 25 1 0.083125 1.9788 0.58417 3.7214
14 0 25 1 0.6864 -1.0233 1.5547 3.677
14 0 25 1 1.0083 0.16522 1.3204 3.5175
14 0 25 1 0.65062 0.84866 0.74735 3.3597
14 0 25 1 0.42247 -0.25859 0.325 3.1522
14 0 25 1 0.1784 1.1642 -0.012511 3.3125
14 0 25 1 0.68578 -0.403 0.75761 3.2851
14 0 25 1 -0.15673 -0.18763 -1.2616 3.3521
14 0 25 1 -0.62937 0.4545 1.2707 3.4355
14 0 25 1 0.42136 0.89513 -3.1726 4.542
14 0 25 1 -0.58958 0.81079 -0.27432 3.2658
14 0 25 1 -0.19116 -1.4213 0.31983 3.427
14 0 25 1 0.74427 -0.11055 1.145 3.3856
14 0 25 1 2.3584 -1.9125 1.9241 4.7442
14 0 25 1 0.75018 -0.99622 1.4608 3.6434
14 0 25 1 1.0819 -1.3151 0.62738 3.5887
14 0 25 1 -0.34638 0.94804 -1.5495 3.6062
14 0 25 1 -0.097878 -0.058556 -0.5839 3.1526
14 0 25 1 -0.42909 -0.1001 2.1434 3.7912
14 0 25 1 -1.6178 1.2494 -1.3896 3.9616
14 0 25 1 1.3596 0.97853 -1.0406 3.6707
14 0 25 1 -1.0564 -0.36745 -0.43001 3.3198
14 0 25 1 -0.60854 0.49485 0.34218 3.2121
14 0 25 1 -0.34714 1.8387 -0.19401 3.6227
14 0 25 1 0.52802 -0.40011 -1.8517 3.6678
14 0 25 1 0.19229 -0.16792 -0.97306 3.2553
14 0 25 1 0.17288 -0.37084 -1.498 3.4636
14 0 25 1 2.1901 -0.37272 -0.19411 3.8156
14 0 25 1 0.16391 0.30889 0.0054507 3.1157
14 0 25 1 -1.6724 0.3059 -0.45083 3.5607
14 0 25 1 1.1554 1.3267 0.95711 3.6873
14 0 25 1 0.30375 1.8941 0.0052955 3.6421
14 0 25 1 -0.58663 0.23144 -0.97235 3.3058
14 0 25 1 -0.52462 0.54985 0.2575 3.1983
14 0 25 1 1.2782 0.21355 1.0548 3.5181
14 0 25 1 0.28403 0.63202 0.40709 3.1986
14 0 25 1 0.36043 0.1091 0.70354 3.1972
14 0 25 1 -0.026429 0.078401 -0.83584 3.2079
14 0 25 1 -0.050377 0.59237 3.0295 4.3722
14 0 25 1 -0.21762 -0.74414 -0.71779 3.2713
14 0 25 1 0.72665 0.64534 -1.2662 3.4832
14 0 25 1 0.60679 0.0058196 -0.32722 3.1718
14 0 25 1 0.29242 0.24603 0.8109 3.2232
14 0 25 1 0.4895 1.0927 -1.7466 3.7509
14 0 25 1 0.40237 -0.49852 -0.69098 3.2362
14 0 25 1 -1.1012 -0.27114 0.28281 3.3093
14 0 25 1 0.2691 0.14956 0.20862 3.1183
14 0 25 1 -0.11896 0.55969 -0.4866 3.1858
14 0 25 1 -0.18633 0.92073 -0.50424 3.2744
14 0 25 1 0.71806 1.0331 0.052164 3.3423
14 0 25 1 -0.23515 2.2658 -1.3754 4.0824
14 0 25 1 0.71714 -0.1286 -0.45391 3.2128
14 0 25 1 -1.4695 0.81167 -0.82777 3.6178
14 0 25 1 0.13343 -0.1887 -2.2314 3.8233
14 0 25 1 0.15007 -0.73998 0.24797 3.1964
14 0 25 1 0.61274 -0.79538 -1.5375 3.5996
14 0 25 1 -0.5572 0.24547 -1.0735 3.3329
14 0 25 1 0.023398 -2.7165 -1.0423 4.2487
14 0 25 1 -0.5338 -0.13036 -1.0495 3.3149
14 0 25 1 -0.32751 1.0002 1.0159 3.4242
14 0 25 1 -0.18003 -0.95702 -0.21162 3.2524
14 0 25 1 0.97717 -1.9253 -0.21145 3.7804
14 0 25 1 -1.5712 0.50262 -1.0773 3.6698
14 0 25 1 -0.43111 -0.77286 0.23163 3.2283
14 0 25 1 -0.94853 0.02655 -0.57662 3.2891
14 0 1 2 1.1284 -1.2843 1.516 3.8485
14 0 25 2 -0.18302 -0.051461 -1.407 3.406
14 0 1 2 -0.39683 -0.4824 -0.47033 3.194
14 0 2 2 -0.04999 0.025642 2.4158 3.928
14 0 25 2 -0.26182 0.44968 -1.4594 3.4621
14 0 25 2 -0.54655 2.1782 1.1831 4.0035
14 0 2 2 -0.44434 -1.5841 2.821 4.5005
14 0 1 2 -0.19678 -0.0096899 -0.0064887 3.1031
14 0 25 2 -0.46998 0.92448 -1.4268 3.5632
14 0 25 2 -0.78048 0.77071 1.1577 3.4826
14 0 25 2 -0.62822 -0.31332 1.3628 3.4547
14 0 25 2 -0.001511 -0.19402 0.529 3.1469
14 0 25 2 1.064 0.62082 -0.043332 3.3324
14 0 25 2 0.050749 -0.60812 0.049162 3.1559
14 0 1 2 -0.061915 -0.30191 1.1138 3.3054
14 0 25 2 0.23393 -0.60331 0.91307 3.2921
14 0 1 2 -0.44611 0.058714 1.9569 3.6908
14 0 25 2 0.052248 0.63426 -1.6006 3.5429
14 0 25 2 -0.53486 0.06932 4.0223 5.1044
14 0 1 2 0.8998 0.78726 0.92303 3.4455
14 0 1 2 0.58673 0.54572 -2.6607 4.1607
14 0 25 2 -0.16157 0.12414 0.17896 3.1079
14 0 25 2 -0.36353 0.16739 -0.52585 3.1657
14 0 1 2 0.93859 -0.091505 0.37582 3.2589
14 0 25 2 -0.47845 0.70614 0.025916 3.2115
14 0 25 2 -1.4253 0.45248 0.44558 3.467
14 0 25 2 0.43322 0.89248 -3.0988 4.4914
14 0 25 2 -0.095922 -1.5952 -3.032 4.6187
14 0 25 2 0.50941 -0.7737 0.35209 3.2507
14 0 25 2 0.48271 -0.4571 1.1199 3.3588
14 0 25 2 0.37825 -0.32245 0.95818 3.2788
14 0 1 2 -0.0047143 -0.42152 -0.047428 3.1257
14 0 25 2 -0.15258 0.46843 -1.1758 3.3482
14 0 1 2 0.82231 -0.42287 0.48625 3.2683
14 0 25 2 -0.89477 -1.1146 -2.0112 3.9589
14 0 1 2 -2.0645 0.20961 1.8458 4.1597
14 0 25 2 -1.8547 -0.37753 -0.16159 3.6323
14 0 25 2 -0.43661 0.34802 1.5235 3.4954
14 0 25 2 -1.0714 -1.0195 2.5591 4.2804
14 0 25 2 2.3578 -1.066 -0.14002 4.0374
14 0 25 2 -0.30537 0.15025 -0.29914 3.129
14 0 25 2 -2.6321 0.50778 0.53649 4.1303
14 0 25 2 0.69236 1.2217 -2.1297 4.0116
14 0 1 2 -0.032404 0.06452 0.15707 3.1016
14 0 25 2 0.53385 -0.93632 2.0329 3.8574
14 0 25 2 0.74689 0.47992 -0.91894 3.3493
14 0 1 2 -1.2902 1.401 -0.35688 3.6531
14 0 25 2 -0.8396 0.074201 1.551 3.5639
14 0 1 2 -0.52039 1.3912 -0.060938 3.4351
14 0 25 2 -1.2573 0.4774 0.38896 3.3978
14 0 25 2 0.17984 0.22086 -0.60015 3.1665
14 0 25 2 -0.048287 -0.10619 -0.10122 3.0998
14 0 25 2 0.16258 0.7613 -1.9611 3.7466
14 0 1 2 0.59805 0.039183 1.2086 3.3779
14 0 25 2 0.52528 0.67272 -1.213 3.4329
14 0 1 2 -0.95327 -1.4325 1.4257 3.8188
14 0 25 2 -0.23532 0.063489 -0.49139 3.1442
14 0 1 2 -1.2367 -0.70527 -0.042711 3.4086
14 0 25 2 0.75998 -0.073304 -0.84872 3.2998
14 0 25 2 -0.57411 0.68527 -1.0337 3.3842
14 0 25 2 -1.6484 0.61573 1.948 4.0591
14 0 25 2 2.9447 0.17923 -0.76204 4.3439
14 0 1 2 -0.27471 0.18678 -0.47899 3.1512
14 0 25 2 0.0016669 -0.61698 0.28395 3.1696
14 0 25 2 0.27749 -0.89597 1.7626 3.684
14 0 25 2 -0.3359 1.2494 0.90724 3.4759
14 0 25 2 0.028552 0.087878 -0.48149 3.1346
14 0 25 2 -0.7268 0.8503 1.16 3.4903
14 0 25 2 -0.49699 -0.97991 -0.58765 3.3373
14 0 25 2 -1.2415 1.1145 -1.5498 3.8432
14 0 25 2 -0.61525 0.29341 -1.6062 3.5539
14 0 25 2 0.0064306 0.68799 1.6211 3.5618
14 0 25 2 1.1382 -1.4591 0.28893 3.6185
14 0 25 2 -0.6701 -1.1789 -1.1322 3.5645
14 0 25 2 -1.9449 0.30828 0.62358 3.7218
14 0 25 2 -0.62297 0.29132 -0.39858 3.1964
14 0 25 2 0.3064 0.52755 0.80435 3.2564
14 0 25 2 0.51325 0.67943 0.81249 3.3122
14 0 1 2 -0.179 0.13163 0.33726 3.123
14 0 25 2 1.0458 -0.18909 -3.0724 4.4894
14 0 25 2 0.10752 -0.85698 4.6624 5.6629
14 0 1 2 -0.62605 -0.58972 0.52331 3.2563
14 0 25 2 -0.51013 0.75493 0.075528 3.2282
